102.0909090909091
104.36363636363636
104.54545454545455
104.72727272727273
105.54545454545455
108.81818181818181
113.0909090909091
105.27272727272727
108.18181818181819
111.27272727272727
107.36363636363636
103.54545454545455
102.54545454545455
104.45454545454545
109.0909090909091
107.0
107.0909090909091
99.9090909090909
88.45454545454545
106.36363636363636
104.18181818181819
96.54545454545455
108.27272727272727
99.45454545454545
105.9090909090909
103.0909090909091
102.0909090909091
101.45454545454545
105.18181818181819
107.45454545454545
108.9090909090909
101.45454545454545
102.54545454545455
100.18181818181819
102.18181818181819
103.9090909090909
108.0
110.0909090909091
102.63636363636364
106.0909090909091
103.63636363636364
108.9090909090909
105.72727272727273
102.54545454545455
96.63636363636364
97.72727272727273
103.81818181818181
106.72727272727273
115.54545454545455
112.0
113.72727272727273
109.54545454545455
110.63636363636364
111.72727272727273
106.54545454545455
109.45454545454545
109.72727272727273
116.72727272727273
107.81818181818181
105.0
110.63636363636364
92.54545454545455
99.18181818181819
98.63636363636364
97.45454545454545
99.63636363636364
98.63636363636364
104.18181818181819
103.54545454545455
94.9090909090909
101.18181818181819
100.72727272727273
97.0909090909091
102.9090909090909
101.27272727272727
94.0909090909091
99.81818181818181
95.0
100.0909090909091
101.0909090909091
99.54545454545455
96.18181818181819
94.81818181818181
99.9090909090909
96.54545454545455
97.27272727272727
103.54545454545455
103.54545454545455
103.54545454545455
97.0
97.63636363636364
99.54545454545455
101.0
102.45454545454545
103.81818181818181
101.63636363636364
96.63636363636364
101.0
100.81818181818181
107.0909090909091
106.45454545454545
105.63636363636364
100.27272727272727
107.27272727272727
96.0909090909091
105.27272727272727
98.36363636363636
103.63636363636364
101.18181818181819
99.9090909090909
