# Filename : TXT_Files/Acq14400sec_004.Chn
# MCA detector ID: 1
# Start time : b'16':b'16':b'40'
# Start date : b'29Sep221'
# No channels : 8192
# Live time : 716303
# Real time : 720000
# En cal factors A + B*x + C*x*x
# A : 0.0
# B : 1.0
# C : 0.00
0
0
0
0
0
0
0
0
0
0
0
0
0
0
0
0
0
0
0
0
0
0
0
0
0
0
0
0
0
0
0
0
1
1
3
3
23
63
221
407
437
440
412
387
421
389
406
434
439
453
419
459
445
442
458
458
472
445
424
461
491
481
458
516
479
519
474
446
478
511
458
470
499
477
513
518
472
500
494
524
528
550
538
540
508
518
545
548
521
508
570
555
531
565
547
593
598
611
576
575
623
590
631
580
606
679
656
664
620
668
691
629
696
644
696
756
698
698
689
814
692
730
749
752
804
821
788
743
754
782
769
747
812
761
819
798
806
845
851
825
831
826
871
838
837
862
850
822
826
833
815
864
810
782
831
788
793
795
805
770
774
766
831
797
751
746
752
816
840
790
768
850
814
791
768
814
770
793
827
797
844
851
796
819
795
807
864
855
831
815
859
873
844
806
886
875
916
923
924
895
934
922
984
984
943
924
1024
934
982
1005
1026
1013
984
984
1022
1050
1075
1081
1129
1061
1110
1163
1083
1102
1110
1165
1139
1177
1171
1153
1130
1129
1140
1158
1192
1215
1160
1208
1200
1190
1259
1256
1252
1262
1298
1365
1367
1301
1348
1241
1283
1370
1367
1381
1340
1397
1360
1467
1444
1393
1453
1457
1431
1448
1506
1473
1478
1505
1587
1634
1593
1625
1630
1673
1612
1643
1713
1709
1675
1733
1752
1687
1792
1739
1842
1843
1861
1776
1888
1904
1876
1902
1899
1892
1805
1921
1944
1943
1986
1999
2016
2003
2048
2012
2090
2072
2072
2129
2033
2147
2215
2161
2205
2220
2188
2297
2154
2249
2306
2149
2272
2345
2349
2302
2225
2284
2402
2365
2370
2435
2374
2482
2464
2468
2376
2348
2481
2485
2478
2658
2597
2613
2499
2599
2622
2678
2636
2657
2663
2698
2696
2691
2686
2730
2740
2745
2845
2815
2890
2963
2833
2977
2884
2832
2959
2964
2944
2951
3029
2966
3031
3145
3049
3037
3161
3164
3071
3137
3132
3139
3182
3140
3234
3270
3257
3277
3292
3177
3309
3248
3400
3275
3361
3315
3276
3261
3353
3292
3448
3330
3365
3389
3313
3286
3286
3272
3345
3299
3361
3366
3387
3317
3278
3232
3254
3316
3378
3326
3214
3326
3198
3221
3248
3187
3230
3195
3143
3287
3195
3272
3175
3130
3171
3234
3190
3185
3204
3171
3293
3200
3188
3275
3129
3109
3199
3205
3158
3206
3218
3283
3185
3212
3219
3311
3124
3159
3151
3181
3106
3203
3267
3156
3140
3201
3259
3249
3328
3149
3226
3072
3285
3238
3204
3219
3185
3096
3141
3264
3295
3146
3305
3228
3238
3194
3216
3132
3199
3101
3219
3128
3130
3229
3079
3105
3163
3152
3125
3200
3044
3078
3057
3092
3163
3070
3190
3165
3110
3084
2936
3132
3103
3029
2977
3051
3056
3137
3081
3062
3033
3012
2987
3072
3144
3146
3046
2958
3042
2994
3000
2996
2946
3112
2934
3097
2944
2924
2998
3009
3033
2950
2986
3017
2941
2967
2909
2889
2862
2995
2948
2878
2898
2887
2914
2850
3001
3011
2849
2915
2954
2837
2929
2858
2942
2947
2938
2900
2891
2929
2854
2834
2885
2940
2930
2900
2994
2911
2906
2859
2823
3003
2911
2858
2884
2946
2800
2934
2785
2874
2824
2782
2855
2785
2837
2909
2821
2804
2718
2785
2787
2855
2847
2761
2766
2759
2707
2777
2905
2778
2796
2746
2799
2880
2798
2785
2765
2761
2811
2802
2708
2707
2824
2833
2782
2816
2714
2769
2779
2785
2751
2752
2740
2638
2649
2717
2679
2788
2684
2708
2683
2781
2662
2713
2656
2713
2649
2687
2681
2637
2693
2669
2761
2708
2711
2670
2663
2571
2665
2670
2621
2693
2611
2660
2654
2657
2618
2619
2641
2593
2640
2627
2632
2538
2643
2629
2589
2533
2569
2607
2593
2592
2568
2632
2645
2599
2549
2478
2527
2562
2507
2597
2575
2598
2462
2520
2546
2503
2546
2514
2515
2485
2537
2560
2488
2359
2490
2416
2438
2437
2503
2384
2421
2386
2413
2423
2522
2432
2436
2428
2392
2350
2374
2392
2354
2331
2394
2345
2307
2305
2358
2452
2323
2317
2343
2366
2252
2345
2364
2354
2333
2264
2274
2357
2319
2287
2298
2356
2259
2343
2348
2275
2285
2352
2315
2242
2262
2347
2285
2300
2326
2285
2233
2304
2168
2197
2250
2240
2260
2259
2255
2235
2336
2318
2256
2211
2240
2300
2257
2219
2308
2210
2227
2173
2208
2221
2203
2159
2175
2150
2139
2145
2204
2133
2277
2125
2198
2140
2179
2184
2140
2252
2202
2137
2147
2149
2074
2100
2085
2148
2111
2119
2093
2101
2129
2039
2151
2089
2078
2023
2095
2087
2094
2126
2045
2045
2022
2031
2097
2014
2083
2057
2090
1958
2052
2041
2043
2017
2050
2093
2062
2074
2035
2009
2108
1996
1979
1924
1956
2063
2089
1958
1984
1926
1856
1999
2007
1991
1962
1939
1964
2010
1935
1928
1921
1965
1969
1922
1984
1976
1910
1917
1915
1909
1864
1947
1929
1974
2023
1922
1885
1942
1875
1870
1782
1861
1773
1965
1856
1834
1845
1861
1899
1865
1795
1890
1882
1780
1874
1834
1834
1790
1764
1777
1781
1850
1815
1827
1793
1823
1829
1785
1774
1777
1818
1811
1786
1829
1809
1698
1747
1738
1837
1767
1687
1828
1890
1768
1759
1771
1755
1813
1693
1773
1729
1772
1789
1737
1834
1718
1730
1711
1797
1730
1781
1710
1727
1741
1721
1784
1770
1677
1767
1713
1783
1719
1626
1761
1788
1703
1802
1778
1690
1723
1725
1619
1661
1719
1698
1693
1662
1612
1687
1758
1715
1645
1698
1647
1620
1683
1644
1687
1738
1679
1673
1681
1570
1652
1632
1612
1635
1680
1711
1667
1632
1757
1603
1642
1621
1677
1666
1639
1590
1560
1582
1603
1567
1610
1612
1587
1599
1551
1611
1491
1669
1567
1573
1601
1612
1634
1525
1512
1577
1514
1505
1541
1583
1614
1583
1526
1526
1516
1535
1566
1561
1551
1510
1529
1462
1535
1494
1513
1483
1491
1483
1524
1487
1456
1461
1570
1426
1460
1417
1421
1428
1404
1421
1468
1471
1500
1403
1497
1460
1465
1423
1473
1430
1391
1441
1447
1406
1408
1391
1438
1408
1431
1334
1374
1487
1380
1438
1413
1397
1337
1373
1380
1390
1352
1396
1394
1365
1379
1389
1425
1390
1355
1356
1330
1354
1345
1383
1329
1403
1387
1357
1352
1342
1338
1347
1330
1398
1350
1378
1310
1374
1316
1348
1321
1339
1345
1345
1369
1264
1291
1338
1324
1280
1301
1330
1294
1293
1343
1355
1329
1268
1296
1324
1218
1296
1291
1299
1274
1371
1299
1244
1256
1279
1325
1248
1266
1237
1275
1257
1240
1278
1305
1222
1240
1251
1215
1262
1271
1281
1236
1289
1232
1235
1246
1224
1211
1263
1291
1316
1279
1253
1275
1235
1262
1194
1227
1249
1289
1202
1207
1239
1242
1213
1245
1280
1217
1224
1209
1249
1227
1226
1234
1266
1259
1269
1236
1167
1259
1275
1363
1263
1257
1213
1240
1258
1282
1291
1226
1236
1260
1243
1295
1289
1187
1210
1249
1307
1270
1286
1233
1267
1242
1301
1244
1246
1178
1283
1276
1295
1288
1314
1295
1232
1320
1243
1320
1325
1301
1359
1281
1299
1321
1338
1251
1361
1304
1280
1367
1326
1273
1283
1317
1294
1304
1260
1343
1329
1320
1256
1317
1318
1309
1332
1267
1339
1275
1246
1300
1293
1293
1306
1343
1272
1281
1255
1282
1288
1306
1189
1244
1232
1222
1299
1233
1197
1190
1226
1288
1199
1235
1171
1160
1262
1186
1147
1228
1165
1111
1177
1180
1216
1179
1151
1141
1094
1149
1119
1111
1164
1115
1163
1132
1085
1140
1103
1062
1133
1126
1101
1050
1081
1076
1063
1044
1116
1113
1107
1052
1017
1015
1022
1008
1043
1013
993
1035
1006
1074
972
974
940
976
999
972
985
1009
968
979
893
944
938
950
963
969
918
907
931
886
901
885
887
900
873
878
892
894
877
925
854
943
946
900
830
842
817
828
847
800
845
824
906
786
886
827
847
843
843
815
846
807
885
843
889
829
849
831
830
833
841
771
853
797
789
841
766
831
813
799
791
843
825
839
805
764
823
851
776
774
816
832
766
757
790
839
764
801
797
791
802
764
768
774
760
788
771
746
818
805
814
821
773
727
800
724
796
780
750
743
737
720
790
743
774
761
743
791
770
780
758
780
748
742
757
751
738
745
744
756
735
765
776
740
790
789
747
751
767
750
731
765
752
750
717
795
708
772
787
792
775
777
727
760
712
736
719
750
712
749
734
730
719
773
742
713
778
783
752
712
758
714
772
758
753
786
722
709
733
728
688
721
700
748
714
724
718
743
769
778
728
681
770
746
752
744
773
729
764
740
737
768
692
736
695
686
748
717
760
760
673
766
679
759
758
693
721
701
736
726
757
733
712
721
717
687
695
662
714
710
678
709
708
678
710
699
688
676
737
720
681
718
681
671
694
697
658
688
687
666
620
684
675
685
664
718
673
700
692
650
711
665
707
690
641
666
661
647
656
676
671
673
650
658
636
623
636
621
642
634
648
657
719
662
668
659
686
630
606
614
621
624
582
603
637
603
606
625
638
611
578
586
621
570
558
580
576
538
552
573
617
589
604
595
579
579
573
599
605
602
605
580
599
570
591
590
558
541
594
530
547
582
541
590
539
546
515
544
501
583
561
525
521
521
591
579
552
522
551
557
561
528
543
559
511
519
557
496
535
511
521
520
549
547
503
547
524
552
515
512
540
519
480
509
553
509
526
511
506
506
570
520
520
557
549
538
571
537
495
501
553
510
496
508
561
536
548
546
546
513
531
567
499
522
542
491
545
532
529
564
517
513
543
524
516
548
535
573
592
531
561
552
544
530
547
541
547
551
536
619
573
559
516
567
587
570
552
566
580
548
594
569
593
567
554
529
582
577
553
578
567
560
604
542
580
528
565
562
538
549
600
579
538
605
567
569
592
630
569
585
599
601
594
581
541
554
566
559
606
581
574
613
555
593
611
560
601
554
609
574
556
576
607
570
623
608
559
582
629
585
563
606
624
611
614
575
585
536
596
603
641
569
563
575
583
595
571
575
577
570
591
587
577
583
576
584
583
597
585
589
604
545
548
568
558
582
523
528
527
554
554
564
563
541
573
544
531
499
530
525
583
536
557
548
521
512
537
500
519
539
500
528
550
552
483
550
573
510
492
513
487
492
526
518
518
538
493
511
500
505
534
482
514
467
517
494
517
497
507
455
509
467
490
495
502
489
467
472
464
451
440
458
424
428
440
471
468
428
417
438
407
444
435
418
439
437
433
443
416
414
442
398
424
431
399
418
393
416
457
404
406
391
389
386
399
382
372
366
366
388
361
396
389
397
368
379
361
377
382
382
361
375
353
367
418
368
366
369
372
373
355
346
355
377
356
376
366
298
351
362
345
365
349
371
377
299
333
355
323
318
279
341
334
364
354
339
326
359
338
350
342
339
374
341
324
344
341
339
337
355
372
331
369
343
342
314
349
342
332
360
333
365
364
332
362
360
381
360
343
308
359
318
359
338
365
331
394
373
335
314
342
387
384
352
373
347
360
354
397
392
393
357
418
408
367
397
411
354
381
411
380
397
385
400
369
372
398
379
383
391
399
407
395
415
419
401
419
432
410
412
403
412
433
437
393
432
412
407
390
395
444
453
416
452
412
434
420
445
448
439
422
437
425
412
478
489
429
441
432
508
423
469
407
455
478
445
454
495
434
458
491
485
482
497
471
487
468
482
460
496
445
467
464
490
469
505
468
491
484
523
498
523
535
515
514
529
524
489
486
543
495
546
527
523
533
488
485
494
488
529
475
524
461
549
498
549
547
514
492
529
547
520
539
507
542
521
551
510
481
506
532
493
487
505
508
528
504
508
518
511
489
504
529
505
516
521
515
507
509
489
490
478
495
510
528
490
505
483
495
519
497
460
506
451
466
492
500
498
512
467
476
486
500
529
434
491
487
483
475
482
470
458
470
486
442
466
418
425
445
426
462
445
409
450
452
431
417
414
432
408
393
361
376
412
424
405
388
418
379
391
390
373
368
356
405
354
392
333
365
339
350
354
352
381
346
330
343
345
349
332
337
318
338
346
354
335
319
332
310
336
323
342
341
271
292
323
309
275
260
302
313
319
309
300
287
293
280
267
287
283
295
262
262
266
292
299
274
281
269
280
255
238
301
242
261
276
289
266
251
261
258
263
275
269
253
231
237
263
246
244
255
248
263
232
255
250
242
231
252
252
250
233
277
232
240
239
290
235
251
233
259
249
244
231
236
219
234
231
231
217
255
233
262
238
229
251
242
254
260
222
250
220
233
232
234
246
219
215
228
254
237
250
260
249
235
274
214
226
257
229
248
239
275
218
226
255
222
226
233
208
239
229
246
260
223
215
211
235
222
244
221
219
261
214
219
237
234
263
207
230
217
214
227
228
218
211
234
220
209
201
239
241
234
264
211
223
250
226
221
231
242
241
235
236
223
235
225
221
230
238
227
226
232
235
227
208
217
222
216
217
206
233
258
214
219
229
203
236
231
216
214
202
219
218
215
235
214
243
233
206
200
233
223
219
213
193
247
238
213
218
215
213
227
210
214
223
225
231
248
230
237
208
226
233
225
215
206
207
216
191
192
227
221
234
226
229
213
230
198
202
248
221
209
224
210
228
200
217
232
214
208
195
238
218
216
216
214
228
239
230
203
236
206
209
223
210
232
220
196
211
218
233
206
220
219
218
226
209
200
208
220
217
205
256
207
227
213
190
214
216
224
187
223
225
186
230
213
226
221
203
236
215
189
204
223
196
225
244
217
212
215
216
225
204
205
202
213
186
222
193
210
199
195
203
226
217
210
201
215
213
220
196
243
235
221
220
203
203
214
220
215
213
203
213
222
203
226
204
220
223
229
211
248
228
212
216
233
216
222
208
264
211
209
241
218
205
221
200
241
230
233
229
212
213
219
210
224
200
178
236
228
225
218
229
222
220
229
224
213
207
207
213
218
206
208
193
180
246
210
220
195
236
215
242
209
247
204
206
218
188
208
216
216
242
230
241
232
218
191
196
230
248
234
183
201
216
220
184
226
215
197
179
204
218
193
192
183
241
217
216
200
198
209
199
175
233
210
198
196
210
216
183
199
211
183
222
199
205
197
200
220
203
194
206
235
215
193
206
197
193
203
187
211
209
209
219
195
193
197
195
225
200
193
213
206
189
184
199
203
191
200
193
223
172
184
191
177
197
189
158
189
188
173
204
180
207
212
174
174
190
191
181
195
164
193
189
166
182
173
196
185
177
181
208
172
196
195
202
171
187
196
180
202
203
181
184
174
198
217
179
198
176
181
192
168
165
186
162
191
186
155
192
169
158
186
162
177
149
172
162
179
200
169
167
188
173
160
187
172
205
170
196
182
170
199
211
174
161
192
177
180
187
179
163
170
169
167
174
207
201
199
177
169
170
167
176
171
174
186
189
167
190
179
180
176
193
190
175
168
190
147
162
164
180
181
186
191
162
180
167
186
171
176
169
183
183
161
170
173
190
186
171
175
174
170
201
168
201
193
190
174
194
189
194
190
174
161
194
171
194
175
193
195
196
178
214
193
181
201
176
182
180
160
184
187
171
194
204
206
199
184
182
199
211
207
203
193
199
193
179
183
186
183
192
192
196
207
205
203
192
184
191
187
191
220
196
201
192
201
212
211
211
213
211
235
193
185
203
224
208
218
229
216
214
226
205
200
200
183
203
232
221
194
242
225
202
236
230
199
220
231
219
215
209
206
233
204
228
229
237
236
214
242
206
247
206
219
223
259
259
215
241
256
220
237
248
226
252
214
241
253
215
204
240
241
230
251
250
238
215
250
259
229
232
256
247
240
232
218
257
242
245
268
269
243
245
241
248
260
241
245
285
268
235
264
265
229
248
242
236
259
258
250
257
244
253
225
255
255
267
250
250
264
209
268
235
272
263
235
267
255
235
257
267
269
251
272
267
243
270
242
264
257
275
262
286
279
273
257
261
294
280
275
286
252
276
257
262
275
256
253
279
255
274
261
250
255
248
261
258
280
261
259
278
274
286
260
261
295
269
274
296
240
268
283
254
250
256
250
233
276
291
280
255
249
271
269
246
266
288
265
289
272
266
254
271
252
278
276
266
273
285
261
266
281
263
263
271
264
240
267
268
280
273
226
289
282
230
253
292
246
259
249
221
252
267
259
246
207
266
245
252
275
247
215
271
255
235
222
236
256
246
245
251
248
253
223
249
232
252
236
206
254
228
243
220
240
240
239
248
225
217
219
224
215
217
221
203
210
243
234
206
237
223
213
237
209
222
201
229
214
214
208
234
210
226
201
215
200
215
206
210
206
206
224
227
202
196
192
191
188
219
195
201
177
199
172
184
177
180
206
186
178
176
196
189
186
171
194
160
195
167
158
180
168
173
173
156
195
201
153
169
167
150
180
165
162
150
180
166
188
178
183
158
169
160
146
163
157
170
163
157
171
155
174
153
177
148
167
165
146
153
143
116
127
162
145
147
119
164
145
140
135
155
122
134
137
148
116
135
132
133
143
132
128
131
142
153
126
114
140
115
130
136
139
145
146
129
135
123
117
115
127
131
126
108
137
118
135
123
129
119
114
134
126
109
117
138
115
123
128
117
113
120
117
119
126
113
100
126
130
132
115
117
120
113
115
111
112
121
108
95
115
117
122
114
109
135
129
121
116
116
108
115
117
116
95
113
104
115
122
95
116
121
133
124
116
118
117
105
89
113
87
132
104
97
103
114
112
137
118
107
131
121
116
101
127
103
97
114
116
96
116
106
124
119
106
119
91
116
110
104
112
111
118
101
117
99
118
110
105
102
111
104
103
122
106
128
93
105
110
105
109
91
109
109
121
92
113
116
116
113
104
106
108
107
94
103
109
113
121
84
112
95
121
96
107
114
115
82
97
97
111
126
109
120
92
102
113
93
104
110
113
114
102
92
103
97
92
103
103
101
98
83
115
129
103
95
85
104
107
115
109
89
117
103
90
109
110
107
99
108
114
99
106
85
112
112
101
111
106
112
98
118
94
99
112
118
102
85
90
111
109
110
103
110
113
95
96
100
98
92
94
118
103
129
91
93
103
91
114
111
109
99
97
103
109
100
107
79
90
79
89
114
93
93
109
94
100
103
126
100
112
89
95
99
89
114
109
82
111
84
102
98
92
102
97
96
139
98
101
97
89
113
100
117
118
87
104
98
107
90
83
85
108
98
110
101
88
89
94
104
96
118
108
87
100
106
107
95
93
110
94
101
92
100
104
96
107
114
94
89
92
97
109
83
126
95
96
94
79
97
96
119
108
117
94
113
111
102
92
108
90
80
100
101
96
121
113
104
89
91
99
99
104
112
93
92
114
103
104
108
103
96
108
102
100
99
87
89
86
96
97
97
96
95
95
96
99
82
92
92
115
79
105
84
118
91
93
109
103
101
86
97
94
101
100
105
111
112
119
98
111
100
127
94
111
109
109
125
101
98
100
112
96
108
104
105
95
91
106
110
109
98
115
82
107
97
110
93
115
105
105
112
123
101
101
113
85
84
117
123
97
116
88
105
105
107
97
95
88
87
124
65
102
109
100
104
94
91
103
108
103
102
86
92
87
102
99
109
94
101
110
116
95
116
103
106
96
101
108
90
100
110
89
87
109
96
94
97
103
91
108
84
108
116
97
89
86
104
85
100
86
111
96
114
97
101
100
84
91
88
85
105
100
96
107
88
98
101
82
93
108
95
91
78
101
82
105
106
96
96
91
100
108
89
83
103
84
103
102
103
94
104
90
94
96
87
108
93
84
94
110
102
101
78
89
89
84
94
96
109
110
110
100
87
112
96
97
101
88
89
96
101
84
94
99
94
82
89
88
108
89
87
96
79
113
90
109
116
89
91
82
107
94
85
101
95
94
85
76
99
93
109
87
87
119
105
81
105
90
99
103
72
103
90
106
116
111
110
91
96
83
100
89
97
104
126
97
100
95
88
96
93
107
85
93
105
97
96
105
72
90
92
106
114
87
94
108
84
85
101
95
91
86
112
99
84
104
85
76
101
82
103
106
99
97
90
105
82
68
88
95
111
106
95
90
77
86
74
98
91
99
96
93
87
90
107
103
94
83
81
97
86
119
97
81
86
95
95
106
91
94
96
88
111
81
103
109
83
89
80
93
112
107
92
80
94
94
97
88
66
84
99
90
93
118
91
109
101
94
80
86
84
97
92
98
105
95
120
76
87
92
105
103
95
102
87
101
99
75
85
95
86
105
91
102
85
82
91
104
78
99
88
92
90
83
104
91
90
72
93
81
88
105
87
97
89
104
100
98
91
97
97
92
99
69
89
90
80
86
80
95
98
81
83
85
96
90
106
89
88
98
86
92
89
76
102
93
67
80
90
78
85
78
77
76
83
96
87
79
81
101
78
75
84
94
90
60
97
86
91
111
86
83
73
96
97
85
92
108
87
80
76
83
95
64
75
95
76
76
91
87
85
81
91
81
84
71
91
83
78
102
73
76
97
94
86
82
85
87
75
81
86
77
77
70
83
73
80
81
71
82
84
77
91
82
86
87
63
85
90
78
76
91
75
81
96
74
82
92
92
76
64
82
76
94
73
86
86
78
63
74
83
90
78
65
89
71
83
68
82
79
90
86
67
78
84
81
79
61
80
68
73
68
64
84
77
75
76
67
79
85
70
75
66
64
55
59
70
76
95
68
70
71
88
76
84
57
89
79
74
77
83
79
67
72
74
58
71
70
69
82
70
68
96
82
69
70
79
70
69
71
87
68
78
78
78
97
81
80
91
78
89
69
82
85
94
87
65
66
91
70
66
88
77
79
77
82
69
75
76
71
72
77
84
68
61
69
88
76
70
73
71
76
92
73
69
75
76
73
82
77
62
83
80
67
69
62
66
77
66
65
62
82
97
63
66
83
84
87
71
66
87
65
77
61
81
68
78
88
74
82
77
78
68
66
71
62
63
73
77
78
58
74
64
64
68
66
63
78
73
71
76
76
79
68
61
77
75
68
76
88
57
81
82
83
65
62
63
64
74
62
53
85
83
76
73
73
73
76
68
67
60
65
79
70
80
70
83
79
81
74
78
79
66
68
86
66
73
85
79
78
81
85
78
76
84
72
73
79
85
71
76
78
76
69
80
67
78
65
79
75
51
74
74
76
81
53
81
70
65
67
79
72
73
78
87
80
83
77
76
61
79
84
67
77
81
75
81
76
75
65
81
70
98
65
79
61
86
61
77
75
87
76
77
86
65
80
83
65
63
61
90
84
64
83
75
77
73
81
63
93
67
90
80
70
66
70
71
87
58
92
87
73
82
78
77
79
79
66
54
68
87
68
81
94
71
69
96
96
93
81
77
69
97
93
75
94
77
86
70
85
91
93
72
79
71
89
93
80
100
75
77
82
95
83
93
84
108
88
96
81
82
90
90
83
92
76
65
73
75
71
66
77
91
86
74
79
79
72
89
90
84
85
74
101
86
95
95
92
82
68
92
91
86
78
75
87
75
102
78
110
90
68
95
91
74
76
81
86
109
93
88
78
98
83
88
72
88
91
78
96
101
91
85
87
98
90
78
86
91
94
95
91
105
114
89
100
88
93
84
102
106
111
87
85
103
117
85
92
99
98
84
102
116
78
101
110
105
95
86
79
93
83
85
88
84
90
104
101
91
83
95
93
85
85
90
103
92
99
110
92
101
104
92
110
103
78
97
99
107
106
79
97
100
112
96
79
100
89
94
100
89
84
115
98
101
107
118
108
103
112
111
101
79
90
100
110
74
107
96
107
116
92
78
95
88
95
100
96
101
96
104
115
101
106
93
95
102
94
84
93
99
103
97
105
93
103
77
80
97
104
81
91
110
90
115
92
93
95
86
96
99
75
80
97
95
94
113
93
89
95
98
80
79
96
94
92
78
89
88
106
95
76
96
97
84
102
74
96
83
87
71
78
102
67
87
78
78
84
84
76
67
83
90
87
87
84
74
93
83
95
85
95
80
93
76
71
86
94
79
82
75
91
106
96
106
88
91
88
82
82
81
76
85
84
91
89
86
86
90
83
71
91
71
72
96
65
91
74
92
90
71
93
79
69
71
79
67
87
85
74
77
91
88
74
83
77
80
83
98
86
84
75
87
64
88
89
62
97
95
80
78
84
77
105
71
87
78
65
74
87
72
98
75
89
88
82
85
74
80
83
77
76
99
82
84
80
75
76
89
76
72
70
82
80
83
80
73
79
73
82
87
72
70
96
90
91
75
86
79
75
86
71
86
88
93
96
86
71
103
76
78
89
73
82
66
88
85
81
63
71
72
68
67
82
67
81
67
83
76
67
79
77
91
77
91
80
75
76
79
79
92
64
70
79
84
71
66
74
75
76
82
71
90
67
87
88
79
74
74
92
87
88
70
55
88
69
75
69
74
63
65
72
61
65
61
60
66
86
74
80
89
60
75
73
81
64
73
80
77
68
66
73
84
72
77
65
76
70
66
76
55
70
86
77
83
65
72
64
80
75
77
82
81
65
67
69
78
67
74
91
71
78
57
57
64
71
66
63
60
69
49
69
81
58
72
63
58
57
77
65
68
64
65
72
57
56
69
46
52
55
56
63
63
60
68
60
74
70
53
46
61
66
71
63
67
43
61
56
62
71
55
51
68
53
62
69
66
63
51
61
63
52
58
45
55
52
54
64
57
53
57
56
65
41
53
52
69
63
53
66
56
61
53
49
44
65
57
62
58
58
53
43
59
58
46
43
52
53
41
47
43
54
59
51
51
58
41
46
50
48
45
56
46
52
51
62
45
45
51
47
51
43
45
40
42
44
58
54
36
51
59
51
33
53
58
35
45
45
45
47
56
50
61
53
49
61
35
49
40
45
53
52
40
51
53
60
52
46
59
58
59
33
53
41
41
44
46
38
36
53
60
49
44
39
33
51
33
51
50
62
39
47
42
50
41
55
48
30
41
53
50
41
47
41
46
41
45
47
44
37
36
42
43
52
42
41
53
46
46
27
42
41
44
53
46
47
44
29
40
42
38
52
40
53
38
41
45
38
45
40
54
45
40
49
49
42
44
37
42
39
30
37
49
41
42
39
39
38
38
36
37
38
51
46
36
35
44
40
52
46
48
41
46
53
37
59
52
45
37
47
43
37
37
40
47
39
39
42
35
41
40
51
37
45
40
39
43
50
59
41
49
41
38
37
43
45
39
42
35
42
39
40
29
44
66
34
48
47
37
43
39
33
55
42
42
53
59
42
44
41
50
38
42
47
44
41
41
44
33
36
47
31
45
36
45
41
54
58
48
39
44
57
35
40
42
44
40
45
38
48
38
47
43
35
44
46
40
38
44
45
44
53
49
38
46
47
48
32
45
43
35
45
49
32
39
53
43
31
50
45
34
40
42
49
36
55
49
57
38
42
49
51
44
55
47
46
46
39
54
47
48
44
44
44
48
45
54
43
38
47
48
38
42
50
52
40
57
30
42
40
53
36
51
52
46
49
50
44
44
37
45
47
33
57
43
52
31
48
39
34
42
43
48
33
40
59
48
39
45
41
44
38
53
49
37
45
48
39
33
54
55
46
36
45
44
63
41
50
43
48
56
49
46
44
70
45
46
48
40
43
41
58
55
44
47
40
54
54
52
42
47
48
44
43
61
43
48
38
52
53
51
49
50
49
47
47
56
54
52
53
52
53
51
51
52
49
47
46
46
56
45
54
44
52
47
52
48
45
53
62
62
41
50
53
38
54
49
67
62
51
51
61
68
58
46
42
42
46
45
58
48
38
45
56
43
45
58
42
48
60
51
54
49
47
49
56
53
48
43
57
60
58
40
57
67
52
47
63
48
48
45
59
56
56
57
69
52
57
51
47
53
69
61
56
53
55
53
46
59
57
54
57
56
53
61
60
57
49
60
65
46
51
44
42
60
54
38
60
70
68
54
72
63
64
68
57
48
47
61
49
63
60
71
68
68
64
68
46
59
56
65
60
43
53
69
54
72
64
68
66
63
66
62
73
55
68
59
60
67
61
54
62
66
59
60
63
76
61
76
64
61
73
49
60
59
44
65
54
53
65
48
52
60
61
70
68
60
49
80
58
54
59
57
53
64
63
52
62
61
50
65
65
62
73
66
52
69
60
62
44
53
58
75
65
65
67
50
57
64
68
61
42
58
54
64
57
62
42
53
60
65
59
63
57
64
61
66
54
63
52
61
52
56
62
51
63
64
58
70
52
51
44
67
54
64
60
49
64
60
58
60
51
65
48
62
43
52
50
49
61
57
60
58
57
61
59
49
55
58
62
60
49
60
65
67
44
68
48
55
55
50
62
58
48
57
57
49
45
62
59
51
60
40
48
64
48
47
54
52
54
69
63
61
47
59
51
44
51
52
53
52
56
60
51
47
55
43
54
60
61
55
62
53
54
48
53
60
53
52
48
43
51
53
48
47
51
42
42
41
57
66
58
48
49
48
67
46
55
47
49
57
60
55
63
43
41
59
46
44
57
38
49
45
44
46
46
49
43
44
42
46
51
54
47
40
47
48
40
44
43
46
44
30
33
49
44
45
47
51
51
45
54
47
49
47
55
45
48
57
47
41
44
38
48
48
49
40
36
46
49
49
40
38
39
42
47
44
58
39
34
39
52
45
42
51
34
42
45
38
44
47
41
45
46
50
41
46
54
44
51
41
43
38
33
38
36
47
47
37
43
44
45
35
43
33
40
37
50
39
42
33
32
45
29
32
33
32
50
36
43
31
34
41
41
41
42
40
30
35
32
48
34
39
33
39
33
50
38
41
40
44
39
45
31
33
38
44
31
40
41
39
35
34
40
35
36
40
33
46
39
37
32
34
45
29
48
31
43
38
27
30
31
40
33
47
39
32
28
46
42
38
37
40
43
33
37
51
36
41
44
25
32
31
46
22
35
36
32
35
34
57
44
56
36
44
32
40
29
35
29
30
37
31
39
38
26
36
38
29
36
35
34
27
31
39
41
40
40
38
33
35
30
50
29
44
35
28
36
34
49
41
40
40
31
26
40
27
37
22
34
36
33
36
39
41
30
37
38
30
35
23
37
37
37
45
37
32
29
41
40
37
37
22
34
42
41
26
40
34
37
39
21
42
35
31
48
29
37
35
34
44
34
32
30
47
37
36
41
36
30
26
31
30
40
28
36
34
41
42
24
37
33
25
45
40
38
40
36
34
29
29
37
46
36
39
30
36
37
32
38
34
36
35
37
38
26
28
38
28
30
43
37
43
35
25
42
31
39
42
36
36
31
45
33
33
33
32
40
24
43
46
34
23
38
42
43
31
30
39
38
39
32
42
36
35
33
40
45
41
26
37
31
28
30
40
48
35
40
31
50
39
43
41
32
31
32
52
42
35
53
48
42
33
37
36
35
41
42
34
42
39
38
37
35
40
29
28
31
31
38
43
41
29
37
37
37
40
40
32
32
35
41
42
35
36
34
34
40
32
40
35
35
35
34
39
42
33
47
42
49
35
36
36
41
36
24
34
22
32
39
32
33
37
32
41
35
49
34
32
42
30
37
28
39
33
34
28
40
43
33
34
45
38
32
37
32
34
40
43
29
36
34
34
28
29
38
32
25
35
27
33
45
32
44
35
40
35
35
30
30
44
37
28
33
35
41
35
25
36
40
33
39
33
34
37
32
39
45
39
41
26
42
21
35
30
36
43
33
33
43
31
36
29
37
23
38
28
40
27
41
29
28
40
42
41
32
35
31
40
40
35
46
35
38
36
40
32
33
32
40
41
34
26
35
40
41
28
25
33
28
32
37
34
40
28
31
44
31
31
32
26
24
26
33
36
44
42
37
32
38
35
34
32
20
34
35
29
23
39
25
33
26
30
31
34
32
35
31
27
31
29
33
36
23
26
40
33
31
29
28
40
43
26
24
42
29
32
33
21
27
37
39
31
21
38
31
32
26
25
34
30
36
33
32
32
30
32
28
31
27
32
23
36
24
33
40
47
32
30
32
27
30
26
39
28
34
33
23
33
29
29
25
28
25
27
26
28
24
30
24
34
30
29
27
28
22
35
36
26
34
32
22
34
23
24
23
36
35
24
27
31
31
26
24
27
41
20
29
25
18
38
26
25
33
23
26
28
28
34
19
30
29
24
25
28
25
21
20
18
25
25
20
26
25
26
24
31
29
32
24
30
28
25
29
22
28
24
26
30
25
24
31
17
26
29
25
26
35
20
27
21
24
32
27
25
20
31
18
17
48
26
35
35
32
28
28
23
26
36
25
26
17
23
19
19
30
28
21
28
30
19
19
28
23
26
23
28
22
26
27
29
24
29
21
18
23
20
21
27
26
23
24
24
25
33
38
28
27
24
37
32
20
30
23
24
23
23
20
26
32
31
29
25
24
20
26
30
28
28
17
27
31
19
28
23
29
18
31
25
28
23
22
47
33
22
26
25
31
22
32
27
32
30
26
29
23
19
24
40
27
32
18
24
26
24
23
20
30
21
22
32
28
26
24
18
22
10
29
27
24
27
33
26
33
26
24
20
20
33
31
32
23
25
31
29
27
21
25
28
31
25
33
36
28
22
20
27
20
25
31
33
29
22
21
33
22
29
23
37
23
39
27
26
27
32
34
34
28
23
35
37
28
32
27
24
33
37
17
33
35
25
29
25
23
27
28
32
24
33
25
33
35
30
32
39
31
17
25
31
20
26
42
31
34
27
29
22
29
20
27
34
26
29
27
28
35
31
24
27
31
27
25
34
22
30
23
22
34
29
34
22
32
29
24
23
25
27
37
24
30
31
18
30
26
22
26
29
41
30
30
30
18
37
27
30
32
36
33
28
33
22
30
37
29
22
42
35
34
31
35
29
26
29
27
36
37
27
31
36
21
20
31
30
26
26
29
32
35
19
21
23
35
36
22
38
29
36
32
40
37
19
41
22
38
36
27
28
38
32
27
27
33
32
36
34
33
20
33
39
41
40
31
26
36
30
33
36
33
36
27
35
35
27
39
38
26
38
39
33
30
37
31
28
32
33
25
32
29
35
39
34
32
30
39
29
36
29
34
34
26
29
36
26
36
33
29
35
37
28
34
27
25
30
46
28
30
33
48
26
34
27
39
33
32
38
30
32
36
35
26
45
36
20
30
37
27
42
38
35
32
38
25
38
39
34
31
38
35
25
42
30
30
26
33
35
32
24
31
33
36
34
26
28
24
36
32
29
38
30
29
50
28
30
34
40
28
26
39
47
38
37
28
51
45
32
37
36
34
29
33
44
29
32
37
42
39
29
30
26
49
39
39
32
44
35
30
32
35
31
28
54
41
34
35
31
36
40
29
33
32
40
33
37
30
31
50
38
40
37
42
42
35
30
36
34
46
40
35
29
34
41
34
37
36
42
38
39
40
27
29
43
50
36
40
37
37
46
38
36
40
32
40
28
33
33
32
32
50
42
39
42
42
44
23
36
39
40
36
42
41
54
40
48
37
36
39
39
31
38
38
34
54
46
36
30
38
38
36
48
41
38
26
38
47
51
50
31
40
48
32
44
33
34
31
56
49
33
40
44
53
42
45
38
38
35
39
45
31
48
55
40
45
45
43
47
46
43
31
44
42
48
49
45
49
42
46
42
46
40
39
48
44
51
47
49
55
42
33
43
72
47
47
48
35
46
45
52
48
44
53
42
44
48
41
31
26
58
36
46
55
47
48
59
41
52
56
53
45
58
39
48
57
45
46
32
54
56
48
50
57
48
54
42
46
49
53
60
61
55
41
55
44
48
47
68
46
52
55
51
39
50
49
54
62
39
61
52
50
49
52
59
55
59
53
49
64
61
46
62
40
46
56
66
51
52
62
56
48
53
65
64
64
46
66
47
69
46
55
69
60
55
60
64
54
49
55
57
65
65
61
62
66
48
47
54
52
59
67
59
50
67
57
63
62
51
44
52
53
59
53
64
62
59
63
62
58
61
57
64
61
65
66
54
62
57
65
64
61
53
60
54
52
42
66
62
54
51
61
66
63
75
61
64
59
62
63
56
68
69
56
53
63
51
58
48
58
68
72
67
66
63
74
64
64
61
48
48
52
63
44
65
66
50
62
58
58
65
49
60
51
64
57
51
54
60
55
61
59
57
57
59
62
59
54
48
48
53
51
65
56
65
54
49
60
53
66
53
57
59
53
72
45
58
63
61
51
44
54
51
53
54
48
44
60
67
67
59
55
54
54
55
57
46
42
44
49
51
62
50
55
55
54
45
48
44
49
54
56
50
48
53
49
44
54
51
55
47
55
63
43
41
52
52
51
47
33
57
44
50
35
50
41
54
55
52
47
44
39
50
52
47
50
39
49
41
40
50
44
67
46
50
58
51
40
38
42
51
40
49
56
48
53
38
37
49
32
58
30
38
24
41
47
42
43
48
40
40
38
35
46
44
24
41
29
47
42
46
40
31
38
34
35
30
41
40
47
45
42
48
37
27
37
46
41
38
41
29
39
34
33
36
37
31
37
31
39
30
29
44
41
23
34
34
27
44
38
27
32
43
34
35
36
29
29
32
39
28
49
32
37
35
35
25
32
31
21
31
32
37
31
30
41
35
27
25
33
20
23
26
32
28
38
29
35
28
29
28
29
38
30
27
27
23
26
23
27
30
35
27
31
24
29
24
33
26
34
20
18
21
28
23
18
24
32
19
21
18
24
21
14
29
22
22
23
21
16
26
25
24
19
31
17
32
18
23
21
22
22
20
24
33
18
19
21
29
19
19
29
29
18
21
22
20
18
22
21
30
15
13
18
27
24
24
20
29
25
27
13
18
19
25
28
24
27
19
15
16
24
20
21
21
15
25
11
26
18
18
18
17
11
17
27
21
22
17
14
22
16
28
26
15
25
19
24
17
21
22
22
16
16
21
16
19
19
19
22
15
13
21
21
8
17
22
22
17
16
16
17
14
21
21
22
14
47
77
71
76
81
86
84
74
91
66
72
85
82
72
90
85
61
75
104
59
83
80
90
88
68
67
75
82
61
86
70
80
83
69
80
73
61
68
74
71
77
54
72
83
64
49
58
80
66
57
85
69
75
74
66
64
70
72
58
70
67
60
65
63
60
70
46
75
65
56
57
67
78
50
64
65
67
63
70
67
61
67
67
59
59
72
70
58
56
62
67
50
53
56
47
54
59
60
73
55
64
50
51
69
58
53
52
60
51
57
61
58
54
64
70
54
56
54
59
57
49
63
55
56
55
54
38
51
68
41
45
46
60
52
52
45
56
51
40
45
37
56
52
43
52
46
41
45
54
54
48
59
56
50
52
41
55
45
63
63
49
42
39
44
52
51
47
53
50
42
55
47
43
39
41
44
45
44
43
54
43
37
48
38
27
