# Filename : TXT_Files/Acq14400sec_033.Chn
# MCA detector ID: 1
# Start time : b'12':b'12':b'39'
# Start date : b'04Oct221'
# No channels : 8192
# Live time : 716378
# Real time : 720000
# En cal factors A + B*x + C*x*x
# A : 0.0
# B : 1.0
# C : 0.00
0
0
0
0
0
0
0
0
0
0
0
0
0
0
0
0
0
0
0
0
0
0
0
0
0
0
0
0
0
0
0
0
1
0
5
3
8
61
216
333
375
406
398
401
420
372
397
445
417
415
444
412
415
449
464
485
428
439
466
451
449
439
474
494
494
488
472
440
480
498
483
457
479
497
504
478
497
525
475
484
502
472
496
501
476
549
523
525
504
517
526
559
528
558
572
602
554
574
594
540
579
581
621
619
612
618
661
615
652
678
615
703
692
648
680
701
654
723
686
717
737
697
712
700
718
736
763
725
754
779
814
785
801
769
829
839
740
827
798
812
803
810
837
825
874
856
839
858
729
832
779
758
784
789
812
794
752
800
793
803
770
781
809
774
753
782
780
739
825
742
788
765
782
780
785
784
776
782
779
758
787
824
815
799
793
806
828
830
787
802
891
823
892
842
864
931
831
885
886
954
886
928
924
921
946
983
1003
975
1006
976
992
959
1002
1032
1066
1063
1025
1067
1047
1021
1123
1040
1095
1126
1058
1113
1117
1126
1156
1171
1131
1119
1186
1179
1234
1211
1207
1208
1181
1216
1215
1289
1295
1285
1288
1280
1240
1291
1336
1367
1316
1304
1355
1389
1374
1455
1432
1397
1450
1461
1457
1455
1429
1591
1536
1575
1522
1541
1605
1584
1589
1610
1622
1668
1596
1575
1682
1629
1673
1740
1757
1744
1704
1761
1737
1785
1768
1808
1813
1882
1798
1868
1941
1848
1901
1920
1867
1953
1962
1960
1965
2081
2061
2093
2084
2085
2098
2120
2083
2168
2104
2184
2190
2124
2126
2168
2162
2218
2226
2273
2236
2310
2261
2379
2304
2379
2364
2354
2332
2517
2415
2481
2429
2481
2433
2446
2412
2442
2483
2511
2585
2497
2616
2517
2551
2609
2567
2590
2594
2734
2626
2695
2649
2671
2794
2770
2778
2706
2760
2759
2793
2932
2912
2990
2915
2833
2982
2924
2943
2989
2887
2982
3075
2927
2991
3100
3078
3101
3125
3197
3207
3131
3139
3170
3224
3277
3269
3337
3192
3283
3261
3313
3297
3343
3336
3390
3314
3252
3290
3215
3300
3175
3246
3319
3391
3361
3334
3281
3270
3369
3281
3247
3308
3241
3201
3384
3224
3267
3203
3222
3229
3325
3198
3207
3143
3106
3241
3223
3197
3272
3222
3362
3143
3258
3285
3162
3137
3205
3214
3207
3158
3108
3096
3142
3140
3155
3199
3232
3201
3157
3204
3205
3101
3288
3148
3155
3215
3087
3238
3254
3230
3207
3165
3181
3322
3193
3247
3274
3148
3248
3121
3277
3267
3245
3219
3291
3134
3246
3230
3239
3199
3240
3099
3302
3109
3175
3152
3118
3266
3183
3064
3136
3168
3092
3116
3086
3150
3019
3272
3108
3033
3087
3123
3032
3137
3080
3007
3119
3182
3014
3021
3080
2974
3049
3013
3066
2956
3007
3063
3017
3043
2962
2985
2907
2950
3020
2953
2982
2932
3019
3046
2929
3036
2935
2982
3036
2966
2916
2981
2909
2932
2937
2974
2920
2919
3043
2980
2999
2926
2895
2943
2926
2905
2848
2879
3004
3075
2876
2872
2848
2883
2971
2883
2866
2902
2831
2929
2911
2965
2761
2924
2901
2876
2780
2899
2813
2888
2880
2856
2859
2836
2832
2898
2996
2852
2792
2751
2846
2798
2841
2921
2839
2793
2783
2831
2845
2738
2839
2803
2890
2836
2895
2816
2892
2887
2776
2682
2888
2698
2802
2743
2766
2782
2831
2774
2769
2739
2793
2823
2797
2756
2789
2744
2728
2660
2715
2717
2696
2786
2670
2692
2732
2709
2724
2702
2730
2702
2634
2679
2711
2650
2724
2668
2689
2586
2622
2670
2644
2778
2651
2595
2666
2725
2613
2637
2611
2567
2640
2542
2674
2602
2699
2550
2688
2642
2627
2591
2622
2737
2643
2543
2590
2576
2653
2525
2604
2562
2627
2460
2573
2558
2520
2629
2542
2612
2575
2529
2579
2579
2473
2533
2568
2507
2460
2622
2498
2401
2502
2444
2489
2548
2413
2474
2486
2439
2394
2493
2512
2449
2391
2446
2426
2401
2368
2440
2361
2430
2303
2395
2374
2361
2363
2466
2309
2275
2232
2399
2347
2302
2319
2339
2332
2372
2357
2316
2328
2308
2245
2299
2275
2277
2254
2276
2312
2239
2243
2286
2271
2241
2294
2302
2190
2205
2204
2261
2273
2240
2219
2309
2258
2206
2276
2313
2301
2321
2202
2289
2223
2204
2212
2201
2251
2189
2210
2197
2150
2232
2182
2086
2228
2254
2164
2171
2170
2093
2177
2232
2247
2142
2210
2178
2109
2091
2166
2149
2167
2143
2085
2146
2115
2139
2161
2142
2057
2146
2122
2073
2094
2074
2086
2099
2140
2025
2039
2037
2028
2067
2068
2034
2119
2005
2072
2034
2061
2009
1974
1984
2020
2053
1986
2031
1908
2056
2038
2021
2014
1883
1987
2004
1860
1895
1985
2024
1899
1956
1966
1914
1960
1936
2021
1953
1975
1943
1996
1940
1875
1963
1973
1929
1826
1852
1901
1981
1934
1910
1916
1955
1949
1898
1933
1830
1848
1808
1854
1934
1873
1789
1843
1927
1839
1847
1903
1864
1805
1842
1837
1832
1790
1860
1774
1828
1871
1856
1813
1765
1769
1737
1737
1865
1800
1880
1797
1794
1732
1775
1761
1717
1765
1717
1790
1824
1725
1754
1780
1737
1752
1827
1763
1718
1712
1722
1703
1638
1722
1772
1735
1655
1711
1778
1654
1707
1766
1640
1686
1628
1698
1704
1726
1647
1704
1622
1707
1704
1774
1684
1692
1642
1644
1700
1762
1704
1679
1600
1673
1649
1659
1631
1692
1585
1667
1601
1656
1752
1681
1676
1661
1670
1613
1673
1660
1733
1673
1588
1645
1686
1608
1668
1659
1676
1690
1647
1700
1599
1756
1590
1709
1602
1557
1637
1585
1653
1633
1658
1551
1625
1596
1612
1602
1641
1563
1662
1611
1542
1664
1600
1584
1612
1604
1516
1580
1589
1566
1598
1591
1600
1539
1537
1585
1539
1591
1531
1448
1482
1448
1531
1464
1584
1560
1545
1567
1450
1485
1466
1543
1458
1498
1465
1469
1499
1488
1514
1472
1465
1492
1434
1502
1495
1440
1453
1515
1467
1442
1538
1429
1454
1407
1445
1458
1355
1417
1463
1472
1436
1401
1376
1425
1387
1354
1418
1364
1451
1433
1361
1373
1407
1421
1401
1318
1442
1388
1331
1324
1384
1338
1321
1341
1332
1358
1352
1392
1426
1370
1395
1377
1400
1386
1423
1390
1317
1399
1308
1334
1321
1240
1331
1342
1363
1329
1328
1389
1350
1251
1380
1323
1297
1336
1270
1244
1289
1283
1344
1222
1207
1285
1379
1265
1315
1261
1280
1274
1272
1227
1335
1276
1305
1253
1257
1309
1298
1277
1324
1292
1251
1263
1196
1234
1242
1306
1183
1213
1378
1217
1263
1238
1231
1207
1213
1194
1293
1284
1246
1228
1260
1207
1232
1195
1244
1126
1180
1162
1195
1204
1220
1223
1176
1202
1210
1247
1195
1235
1251
1249
1224
1234
1164
1208
1237
1250
1206
1297
1205
1213
1208
1181
1163
1206
1280
1233
1288
1192
1168
1275
1210
1190
1250
1205
1263
1240
1184
1194
1221
1175
1260
1234
1245
1248
1166
1199
1337
1197
1289
1334
1254
1276
1273
1299
1174
1271
1317
1288
1249
1282
1316
1279
1287
1328
1296
1307
1262
1308
1199
1372
1286
1302
1257
1246
1273
1287
1309
1230
1296
1265
1332
1272
1262
1270
1257
1318
1309
1295
1334
1187
1249
1269
1248
1292
1305
1315
1310
1339
1325
1251
1249
1260
1311
1244
1249
1295
1249
1254
1295
1239
1246
1236
1221
1246
1280
1158
1224
1218
1210
1143
1161
1183
1144
1134
1197
1181
1187
1236
1155
1149
1181
1172
1076
1170
1141
1100
1078
1153
1203
1080
1193
1113
1020
1029
1135
1092
999
1048
1083
1090
991
1035
1083
1038
1027
1002
1087
1027
984
1052
968
1034
992
978
973
1012
1001
969
989
975
917
981
983
993
928
997
928
918
949
886
978
902
905
898
903
902
931
915
903
910
858
868
870
868
852
864
850
848
817
890
835
899
867
788
839
858
868
846
832
845
862
868
804
774
830
846
822
851
788
830
871
872
768
800
859
802
751
834
802
816
790
788
801
808
789
773
799
806
821
787
813
778
843
768
755
770
777
769
782
789
785
748
693
793
770
817
726
798
757
739
781
828
764
791
767
726
797
740
746
751
752
767
778
748
780
697
724
758
769
758
720
711
702
764
748
746
740
713
719
719
744
739
760
715
722
822
788
761
790
739
771
726
703
738
726
800
679
741
778
719
715
751
811
769
720
750
711
773
765
738
747
696
771
755
752
728
718
753
754
711
726
749
714
698
702
737
696
727
738
783
698
787
752
725
721
734
715
718
765
770
710
723
758
712
725
764
715
736
724
695
732
689
706
746
708
734
738
713
733
705
734
705
707
716
717
724
673
770
740
702
690
721
725
726
713
729
711
708
749
693
672
727
688
716
720
711
676
665
717
665
709
684
675
710
676
674
701
659
674
679
693
720
668
683
685
674
738
713
729
655
660
665
689
603
679
698
653
659
602
658
616
647
708
659
629
644
664
661
632
662
663
646
660
660
629
610
600
665
662
649
613
597
637
631
621
642
656
647
579
634
616
635
624
603
606
602
622
587
586
590
601
597
594
586
585
586
573
604
598
589
551
583
556
595
536
597
573
556
582
586
580
617
541
562
549
559
607
543
601
585
582
555
567
577
488
579
547
516
519
523
554
531
523
533
533
556
577
538
537
550
549
562
569
562
534
517
524
547
543
545
573
533
519
490
556
528
537
487
559
531
514
547
541
473
531
537
514
573
558
534
550
525
534
541
536
549
540
514
556
529
548
521
556
539
539
524
500
519
520
523
496
537
555
540
558
551
551
543
567
562
577
563
505
539
614
553
505
522
563
524
500
531
532
535
569
542
590
573
569
579
547
548
527
566
542
587
575
546
560
568
553
522
556
560
594
622
558
561
604
587
554
609
606
553
567
540
631
566
603
573
530
528
585
569
520
550
596
562
590
585
571
599
620
590
566
569
533
572
591
564
624
579
585
605
640
572
560
546
573
584
570
581
637
539
591
589
584
563
569
569
512
604
580
554
614
575
580
555
555
579
558
583
574
566
573
588
608
579
579
579
599
550
597
516
562
528
513
570
577
590
558
609
551
569
562
572
591
580
541
531
548
545
539
541
579
519
549
589
511
509
528
534
567
523
508
531
545
527
528
524
505
527
520
519
511
522
531
530
499
474
533
491
517
495
494
468
513
492
518
511
469
480
500
468
507
454
470
525
471
471
465
483
453
469
464
468
462
443
455
495
389
417
447
425
434
480
426
452
417
405
432
436
390
413
406
434
433
410
429
407
384
426
416
407
381
355
427
399
408
407
430
366
381
325
388
383
389
369
349
364
403
372
365
387
410
349
345
357
390
353
372
397
364
361
365
353
323
353
363
356
337
343
318
377
322
346
341
359
333
317
351
350
349
372
323
342
317
324
332
328
315
335
332
351
323
324
312
307
327
345
329
309
348
329
326
356
314
297
372
318
311
309
330
322
329
308
353
326
314
350
347
320
323
316
302
299
331
318
331
313
329
330
287
308
301
302
309
348
335
291
341
366
304
318
316
339
311
370
341
344
297
322
320
331
335
348
302
319
334
317
311
336
319
315
320
345
286
309
358
326
313
334
317
348
316
323
355
326
338
341
308
326
332
332
317
361
329
304
293
332
322
357
341
339
359
304
320
359
318
300
283
322
318
348
345
340
344
327
312
350
333
362
363
321
358
347
356
326
357
299
334
321
334
360
361
329
333
329
343
354
322
321
364
302
344
378
356
392
339
332
311
353
350
335
363
342
377
336
329
351
318
346
322
368
335
320
364
319
345
376
342
353
338
336
331
351
361
345
371
338
352
316
307
332
337
344
368
347
365
356
346
361
341
286
317
323
347
363
323
319
343
343
331
346
340
313
314
319
334
303
370
316
343
331
299
329
336
315
335
330
289
295
292
325
318
285
315
298
314
302
335
330
317
289
328
289
306
297
294
310
314
287
312
309
317
300
288
308
302
306
243
306
300
295
306
304
290
284
286
283
292
293
255
289
293
286
282
278
278
274
261
269
288
281
293
294
316
261
267
278
267
274
281
299
306
284
285
271
249
304
297
283
265
281
253
284
273
249
239
282
230
271
250
237
277
275
272
260
252
247
253
226
258
263
253
251
261
262
253
264
257
247
263
240
259
223
271
254
238
237
239
245
252
270
219
232
273
221
228
252
217
247
215
245
244
216
267
255
248
243
231
253
251
221
225
253
234
215
241
231
252
228
260
248
240
246
243
218
243
246
243
246
218
238
250
273
237
219
236
258
223
222
198
203
219
232
232
237
237
259
220
244
241
216
242
236
234
213
236
210
243
237
244
219
202
207
240
233
224
260
231
246
248
211
214
226
231
227
248
230
240
224
224
231
231
257
238
228
266
218
223
239
229
208
228
257
232
233
238
251
239
244
233
237
210
234
250
214
225
245
229
227
229
245
208
208
242
224
200
239
225
200
237
212
217
207
219
218
227
205
251
208
235
223
213
229
233
215
191
206
241
197
219
216
211
225
213
238
224
207
209
231
208
239
223
259
234
222
227
229
230
203
231
238
240
222
205
209
208
212
176
206
230
254
210
183
212
190
213
226
224
203
209
216
221
218
206
208
219
220
218
199
202
239
229
209
215
205
236
227
222
201
215
227
221
205
207
202
207
226
241
244
207
229
225
224
211
207
213
209
211
217
220
235
185
223
226
207
243
221
260
201
210
237
221
217
209
177
213
227
212
186
187
207
219
226
196
204
209
225
200
192
210
220
202
217
218
223
236
210
227
201
212
210
214
233
210
209
218
195
218
213
216
209
204
215
237
197
217
204
203
216
222
211
213
227
203
188
210
223
210
207
225
199
235
209
184
201
205
210
224
229
202
217
219
204
238
193
193
204
230
231
225
209
223
188
196
215
242
202
257
241
206
192
218
219
215
240
232
236
238
225
206
217
226
204
199
211
202
228
230
206
223
198
215
235
188
226
188
201
207
210
212
205
222
209
215
217
244
212
218
214
202
186
220
229
206
232
208
212
191
217
212
203
209
203
233
198
222
202
215
208
198
205
196
207
220
216
211
233
211
211
211
226
205
216
195
202
211
190
174
182
235
228
204
214
181
223
218
202
202
189
208
204
213
201
206
199
214
188
196
200
217
185
189
208
204
203
189
210
185
211
176
201
216
203
204
183
183
182
174
225
194
170
203
189
196
203
178
162
192
210
171
175
196
200
183
149
192
200
185
202
163
179
190
170
171
195
201
178
176
186
173
183
188
161
187
187
176
180
160
184
181
159
191
164
203
183
196
180
195
157
180
180
183
169
178
179
192
169
174
180
198
170
182
171
196
179
189
149
168
159
188
194
180
172
169
189
150
159
184
180
175
173
167
191
176
184
171
170
189
170
168
177
172
194
179
196
188
154
149
176
186
171
178
180
185
154
162
183
182
200
200
149
157
176
192
155
182
179
178
174
186
180
182
181
174
166
208
192
186
173
191
187
165
183
182
200
181
183
194
170
184
184
170
194
178
206
179
186
209
189
154
187
196
174
190
191
182
163
187
182
174
193
183
187
188
164
170
177
182
178
193
199
178
183
160
175
219
202
197
192
188
203
175
199
197
182
210
182
183
184
184
210
190
198
192
192
210
206
186
201
209
219
222
201
204
159
198
220
189
195
182
207
201
211
203
182
196
233
205
213
202
232
225
225
199
245
226
219
231
222
177
225
208
222
253
207
230
210
236
213
243
232
230
238
232
218
269
233
246
201
223
210
215
220
222
224
243
238
236
230
215
234
243
220
219
223
253
211
243
237
231
259
211
208
224
231
248
215
230
255
244
223
254
250
232
236
267
249
233
258
221
249
254
256
249
279
249
242
260
247
267
243
221
238
246
269
225
265
249
244
252
249
230
224
238
255
274
233
234
255
253
256
254
256
245
257
230
280
269
261
274
257
259
242
279
290
235
281
252
230
278
276
286
270
250
255
291
258
264
245
257
259
251
270
254
284
269
251
260
274
275
294
237
289
250
262
277
253
231
251
257
263
276
276
232
248
270
244
218
263
258
277
271
262
269
249
264
284
260
268
287
262
246
256
270
285
244
258
252
282
252
280
273
252
263
244
272
241
274
262
272
264
275
245
251
272
263
253
242
260
235
271
254
259
265
252
244
247
248
285
242
279
242
233
253
240
242
252
228
238
231
247
274
245
281
249
260
211
254
213
247
232
260
234
233
261
251
257
268
240
236
252
222
233
235
258
205
233
252
220
233
234
240
222
241
203
252
219
228
220
229
217
230
224
188
186
237
220
236
235
193
213
228
216
226
191
218
202
237
227
185
189
220
181
209
218
225
191
199
193
178
206
216
186
196
189
196
193
186
185
189
193
164
165
162
177
174
180
193
208
171
188
221
162
172
168
156
180
164
172
166
160
168
168
170
185
157
159
179
165
149
170
166
149
165
150
154
149
150
150
131
148
159
165
138
144
172
156
176
153
173
172
130
143
157
133
140
147
160
143
151
148
127
145
129
142
134
137
124
152
135
141
138
126
150
134
127
149
154
103
127
114
119
147
139
122
130
134
128
127
120
121
120
122
107
97
135
132
127
129
138
132
118
118
128
136
126
126
122
118
112
111
127
142
121
125
112
118
118
106
125
110
128
132
125
110
135
118
137
118
104
110
116
123
119
121
118
116
128
117
117
112
132
109
113
125
114
116
108
127
114
105
128
112
103
112
117
107
110
129
109
103
125
116
116
111
125
109
118
107
117
139
118
95
123
115
97
94
117
101
133
111
85
121
107
107
108
126
113
115
112
110
113
141
115
104
125
107
127
112
107
82
110
123
108
90
109
109
107
89
108
104
107
97
118
113
107
101
117
111
105
115
117
115
101
103
120
99
91
116
96
117
99
119
99
97
108
73
120
104
102
112
97
101
109
103
109
91
97
108
107
99
99
86
102
101
115
93
89
92
96
98
93
94
101
102
108
102
112
105
97
109
88
116
106
116
103
106
92
113
95
111
95
85
89
94
115
104
84
96
117
108
110
110
100
94
99
90
82
94
102
90
106
108
95
96
94
122
89
105
99
101
101
94
92
98
96
102
94
88
100
92
100
85
106
118
105
98
86
116
102
82
109
95
106
101
109
96
101
104
95
99
92
96
100
76
87
97
83
85
93
102
113
98
85
124
101
102
89
97
92
101
109
94
102
79
86
81
90
107
105
104
99
103
103
103
111
93
93
90
99
91
88
102
102
105
91
80
117
94
76
81
108
94
98
100
110
95
109
110
96
109
102
93
103
87
99
99
102
102
110
94
113
116
87
84
81
93
82
94
100
100
78
83
98
98
99
105
109
100
90
96
98
86
99
95
95
91
103
88
108
90
87
89
90
85
97
96
92
93
98
105
102
105
95
97
109
88
79
86
110
92
87
100
115
97
92
97
94
103
105
109
93
91
112
90
103
109
74
102
110
107
88
85
97
88
80
110
112
94
87
105
96
96
96
125
90
113
91
116
101
102
99
108
101
101
94
92
109
90
94
94
97
110
98
114
87
106
102
117
120
94
110
109
105
93
97
111
98
109
100
99
107
114
95
86
95
100
98
106
100
92
93
107
117
92
105
93
98
104
103
77
105
104
104
113
112
82
111
97
86
80
89
94
86
86
116
104
98
115
120
91
103
90
87
101
94
110
89
93
78
81
104
112
92
93
99
89
100
89
130
77
105
91
97
88
107
93
95
92
93
106
96
104
89
99
99
89
114
86
88
89
88
115
101
91
125
114
88
98
87
89
90
91
88
90
96
88
85
83
97
92
97
97
114
86
92
89
100
107
90
91
105
89
95
98
95
82
94
111
86
84
92
105
83
77
100
102
115
114
93
78
93
97
113
92
104
97
91
82
94
93
119
88
84
91
89
102
81
89
92
89
107
111
93
104
81
99
105
100
87
90
111
85
99
103
98
99
92
114
81
98
93
102
97
103
94
94
91
104
105
99
89
122
93
111
99
102
106
105
88
101
96
87
103
102
86
97
97
108
84
93
106
104
86
100
107
95
74
100
96
102
93
88
91
95
102
100
92
85
100
117
106
102
96
118
83
111
106
94
85
82
84
106
94
93
103
91
118
97
88
119
88
100
87
106
92
90
89
88
99
93
99
90
108
92
101
100
81
96
93
89
91
104
95
102
105
77
98
95
99
108
104
99
81
93
85
92
103
89
99
69
90
97
104
84
97
84
98
102
90
92
81
82
112
94
91
93
86
94
96
79
79
82
71
88
95
86
83
82
93
77
86
90
84
94
87
71
78
78
91
107
97
92
88
89
96
84
76
87
108
96
84
104
94
76
89
78
100
90
63
101
92
78
98
76
85
87
80
73
91
96
79
92
97
86
92
73
100
92
86
86
79
96
90
90
90
68
76
71
66
93
82
85
74
88
86
82
90
80
82
89
70
92
87
86
88
91
90
77
80
82
78
68
70
90
88
82
86
84
80
63
93
85
78
75
94
84
100
60
95
77
97
96
92
94
69
76
86
66
70
72
81
84
88
81
69
94
74
68
55
91
73
62
76
72
84
88
85
86
72
75
82
78
80
67
98
87
92
83
77
87
97
85
76
85
82
61
96
77
67
80
76
70
78
92
82
78
73
78
80
82
86
88
78
78
76
73
85
71
83
78
75
76
75
78
77
81
95
78
91
88
81
78
70
87
81
72
112
75
81
61
55
74
66
71
55
67
85
91
72
70
87
61
75
68
64
82
85
79
80
73
73
64
61
70
76
85
49
77
65
74
82
79
77
86
72
81
69
63
88
82
80
77
85
66
81
87
70
80
65
68
66
71
97
66
81
66
61
74
87
69
66
81
80
58
78
64
84
56
66
74
68
85
66
81
104
76
83
72
75
79
79
57
78
83
74
67
58
81
77
73
78
72
80
75
67
84
67
76
68
59
68
84
77
64
62
62
89
82
67
80
77
68
64
59
64
80
48
72
74
64
71
76
61
72
72
79
90
95
72
62
68
84
71
86
76
83
83
64
80
69
69
56
70
74
74
74
74
80
71
61
81
66
73
86
90
83
75
86
68
75
77
79
60
62
64
76
81
85
78
76
70
64
59
76
81
70
83
85
72
64
73
68
69
74
90
81
84
62
71
64
74
86
62
68
73
77
90
67
64
75
87
77
86
60
59
78
82
77
76
80
82
80
58
83
77
85
88
59
79
80
81
72
82
80
68
76
64
63
79
72
72
78
81
65
69
71
80
78
78
84
72
82
72
63
79
86
81
69
81
71
78
87
72
69
77
78
70
70
95
77
79
82
74
83
80
69
80
81
85
82
76
79
76
71
82
70
85
60
67
82
63
77
84
83
67
76
75
69
75
84
97
81
72
94
79
74
68
93
85
79
85
87
86
82
96
85
93
80
72
76
69
83
81
72
93
87
80
70
93
76
87
84
89
83
82
91
82
99
103
70
80
75
89
89
97
79
93
102
86
98
92
80
95
84
82
75
96
92
72
105
88
103
79
99
97
91
82
86
90
98
95
102
88
83
85
94
77
92
85
105
80
88
84
88
109
102
100
93
104
95
85
93
90
106
103
101
83
106
84
90
83
116
90
97
80
95
93
83
96
98
83
99
103
64
81
93
102
89
108
105
90
101
87
102
87
99
103
96
89
87
92
95
97
107
107
111
87
112
95
104
80
100
104
86
108
103
85
101
117
98
80
91
83
78
120
72
107
86
83
115
113
108
116
93
110
91
78
84
82
103
75
98
102
126
100
90
87
107
84
111
84
108
99
88
83
84
89
84
72
87
96
90
101
80
100
98
96
117
95
94
93
87
86
90
82
99
100
99
94
98
93
90
85
82
99
85
77
98
78
76
83
105
84
108
99
78
102
110
83
90
86
88
93
115
106
98
104
83
102
77
92
81
79
83
104
98
83
93
90
89
91
86
91
87
81
104
85
92
89
68
73
95
79
72
71
83
76
93
87
83
89
93
93
69
84
89
84
86
79
89
93
83
82
91
96
86
77
95
77
89
89
93
87
93
98
96
72
66
75
93
84
76
92
83
77
91
77
79
91
100
85
92
84
82
75
86
76
88
80
85
77
87
95
85
81
92
88
64
86
66
75
68
83
81
89
77
76
87
90
76
78
78
84
81
83
85
78
92
71
78
79
95
81
71
83
63
67
80
95
107
76
77
84
83
85
90
81
74
75
65
76
84
83
82
86
72
77
82
61
86
75
80
62
79
86
75
88
85
89
61
74
66
88
91
75
76
76
83
80
72
100
89
78
74
75
87
81
82
75
76
87
87
94
88
89
75
76
105
67
79
65
68
83
81
72
70
81
83
83
90
74
77
75
76
88
63
80
68
81
81
72
72
73
78
85
74
78
72
81
73
82
77
63
70
88
79
87
78
69
80
71
92
67
87
70
85
61
64
94
69
69
73
73
63
79
80
70
82
81
64
77
65
88
68
73
62
69
65
70
70
79
59
67
62
80
55
74
79
63
61
76
78
74
68
73
70
72
62
71
73
55
58
74
66
55
56
62
79
58
78
57
87
69
71
59
80
67
69
69
68
68
62
67
75
66
64
49
58
59
63
74
70
57
57
76
66
79
60
63
70
62
55
57
66
48
64
71
48
71
70
56
71
56
55
58
46
71
51
60
57
65
52
63
53
50
60
72
53
60
65
46
60
54
51
53
47
39
57
49
67
57
56
65
63
53
52
44
46
59
63
54
63
57
44
42
61
59
56
42
67
63
62
45
66
65
41
37
52
52
56
55
38
59
45
53
59
56
58
43
52
47
62
50
57
49
53
57
48
51
34
58
35
45
46
52
42
44
32
44
63
45
74
48
33
54
46
47
48
45
47
37
63
48
50
44
54
51
56
47
49
52
45
56
52
34
44
47
38
37
47
45
52
59
46
50
47
42
38
30
51
28
48
40
38
47
46
44
43
40
48
31
40
47
50
33
36
56
48
40
41
43
43
48
46
45
39
41
43
36
46
49
53
42
41
37
30
54
44
35
49
36
52
36
48
26
43
37
39
40
55
28
38
41
48
51
56
42
44
51
39
44
35
39
33
37
49
44
48
52
45
37
41
40
51
47
51
52
34
36
34
35
38
54
33
40
47
47
48
37
36
41
50
41
42
35
35
47
45
40
46
43
43
37
43
45
48
44
37
33
40
35
38
50
32
32
43
42
33
36
44
44
43
43
46
39
33
36
47
42
48
33
52
46
40
39
44
50
44
43
52
51
47
39
42
45
57
47
30
44
37
43
44
37
34
37
49
49
42
37
51
50
29
39
42
54
38
41
39
38
36
34
33
36
47
34
46
36
38
41
44
44
49
37
45
41
42
40
30
33
49
39
43
61
53
34
44
44
48
60
45
43
43
42
37
44
36
41
47
50
41
39
38
40
41
42
39
33
57
41
36
42
36
47
36
42
43
43
42
41
47
39
52
35
46
39
59
54
43
35
39
42
49
60
38
42
50
54
58
43
42
42
50
39
49
57
58
55
31
55
49
44
46
54
48
37
55
46
40
42
54
39
38
35
38
42
46
49
35
60
50
50
42
44
51
37
55
39
43
51
44
34
41
58
42
34
46
52
38
33
45
41
46
47
48
47
36
50
47
50
44
44
38
48
55
49
38
42
41
44
42
47
48
51
58
52
45
45
43
42
53
61
30
44
38
57
52
62
40
57
52
51
58
45
54
52
38
44
42
50
42
48
53
49
56
48
50
55
51
50
47
57
47
56
54
56
44
39
61
54
61
55
52
51
52
42
50
55
64
53
65
43
52
44
56
65
68
43
43
50
67
55
63
64
48
61
45
58
40
66
61
64
50
67
52
58
47
50
50
69
56
56
51
43
42
57
51
44
53
68
58
47
65
65
58
47
62
50
55
58
54
50
66
46
52
51
61
42
56
58
64
61
53
58
63
50
58
52
74
63
52
65
58
58
63
71
56
54
57
48
51
58
62
54
51
56
54
58
56
53
53
41
73
54
51
68
74
58
60
68
53
48
49
63
56
56
61
52
60
68
54
53
43
66
65
54
56
45
69
62
48
50
45
54
63
74
68
65
60
56
67
47
57
49
61
59
61
48
59
45
63
64
58
66
57
51
52
65
55
59
59
54
54
80
69
51
58
67
61
66
55
68
58
72
66
60
52
67
59
52
62
56
65
64
67
51
53
51
58
56
51
67
61
50
60
62
66
51
58
45
46
74
74
56
56
56
78
60
58
48
58
56
50
63
56
63
53
67
58
55
53
58
59
68
70
67
52
52
43
58
54
48
61
65
57
49
74
59
65
64
49
44
55
58
56
61
62
65
60
54
62
59
55
56
57
67
52
50
45
44
46
47
59
65
60
65
54
43
51
58
60
31
52
50
48
49
58
42
52
56
54
57
48
57
71
51
60
58
34
44
51
52
44
40
68
55
49
55
40
53
50
57
34
47
56
55
52
43
58
54
52
53
51
42
47
36
52
51
46
53
50
50
47
47
44
52
51
38
38
44
51
45
51
41
38
41
46
41
44
42
39
37
48
48
62
48
32
41
42
43
35
43
37
48
46
39
49
48
49
35
41
55
36
34
46
40
48
42
46
41
41
42
37
44
46
42
43
40
50
41
40
29
32
43
47
28
52
40
41
34
29
39
43
39
58
31
40
44
35
57
43
32
30
38
39
37
40
38
32
41
38
39
41
41
27
43
31
35
36
46
33
38
51
34
48
44
40
31
35
40
35
39
48
38
40
28
36
30
36
34
42
37
41
34
45
33
43
52
33
42
36
39
52
32
44
46
47
36
31
34
38
32
39
37
40
36
41
35
35
37
37
37
29
32
29
32
48
35
34
36
37
44
29
40
43
40
32
32
40
43
47
43
30
36
32
37
42
35
36
35
40
39
29
29
30
35
37
20
39
30
36
40
34
30
35
34
35
41
34
39
40
39
38
40
33
33
36
26
34
48
38
37
34
28
40
42
28
36
16
33
33
46
43
42
25
35
23
39
29
33
32
32
36
30
40
33
38
39
33
35
32
38
35
35
41
34
36
40
32
30
30
43
30
33
25
33
29
26
41
44
34
35
30
36
33
39
40
39
39
30
37
38
38
52
38
34
36
43
40
42
32
36
36
34
29
43
41
47
31
40
42
40
40
41
37
30
37
41
37
35
33
36
35
26
30
45
32
44
39
38
37
33
45
37
36
31
29
35
36
47
29
48
40
34
42
48
33
43
21
40
28
29
38
32
39
35
34
33
33
39
29
41
41
36
38
40
29
43
54
42
41
31
38
28
41
42
37
25
29
35
28
39
48
32
39
32
31
41
37
34
35
44
35
43
46
41
40
25
33
28
30
40
48
29
39
42
30
31
31
31
38
37
42
38
37
37
35
34
41
24
25
26
33
40
38
31
38
39
37
37
33
34
34
30
30
34
30
21
37
33
40
39
34
41
44
32
32
29
42
37
35
43
30
38
40
36
30
42
21
29
47
43
39
35
42
30
34
37
44
38
40
33
46
36
31
32
34
30
38
48
35
29
39
34
44
42
29
34
38
49
44
33
32
31
37
46
34
36
35
27
40
30
26
39
38
35
40
30
32
36
45
32
34
29
33
44
43
35
40
37
51
38
54
29
36
43
39
33
39
37
38
41
41
37
33
27
31
37
40
35
35
38
39
49
46
27
33
33
38
36
40
23
37
36
39
37
32
23
51
34
21
41
41
43
44
32
36
33
35
33
32
31
34
39
29
28
38
26
31
40
27
35
30
28
37
44
30
22
31
36
45
37
29
37
33
24
31
34
33
32
24
44
26
31
43
26
25
43
32
32
26
26
36
30
35
35
35
32
27
28
28
41
33
34
36
43
28
35
36
20
35
42
21
27
34
33
25
30
26
30
27
42
24
23
37
26
36
38
45
37
37
35
42
30
41
40
28
32
27
16
27
29
27
27
26
27
32
36
24
34
24
33
30
31
43
30
25
23
33
30
33
25
29
32
39
22
40
37
34
33
38
26
24
36
31
27
23
26
20
28
37
32
19
30
30
28
22
33
30
34
32
21
33
34
36
19
32
26
27
27
30
25
24
24
20
20
24
27
33
29
27
24
26
33
25
29
16
30
25
29
42
25
31
21
25
26
20
22
26
28
25
24
31
23
26
30
27
26
34
24
25
35
28
28
27
25
18
25
28
31
32
32
34
25
22
27
30
26
22
37
21
23
29
34
21
21
29
33
28
26
34
31
38
19
22
25
32
14
35
19
20
29
24
22
26
18
34
26
19
26
28
29
25
25
31
22
30
23
23
21
30
30
34
22
20
35
29
37
21
25
24
32
42
23
31
21
31
33
29
30
26
21
22
24
17
25
28
27
32
30
24
26
26
32
31
25
29
27
29
26
25
24
34
21
23
25
23
28
22
28
28
25
31
22
24
31
25
22
21
25
32
20
25
20
26
24
27
35
19
17
26
23
27
29
30
20
21
32
22
21
22
26
18
25
22
28
25
28
25
24
17
19
17
22
32
24
32
24
19
23
29
32
22
27
23
25
25
24
28
29
23
22
28
22
28
24
18
26
24
21
30
26
30
13
25
34
20
33
32
26
35
18
13
28
27
29
30
18
32
26
25
20
32
30
24
25
28
23
26
28
33
31
29
25
22
25
24
19
20
29
30
17
33
32
24
27
22
19
14
34
21
23
25
28
29
24
19
27
32
29
25
22
28
14
26
23
18
29
10
31
38
25
28
34
20
27
18
35
34
23
24
36
28
17
29
22
26
27
30
31
26
19
19
24
35
25
23
23
36
34
31
20
32
38
25
29
27
20
40
33
37
25
22
27
19
31
30
23
30
24
28
25
20
28
28
22
26
23
34
40
18
22
23
32
26
36
33
26
34
29
33
29
29
25
42
19
20
20
22
30
31
25
31
31
27
26
31
25
31
25
29
26
22
31
35
23
27
37
36
30
21
22
34
23
39
32
26
32
29
24
28
36
34
26
31
22
35
31
28
32
30
32
30
25
19
36
29
25
31
24
35
25
26
34
23
31
41
26
28
28
31
27
30
37
32
32
31
25
35
32
25
34
24
27
27
32
24
24
32
25
33
24
22
34
31
24
34
28
16
35
38
31
30
30
24
33
33
34
23
36
27
31
27
19
37
34
26
35
27
22
29
26
29
17
39
26
48
34
32
38
30
30
31
27
33
29
38
35
31
28
30
38
29
28
25
41
29
30
30
39
39
36
38
25
24
38
40
27
40
37
27
45
40
29
34
28
34
40
32
31
24
38
29
35
33
35
28
35
24
37
44
32
24
43
25
34
33
32
29
37
35
33
42
39
33
36
33
32
34
39
33
37
38
38
31
27
40
32
30
38
36
42
28
38
33
42
30
39
35
39
37
35
34
35
34
35
31
23
30
37
45
35
49
46
38
35
31
48
42
40
45
45
33
30
36
40
34
29
40
27
42
54
28
32
43
46
33
34
41
35
31
47
33
37
27
41
47
37
29
48
42
45
30
44
54
32
35
36
50
41
43
41
53
48
33
41
36
37
34
34
37
42
39
45
35
33
34
50
48
43
41
41
41
52
40
38
39
37
42
42
39
48
49
42
53
38
56
51
35
42
41
43
38
46
48
50
46
47
41
38
50
53
34
44
29
44
45
42
44
40
45
47
34
53
47
44
51
50
45
54
54
53
52
63
40
47
37
48
43
49
60
42
50
37
54
53
58
57
47
44
58
47
55
54
55
55
52
56
36
52
51
44
54
42
53
50
51
58
45
51
54
52
51
63
57
56
43
48
50
53
49
59
50
49
40
48
44
54
47
54
67
56
58
58
51
54
62
64
67
51
63
54
50
55
59
53
58
56
68
70
53
66
54
63
42
59
60
55
59
44
50
59
67
56
64
54
51
42
55
60
81
51
59
51
61
66
50
56
56
46
65
66
65
49
57
59
63
73
48
62
63
71
70
61
57
58
69
59
50
68
67
48
49
51
65
53
51
56
63
59
60
45
68
55
62
50
71
61
74
62
64
69
68
54
58
55
47
57
69
51
57
65
70
62
69
59
43
75
68
52
53
53
75
54
73
56
58
63
48
60
69
60
59
56
46
60
74
57
61
58
55
64
49
65
58
52
67
58
57
77
59
45
54
49
59
50
61
70
68
51
50
66
59
53
56
46
51
55
63
60
50
52
41
54
64
68
60
54
49
61
58
49
47
44
48
42
57
47
59
50
47
54
54
42
40
52
46
47
44
54
46
63
53
63
51
54
58
72
45
49
49
59
56
64
52
58
50
47
35
44
69
51
49
42
52
44
34
47
41
30
40
37
43
31
50
42
45
46
34
51
43
38
47
40
44
41
52
37
34
37
39
47
43
35
43
43
46
32
30
33
32
39
37
39
46
56
55
48
39
36
40
43
41
42
36
36
35
36
34
52
45
32
43
53
29
41
35
40
32
35
34
36
40
26
37
29
32
31
37
42
28
37
37
39
40
25
44
32
31
34
34
32
41
22
39
35
34
33
25
27
39
35
33
31
27
29
30
33
28
37
36
25
29
34
30
33
30
28
32
36
32
37
36
31
34
37
33
30
26
35
28
29
40
25
24
38
31
28
25
27
24
24
25
27
16
28
20
27
19
22
30
28
28
25
26
36
34
28
22
18
19
24
29
21
31
21
17
20
26
35
20
26
23
25
24
25
22
20
21
27
27
24
24
26
24
22
26
26
16
24
25
23
25
19
19
27
21
19
20
17
16
25
26
17
18
13
23
19
13
26
17
24
25
28
26
20
24
24
21
25
17
24
26
19
22
21
13
17
11
19
27
22
21
18
24
27
22
24
18
24
27
14
13
21
17
16
25
19
18
17
16
20
20
18
13
14
27
16
25
16
13
18
16
19
17
16
22
12
15
29
22
25
23
23
18
15
12
23
16
11
23
22
16
15
10
21
17
20
16
16
17
30
21
19
14
18
21
16
16
21
21
44
74
59
72
77
88
74
98
74
71
80
75
75
74
83
72
67
91
84
69
79
70
70
84
65
75
74
69
73
88
67
66
68
77
68
59
58
81
65
66
64
70
71
69
75
57
62
66
68
66
71
73
70
80
93
61
76
65
63
64
52
74
75
75
67
72
70
57
69
62
56
63
73
53
65
75
68
54
44
51
51
61
65
62
73
76
61
57
52
53
67
61
53
55
64
53
55
63
54
54
55
60
62
68
55
56
58
67
60
47
67
55
58
55
55
44
44
46
42
62
60
55
57
54
48
56
53
42
59
47
49
52
45
61
45
43
52
60
43
48
51
54
56
53
43
41
41
45
46
47
60
54
54
47
43
49
42
51
38
46
46
38
54
41
58
45
51
36
38
51
50
58
46
39
36
34
33
47
49
49
44
34
56
56
19
