# Filename : TXT_Files/Acq14400sec_014.Chn
# MCA detector ID: 1
# Start time : b'08':b'08':b'38'
# Start date : b'01Oct221'
# No channels : 8192
# Live time : 716335
# Real time : 720000
# En cal factors A + B*x + C*x*x
# A : 0.0
# B : 1.0
# C : 0.00
0
0
0
0
0
0
0
0
0
0
0
0
0
0
0
0
0
0
0
0
0
0
0
0
0
0
0
0
0
0
0
1
1
2
2
6
16
69
242
373
387
399
427
422
417
415
434
448
453
476
463
449
416
419
459
444
442
455
471
461
480
438
470
446
475
482
465
430
474
473
470
506
478
482
478
504
464
479
512
501
509
544
490
530
517
520
503
510
517
517
567
561
517
538
574
585
613
560
583
599
581
621
636
596
675
659
630
686
663
630
664
688
717
681
675
723
676
693
748
714
702
745
760
745
760
733
743
767
762
771
803
790
775
770
827
856
775
825
774
793
857
846
804
793
818
843
842
815
812
796
850
800
790
784
801
803
782
808
750
777
765
815
793
742
752
730
822
771
812
761
805
758
712
712
793
765
775
772
813
770
776
762
771
846
841
804
884
835
808
854
830
839
908
895
867
879
882
934
919
908
939
958
895
915
923
977
982
936
985
948
977
987
980
997
1001
1037
1036
1070
1058
1039
1077
1138
1029
1076
1104
1063
1080
1185
1116
1248
1129
1209
1163
1175
1245
1199
1232
1236
1233
1197
1255
1257
1293
1234
1332
1310
1314
1283
1298
1393
1355
1355
1355
1401
1343
1392
1330
1358
1427
1414
1478
1404
1451
1480
1518
1517
1575
1562
1622
1545
1575
1563
1597
1627
1684
1689
1699
1650
1684
1658
1783
1744
1735
1773
1734
1753
1822
1816
1877
1850
1918
1912
1903
1905
1904
1936
1973
1943
1966
2047
1984
2064
2016
2024
2079
2074
2023
2077
2094
2053
2183
2170
2185
2241
2135
2232
2227
2263
2271
2302
2356
2220
2314
2337
2394
2367
2334
2350
2409
2368
2401
2438
2407
2494
2358
2402
2526
2503
2512
2481
2490
2533
2640
2483
2667
2647
2633
2619
2711
2624
2723
2695
2665
2642
2627
2769
2715
2845
2818
2823
2832
2933
2828
2862
2834
2962
2929
2933
2995
2930
3005
3026
2984
2898
3033
3112
3055
3077
3155
3198
3202
3182
3142
3263
3138
3228
3300
3226
3243
3271
3326
3225
3250
3291
3346
3375
3338
3330
3268
3228
3403
3312
3268
3226
3414
3324
3361
3169
3287
3303
3277
3359
3378
3333
3267
3223
3293
3205
3218
3248
3140
3151
3258
3254
3177
3239
3274
3179
3219
3177
3213
3256
3070
3086
3297
3147
3317
3191
3163
3194
3153
3151
3189
3189
3149
3195
3204
3094
3262
3276
3090
3151
3139
3211
3161
3209
3170
3167
3215
3174
3178
3152
3214
3252
3225
3098
3298
3195
3223
3233
3178
3155
3159
3180
3173
3190
3175
3137
3140
3066
3179
3107
3214
3256
3171
3049
3096
3166
3150
3094
3078
3072
3196
3115
3178
3177
3198
3150
3129
3115
3241
3172
3039
3051
3081
3142
3152
3156
3075
3156
3064
3083
3132
3046
3022
3088
2974
3128
2948
3008
3056
3045
3076
3000
2964
2992
3135
3060
3005
2968
2972
2927
2918
2964
2991
2943
3099
2950
2966
2924
2965
2930
2992
2895
2972
2920
3057
2891
2988
2958
3020
2975
2878
2873
2993
3000
2903
2899
2996
2910
2931
3001
2953
2921
2978
2851
2867
3054
2937
2927
2898
2966
2918
2898
2812
2985
2798
2836
2831
2829
2918
2902
2865
2855
2828
2919
2723
2818
2807
2788
2811
2825
2788
2789
2832
2948
2866
2857
2823
2830
2830
2798
2887
2808
2775
2930
2788
2822
2803
2875
2739
2815
2787
2749
2779
2786
2764
2838
2700
2786
2748
2711
2785
2789
2757
2692
2818
2742
2647
2746
2637
2715
2717
2732
2765
2799
2767
2653
2675
2714
2689
2658
2626
2682
2740
2720
2639
2747
2604
2708
2630
2684
2638
2617
2627
2635
2717
2515
2614
2604
2619
2614
2635
2552
2624
2673
2681
2654
2569
2604
2691
2660
2601
2555
2634
2664
2541
2568
2507
2563
2625
2594
2566
2595
2624
2429
2577
2533
2418
2518
2547
2560
2547
2485
2674
2559
2519
2488
2474
2532
2459
2410
2592
2423
2512
2470
2402
2432
2413
2417
2416
2462
2434
2393
2447
2432
2410
2335
2482
2395
2317
2445
2235
2396
2404
2373
2326
2330
2362
2251
2356
2388
2289
2305
2322
2327
2234
2308
2280
2337
2401
2338
2304
2247
2407
2369
2367
2284
2295
2284
2357
2324
2289
2179
2391
2242
2303
2240
2304
2275
2306
2298
2347
2226
2259
2209
2209
2251
2255
2193
2252
2202
2174
2257
2234
2212
2278
2187
2139
2185
2206
2177
2186
2135
2226
2186
2177
2256
2187
2286
2144
2178
2087
2179
2206
2114
2176
2149
2140
2136
2116
2081
2221
2207
2178
2080
2032
2237
2115
2129
2000
2067
2126
2082
2135
2051
2033
2130
2152
2118
2081
2055
2021
2102
2033
2089
2028
2132
2034
2032
2118
2097
2031
2005
2069
2039
2065
2005
2065
2029
1977
1950
2016
2060
2043
2026
1969
1991
1998
2022
1907
1900
1940
1898
1955
1952
1904
1927
1998
1955
1960
1914
1962
1897
1970
1865
1941
1947
1943
1886
1909
1928
1920
1877
1907
1840
1932
1894
1858
1905
1772
1928
1816
1815
1844
1801
1840
1884
1832
1836
1775
1896
1732
1909
1829
1855
1807
1903
1846
1843
1729
1827
1790
1794
1858
1743
1792
1890
1761
1763
1766
1725
1807
1780
1775
1865
1769
1849
1737
1734
1744
1770
1782
1786
1749
1737
1688
1730
1789
1752
1774
1740
1678
1756
1705
1742
1659
1712
1746
1739
1785
1772
1670
1675
1752
1672
1693
1730
1729
1668
1720
1746
1653
1679
1717
1699
1734
1672
1725
1688
1657
1683
1688
1691
1713
1656
1642
1674
1695
1718
1651
1642
1676
1732
1599
1692
1618
1633
1653
1646
1734
1660
1646
1579
1686
1562
1571
1646
1635
1589
1660
1638
1629
1619
1659
1601
1619
1613
1580
1659
1555
1667
1649
1612
1587
1591
1581
1569
1539
1572
1579
1634
1555
1564
1563
1616
1570
1557
1611
1629
1521
1501
1549
1510
1528
1510
1578
1541
1551
1560
1541
1576
1529
1533
1561
1482
1501
1530
1508
1542
1541
1474
1491
1508
1471
1488
1481
1474
1504
1511
1426
1406
1498
1441
1423
1409
1427
1525
1452
1401
1402
1470
1449
1460
1414
1511
1474
1485
1386
1495
1431
1383
1406
1413
1449
1355
1402
1383
1443
1420
1356
1333
1378
1387
1394
1351
1414
1398
1416
1380
1369
1422
1399
1372
1354
1371
1325
1387
1379
1356
1326
1381
1341
1318
1315
1275
1359
1330
1330
1390
1332
1329
1283
1295
1337
1345
1313
1260
1330
1312
1363
1346
1341
1254
1318
1265
1328
1292
1278
1344
1286
1286
1297
1304
1334
1291
1305
1275
1354
1236
1318
1281
1289
1309
1307
1233
1274
1264
1207
1256
1254
1243
1252
1272
1212
1217
1266
1288
1264
1229
1221
1177
1200
1235
1270
1284
1177
1235
1198
1253
1278
1216
1196
1265
1286
1223
1248
1246
1298
1224
1240
1218
1284
1205
1217
1218
1179
1268
1311
1219
1222
1164
1223
1196
1204
1223
1273
1174
1276
1189
1222
1236
1198
1266
1261
1273
1245
1230
1241
1248
1255
1262
1212
1216
1258
1172
1341
1279
1248
1259
1238
1303
1308
1304
1300
1352
1321
1366
1272
1280
1305
1327
1301
1288
1378
1287
1360
1246
1308
1262
1273
1276
1285
1323
1274
1262
1307
1314
1310
1268
1329
1324
1256
1267
1294
1317
1314
1269
1252
1292
1279
1285
1298
1316
1237
1221
1266
1321
1295
1326
1314
1259
1261
1290
1292
1274
1251
1269
1262
1226
1200
1186
1274
1207
1219
1229
1186
1274
1278
1281
1218
1221
1233
1181
1233
1181
1174
1155
1190
1105
1154
1223
1167
1161
1160
1142
1130
1213
1101
1135
1102
1172
1106
1150
1131
1079
1082
1062
1054
1036
1030
1090
1069
1125
1083
1077
1055
1063
1026
1047
1075
1028
1029
987
1059
973
1013
1015
997
1047
989
937
966
922
996
950
969
969
912
946
950
979
964
910
907
881
974
894
958
904
885
895
925
884
884
814
879
900
813
885
891
850
941
897
871
829
881
902
840
861
804
864
782
835
898
804
863
819
801
840
842
836
867
810
822
826
879
820
780
794
836
780
836
776
796
771
803
817
832
790
790
780
799
833
826
827
778
808
826
769
802
819
769
792
801
759
758
789
834
800
793
787
810
764
771
839
804
759
725
744
787
777
759
769
779
732
793
750
769
750
709
817
768
768
769
768
740
800
744
739
723
770
763
751
795
771
700
793
715
755
793
799
746
772
760
748
718
716
729
807
736
755
725
735
732
713
726
686
720
738
695
729
723
722
779
759
730
748
699
719
729
740
743
752
717
726
719
744
727
710
791
763
733
747
762
755
704
720
729
788
736
734
706
705
722
691
767
728
687
766
735
707
704
715
753
763
726
730
766
700
754
775
748
746
695
670
743
666
674
687
663
701
745
725
695
705
755
729
692
704
696
663
727
696
718
715
700
715
700
704
762
742
709
689
674
677
662
716
685
728
696
706
707
709
658
698
694
681
702
744
685
621
706
701
728
685
668
713
671
690
706
699
651
692
680
683
709
589
586
599
647
628
703
679
674
641
624
651
638
656
668
655
655
641
616
698
656
670
597
631
645
632
622
630
617
643
624
604
644
574
587
596
542
601
630
611
608
572
608
584
582
593
596
628
590
569
525
589
644
585
533
598
607
543
633
559
535
566
561
524
587
535
588
558
521
546
589
527
545
585
530
535
560
577
550
535
548
559
525
560
515
604
563
513
558
533
520
520
505
538
581
531
550
565
549
598
559
535
556
514
498
551
554
557
527
537
530
549
519
529
513
509
508
539
543
526
529
539
541
510
514
521
527
515
531
513
567
475
539
547
520
531
520
549
543
561
537
538
547
547
565
577
523
508
561
487
499
542
566
577
561
540
574
612
564
597
556
535
520
553
513
531
532
556
579
554
525
597
577
545
547
593
560
546
543
578
550
558
562
584
593
543
600
552
610
544
603
599
561
569
595
558
600
580
538
578
592
582
573
584
577
606
546
568
575
550
595
575
553
551
540
575
595
590
601
577
555
628
635
551
614
623
557
597
599
594
575
582
559
612
571
527
575
635
616
551
573
614
617
564
575
530
612
596
592
562
613
594
609
585
568
582
599
592
567
603
583
548
572
588
576
550
513
562
545
594
499
542
523
590
562
570
546
550
561
593
554
556
520
552
553
575
535
551
565
550
529
547
598
552
542
547
545
530
529
543
553
535
507
480
528
540
502
508
497
480
512
490
477
489
544
501
523
503
501
499
483
473
471
505
440
464
428
446
452
456
473
488
474
466
451
454
433
444
430
447
465
441
411
450
466
404
427
426
451
447
409
384
419
409
404
393
388
432
405
394
386
428
399
403
398
387
400
378
386
406
404
349
394
384
355
366
407
391
401
374
360
354
376
363
374
378
397
384
334
382
343
373
369
363
355
342
344
346
372
355
335
367
348
326
333
347
331
349
311
357
378
337
349
353
347
363
340
302
365
329
361
322
348
290
323
369
320
301
352
349
341
326
326
305
332
327
329
331
350
345
334
343
359
333
326
333
320
330
308
315
317
347
370
349
305
319
339
349
351
337
328
338
349
346
359
328
357
324
349
355
323
333
362
343
327
355
352
376
336
364
344
377
373
366
348
377
354
367
354
361
346
351
401
325
343
372
356
387
355
363
385
409
435
399
385
362
363
360
366
376
392
392
372
380
381
415
424
343
387
365
372
357
386
386
374
420
398
403
432
402
394
416
364
381
431
409
375
387
382
424
414
398
402
399
421
443
424
418
396
440
466
405
431
425
439
428
442
402
433
394
403
395
413
462
439
435
419
390
433
421
419
397
447
407
420
406
451
439
431
458
425
430
417
448
444
429
420
454
431
406
412
429
408
426
473
478
441
410
436
465
447
425
425
411
415
393
398
458
439
399
467
410
432
426
453
481
432
447
453
438
426
408
429
428
448
478
441
402
432
428
444
419
427
468
409
446
403
425
426
392
412
406
390
373
380
407
385
421
357
419
376
388
401
355
381
368
437
411
361
381
409
406
380
392
337
373
341
340
385
359
320
378
311
359
298
351
351
360
329
337
376
346
363
356
314
337
328
336
334
352
338
302
324
315
349
335
321
308
309
318
322
280
300
286
282
315
297
277
309
277
281
289
286
297
295
282
283
248
313
286
297
290
276
287
271
280
266
267
298
240
292
269
264
248
287
260
262
288
253
253
274
257
279
266
259
253
233
248
261
248
268
248
248
272
251
256
232
250
215
267
260
254
231
236
230
238
223
224
246
237
228
233
258
261
244
239
228
229
254
226
248
200
272
231
249
232
233
239
244
267
235
215
222
254
232
262
237
246
235
251
223
232
208
214
218
238
216
206
228
233
251
211
245
236
257
248
260
232
252
225
228
248
234
242
206
263
222
237
260
245
234
241
242
245
242
262
251
224
243
235
215
240
258
229
229
250
252
237
232
228
212
221
241
234
234
230
253
192
252
235
230
214
238
222
213
209
225
217
226
210
224
229
229
232
212
230
249
216
228
264
237
242
216
214
238
225
210
198
202
224
214
230
232
212
240
210
239
210
233
226
205
210
238
222
200
199
194
211
217
219
221
231
218
210
227
200
225
221
256
227
237
222
227
186
222
224
216
203
241
211
230
224
237
227
223
227
211
187
223
216
234
203
226
212
232
205
228
186
208
214
210
225
196
213
235
197
201
240
217
221
246
234
210
209
212
194
228
200
206
225
226
222
188
221
230
210
206
216
221
211
203
221
217
201
223
202
191
230
227
231
199
217
218
200
211
233
233
206
204
226
232
227
200
224
205
232
215
221
242
238
213
230
216
213
196
196
216
224
235
216
216
209
198
207
206
215
214
227
217
213
212
212
223
233
194
226
233
202
223
236
192
224
220
219
211
225
236
213
214
211
231
205
207
239
197
203
242
223
225
215
228
188
200
209
237
215
206
218
196
221
225
230
227
178
223
196
204
216
194
214
221
221
221
226
232
228
213
219
219
205
231
231
225
232
227
216
216
224
238
191
230
193
219
220
229
189
202
215
233
196
223
210
218
199
236
229
189
197
222
239
232
224
197
221
210
217
203
209
222
233
196
220
226
239
226
228
228
196
226
192
226
218
208
199
228
212
204
211
204
209
221
213
220
189
211
190
232
189
217
206
213
209
202
221
219
217
214
229
200
206
192
207
205
205
208
202
205
201
220
217
224
209
205
191
189
186
195
206
183
203
165
183
198
206
228
198
209
196
191
195
172
210
189
190
215
193
208
175
181
214
193
214
212
173
180
191
201
170
175
171
181
198
206
185
170
177
208
167
192
192
170
163
198
177
197
182
180
188
201
180
175
173
182
174
170
183
179
177
192
168
200
186
155
190
163
164
177
184
182
184
171
181
186
184
162
163
172
195
154
189
183
164
192
174
175
185
154
187
171
164
162
164
150
181
177
186
183
175
182
154
179
203
179
188
174
173
172
170
185
165
141
166
167
183
209
171
202
162
176
186
160
196
179
181
173
164
164
178
170
184
185
168
179
179
180
164
171
192
195
167
175
179
160
185
162
163
205
191
170
189
190
171
197
181
178
174
190
184
210
184
193
200
217
201
181
156
203
173
193
181
219
204
182
175
201
197
201
175
188
188
177
221
164
182
208
200
183
177
197
182
190
191
192
187
191
184
225
189
190
208
189
181
216
196
194
195
206
202
208
188
197
201
198
218
179
174
194
219
196
188
199
204
212
175
195
210
181
182
216
213
214
225
196
207
212
199
250
215
195
191
181
231
221
193
205
190
198
220
220
217
210
234
245
211
200
232
239
186
229
233
265
223
234
218
207
217
228
226
231
236
248
236
213
267
237
218
251
207
233
211
220
229
226
233
247
257
240
247
236
225
236
264
269
232
268
234
237
244
253
223
258
232
268
261
259
242
271
255
250
230
252
239
281
283
252
245
238
255
251
266
262
264
244
238
271
282
251
237
260
263
264
255
279
250
282
274
269
280
275
267
264
285
262
247
275
277
264
232
268
233
248
258
247
254
271
270
230
268
247
275
249
297
278
259
272
251
254
298
267
276
268
275
264
226
255
254
253
251
266
303
267
260
267
275
274
283
230
271
289
272
256
282
253
277
265
259
254
251
254
264
254
264
255
246
291
256
294
266
273
275
287
262
250
284
271
253
234
258
302
297
257
256
260
264
277
250
296
263
291
285
263
252
277
279
245
278
256
276
271
219
285
291
225
260
274
257
254
235
278
267
269
241
245
235
264
260
259
264
238
226
251
255
238
206
234
248
257
240
239
233
213
230
242
259
238
253
207
235
227
219
223
249
220
235
231
242
226
204
229
251
221
223
230
225
211
219
216
213
195
226
218
216
211
225
222
211
203
194
211
212
223
204
212
249
203
228
198
186
187
195
184
196
222
196
187
195
183
178
209
203
172
191
202
194
190
185
176
186
187
186
188
171
171
164
164
191
161
175
161
200
159
183
171
172
167
176
160
158
154
167
153
148
154
156
176
167
176
140
140
159
182
129
165
169
176
150
143
143
125
145
144
144
138
131
141
132
138
131
168
131
134
145
142
127
140
138
139
136
129
152
131
136
129
150
114
116
125
147
145
137
147
123
133
132
122
125
117
123
136
125
124
140
137
125
137
111
117
133
136
141
106
124
135
109
129
124
112
126
148
121
128
130
121
126
121
129
114
123
102
136
123
112
121
128
122
108
106
138
125
112
126
96
110
107
110
118
143
102
107
122
99
113
125
118
115
127
134
119
90
105
112
110
121
121
111
138
140
99
116
99
98
130
133
95
112
107
102
122
97
113
114
98
114
122
97
106
117
121
106
115
113
120
88
107
103
107
107
104
116
114
93
103
123
120
114
102
98
100
114
107
124
120
90
100
100
119
93
103
115
119
111
102
99
107
111
109
117
118
117
95
114
100
103
104
102
123
88
96
113
89
101
110
110
117
111
99
103
101
95
106
103
109
105
99
124
111
111
108
114
92
108
102
110
86
108
91
98
114
91
112
114
113
103
102
104
84
84
76
83
92
109
97
109
101
103
109
93
108
98
109
118
92
111
99
113
104
102
114
108
98
101
89
91
110
111
98
104
108
103
86
94
128
74
105
93
98
85
94
103
80
114
94
113
97
88
94
119
102
100
103
88
103
108
89
91
93
111
107
97
108
102
121
98
92
92
88
105
97
91
99
88
101
93
99
114
88
99
89
89
98
99
100
93
84
104
103
104
102
97
92
76
114
94
101
113
100
107
83
93
108
116
104
88
93
106
85
107
111
104
108
98
91
95
105
81
94
100
95
89
102
104
92
83
89
82
98
101
77
90
97
108
95
114
89
86
106
82
97
90
101
91
95
113
109
114
109
109
85
105
98
103
92
100
94
90
109
90
92
86
93
115
91
100
109
110
111
108
104
95
103
98
92
105
115
87
85
106
96
92
116
102
103
101
102
81
87
115
92
96
100
104
96
97
96
88
109
96
117
80
98
114
99
100
107
98
101
100
101
96
103
107
104
90
103
95
109
98
93
92
112
92
96
102
81
111
124
113
112
97
101
120
110
92
90
107
95
98
107
101
107
95
105
87
112
85
86
99
93
79
96
120
112
116
91
105
82
101
87
89
102
98
94
99
98
96
103
108
105
104
109
109
97
97
117
98
111
110
78
107
109
89
100
111
108
105
115
96
110
98
95
114
112
83
98
105
115
118
100
109
98
98
113
92
112
94
92
88
83
96
106
91
101
102
96
112
95
104
98
128
95
97
94
111
93
98
76
83
78
87
100
101
105
84
100
99
94
96
115
103
92
91
105
91
93
86
95
96
81
95
90
100
90
90
106
94
97
102
80
82
85
110
114
100
105
99
78
84
105
98
97
106
108
102
110
109
102
90
94
80
90
93
86
95
117
101
112
80
87
101
109
91
113
86
83
95
93
106
103
96
94
95
97
103
104
89
99
102
90
89
101
105
107
79
100
103
91
97
105
107
89
112
110
81
78
98
93
91
114
101
103
100
91
84
103
107
98
89
108
87
100
108
83
96
77
96
112
111
82
86
109
106
97
96
110
90
104
118
109
95
87
99
94
91
104
114
84
77
99
83
101
109
105
109
82
106
90
94
99
100
101
97
88
97
102
92
116
86
93
98
97
93
97
87
93
94
96
104
100
101
100
98
99
93
106
74
116
82
90
97
91
99
89
81
89
83
110
88
91
100
90
77
111
84
96
86
91
90
99
106
104
77
97
99
96
82
77
102
101
85
87
80
96
92
103
92
103
96
93
91
89
97
98
96
87
85
103
95
91
96
103
81
92
91
103
93
89
83
97
88
107
86
105
83
73
103
85
90
93
92
96
97
90
98
87
83
78
82
99
100
86
96
89
83
69
109
76
110
79
89
108
102
78
92
90
80
68
91
101
83
93
87
75
88
80
80
82
91
97
80
104
83
90
84
68
79
88
76
118
92
85
85
78
94
86
88
88
110
82
79
97
86
90
83
93
72
76
75
74
87
98
80
94
80
91
84
78
79
77
88
71
76
84
92
81
95
69
82
79
60
75
79
85
73
75
82
76
82
80
73
80
76
80
88
83
79
90
84
70
75
80
82
94
92
71
80
73
75
68
82
73
74
66
62
78
79
72
78
89
78
81
84
73
88
74
82
84
68
76
79
69
69
72
86
66
83
76
72
86
91
86
91
82
70
74
57
81
80
67
62
78
67
75
70
92
80
75
77
67
85
79
75
77
82
51
90
80
78
74
79
88
86
72
63
80
75
71
74
86
74
67
78
79
72
68
70
71
77
59
69
71
61
86
72
88
77
78
63
67
80
73
87
68
62
72
78
86
67
73
76
65
87
76
86
78
77
63
80
82
78
84
73
75
83
74
70
55
74
68
85
71
80
50
79
87
70
83
81
78
66
64
65
78
81
74
70
73
78
77
65
84
66
72
93
75
84
75
85
72
81
66
67
73
94
64
83
79
77
66
60
71
66
76
75
69
79
75
75
57
76
73
66
89
72
67
74
70
77
59
82
78
79
78
87
82
77
92
82
81
80
71
73
75
90
64
73
87
81
81
67
77
85
66
61
79
62
78
71
90
76
83
83
64
85
88
68
67
74
75
85
66
72
75
80
79
85
66
70
71
84
74
87
86
54
78
62
74
70
77
64
88
74
65
72
80
67
75
63
65
62
65
81
90
73
76
79
68
74
73
79
83
76
73
81
84
77
62
72
69
63
75
79
88
68
69
82
56
86
71
71
67
72
87
83
63
70
59
75
81
75
79
74
77
70
91
72
63
71
66
80
84
72
84
79
62
85
71
90
70
72
66
91
75
77
76
80
79
65
86
62
84
68
67
66
71
78
70
85
76
87
72
88
79
74
83
86
77
78
91
73
74
69
81
87
95
77
72
69
79
72
81
87
86
69
78
77
74
83
72
81
85
73
79
89
81
74
76
99
74
81
78
72
83
88
90
71
78
72
90
91
82
83
98
94
74
78
71
78
76
89
76
86
76
81
89
57
83
79
84
79
97
81
70
93
81
79
99
87
86
100
88
99
87
92
84
87
78
94
103
91
88
84
89
101
89
96
81
71
91
108
98
86
93
75
79
93
94
91
81
91
87
95
84
89
103
83
113
89
92
79
78
87
99
104
102
88
93
76
106
86
95
91
73
85
86
90
83
116
107
100
97
91
89
91
94
87
92
96
83
87
95
85
89
105
98
93
91
93
94
92
111
92
92
89
94
84
89
104
86
70
88
73
82
85
112
82
103
107
99
102
100
85
102
92
87
96
100
88
102
83
96
102
98
96
81
97
83
104
97
110
100
79
91
83
90
98
99
90
105
89
101
94
74
75
98
99
87
87
101
107
97
109
95
101
100
90
101
80
90
92
102
87
95
96
89
83
78
84
98
86
97
89
77
87
80
89
107
103
96
91
83
94
104
102
95
90
103
78
96
77
84
75
100
86
84
88
93
90
86
103
91
76
86
84
93
89
89
102
79
91
85
98
84
64
103
89
83
84
96
76
77
89
77
85
76
82
88
98
97
74
92
79
93
72
76
95
82
68
81
96
101
82
95
79
82
85
80
87
86
81
83
74
82
77
83
88
81
78
65
106
97
83
92
98
87
87
76
81
90
76
86
79
66
75
87
78
84
68
94
80
87
70
65
70
72
64
88
75
77
77
92
80
94
68
82
91
74
83
80
87
76
70
90
72
82
73
96
92
89
82
80
80
84
77
82
83
77
83
91
77
75
74
71
99
64
76
75
89
68
100
82
78
86
80
84
73
76
74
80
85
65
84
78
79
86
77
85
78
78
73
92
89
73
69
76
76
67
73
76
75
82
78
113
71
82
84
70
72
81
82
68
84
76
96
82
101
82
80
64
85
78
80
84
71
85
85
82
67
82
69
90
64
67
67
72
81
67
82
80
71
75
79
90
72
76
72
76
92
78
82
88
69
87
73
63
61
65
72
78
65
79
75
59
82
75
66
81
83
75
80
65
74
67
78
72
76
74
71
79
55
77
69
75
70
79
81
64
69
85
82
83
87
71
78
77
56
71
66
78
84
74
69
68
66
75
59
58
59
69
82
64
60
76
55
77
61
67
76
69
53
60
57
82
66
59
56
73
57
63
70
69
74
70
66
65
57
67
59
58
64
73
60
56
53
66
79
68
72
52
52
67
52
71
58
60
62
73
54
49
55
60
55
58
61
66
76
60
45
48
55
40
67
67
50
51
57
48
54
52
69
58
66
54
75
67
50
55
63
58
59
40
49
55
57
55
51
45
54
52
58
47
52
65
51
47
48
66
51
54
57
51
51
38
45
50
51
40
43
51
57
67
40
56
46
41
49
63
49
50
44
42
58
41
48
48
55
57
47
47
51
58
37
55
51
42
45
61
45
47
49
48
56
39
63
48
44
54
43
50
50
43
59
37
52
49
42
49
35
25
35
55
47
60
29
46
44
37
30
39
45
52
60
43
51
53
46
41
37
39
34
48
36
56
38
30
41
52
40
38
42
38
51
41
35
48
39
43
41
48
64
43
39
41
43
41
49
45
42
28
41
49
38
34
46
50
50
46
43
53
32
45
38
43
47
52
55
40
36
46
51
44
49
39
53
44
37
45
46
40
46
44
39
50
38
33
37
45
43
43
41
53
34
54
38
57
39
40
46
44
34
34
40
34
40
48
48
41
41
50
47
55
46
41
42
40
30
45
46
41
43
53
39
47
40
51
42
36
40
40
42
33
52
45
34
48
43
45
49
32
50
57
54
48
45
63
46
56
44
36
45
45
39
46
48
42
44
30
37
40
39
31
43
34
41
39
39
52
36
48
46
39
43
36
46
52
36
48
59
34
49
44
47
46
57
40
47
53
39
41
39
51
34
38
51
48
43
48
44
33
34
40
36
30
44
42
32
38
71
32
39
54
54
43
39
44
42
48
37
38
41
43
43
53
33
46
45
48
40
47
39
26
42
43
48
52
40
45
41
43
43
38
49
34
45
62
42
46
40
52
36
46
48
50
43
50
40
49
56
55
36
43
41
45
47
45
58
51
41
47
41
42
37
61
40
43
43
50
43
56
49
56
48
41
48
49
51
48
44
40
49
60
50
46
36
53
42
52
42
39
58
43
54
44
39
69
52
40
42
51
46
57
46
62
41
50
46
43
50
44
39
43
46
57
50
50
50
47
53
51
49
52
51
43
44
41
41
46
40
36
40
49
49
43
54
42
50
46
42
60
52
36
48
49
59
39
58
45
44
52
41
49
47
57
49
60
50
46
38
52
51
47
49
55
64
61
58
50
57
52
49
54
46
45
56
53
58
55
52
57
57
61
43
41
57
48
48
62
41
54
53
35
43
60
51
52
49
53
46
51
49
44
59
55
50
71
59
47
51
49
51
63
62
63
62
48
48
57
51
65
53
55
52
59
63
43
58
66
63
66
48
51
42
52
69
65
75
55
47
58
65
48
54
63
57
52
54
65
59
50
66
66
68
57
45
58
55
50
63
62
58
51
52
59
81
55
63
54
49
59
65
70
64
55
61
64
75
38
56
54
61
65
69
59
51
65
69
55
59
62
59
51
61
67
69
53
61
72
58
60
76
49
68
48
69
50
52
65
67
50
64
72
53
57
65
62
52
59
68
56
49
49
66
60
54
54
69
65
50
52
64
59
63
53
57
38
68
54
61
66
62
63
59
72
77
60
60
55
57
73
69
52
62
61
69
69
41
63
50
56
66
52
55
57
70
69
63
65
45
67
62
59
57
67
67
60
64
65
55
66
64
69
43
58
55
62
56
53
57
36
59
67
61
59
69
61
54
57
47
65
52
59
57
59
60
67
67
55
58
47
64
64
75
55
62
63
60
68
59
60
49
50
60
42
59
62
60
55
61
59
55
66
59
57
52
56
67
63
47
46
50
52
52
47
59
48
48
55
62
27
44
51
49
57
52
45
36
43
44
52
50
56
58
55
51
59
72
57
49
63
52
56
59
56
53
54
50
49
45
43
42
49
47
48
41
38
55
50
50
60
49
51
46
58
40
51
51
41
44
55
52
53
52
53
38
49
54
52
55
44
38
50
37
45
47
59
44
43
58
47
46
53
57
52
50
51
41
39
50
52
48
42
43
41
46
45
53
46
48
52
46
40
40
42
53
41
51
60
35
49
51
45
42
42
47
43
43
37
45
39
36
35
41
53
34
43
47
38
53
45
41
30
46
41
44
43
42
44
42
43
44
34
43
40
41
41
39
40
38
45
40
36
41
42
41
44
40
43
33
44
42
32
35
33
52
51
57
34
54
34
50
39
40
46
39
45
33
33
35
36
46
19
27
34
34
37
35
31
36
31
41
34
45
41
33
31
28
44
33
30
36
43
44
44
41
38
42
30
46
45
30
38
45
48
36
32
28
37
43
35
32
47
28
34
33
38
46
39
35
29
39
39
35
34
35
45
27
46
42
30
37
44
43
38
35
34
32
34
31
47
35
36
32
33
45
35
28
31
40
31
38
39
35
36
42
36
34
20
42
28
48
40
38
43
36
37
20
29
51
42
48
41
45
26
41
35
30
44
24
31
27
38
26
36
42
36
42
37
20
41
50
29
29
40
37
44
41
42
39
39
33
38
36
39
40
42
38
28
40
40
44
42
41
39
43
33
46
31
41
36
32
30
43
32
35
37
35
26
38
36
23
36
33
31
35
31
38
39
36
38
40
39
35
24
37
40
33
30
33
39
32
34
39
26
42
27
42
26
41
34
42
42
39
27
37
40
38
32
38
36
42
43
37
28
30
38
37
42
47
36
33
45
35
32
40
40
31
37
35
48
36
44
27
36
30
33
29
44
36
37
45
34
45
47
31
35
35
38
28
31
44
41
42
33
40
29
41
35
39
50
32
41
39
49
30
35
32
32
35
29
33
41
40
33
36
38
47
32
36
34
45
49
40
32
38
40
28
36
37
37
39
42
38
41
36
33
43
29
38
33
35
44
43
27
40
39
44
53
37
32
33
28
28
25
48
31
29
41
41
29
38
40
30
33
33
34
31
28
39
34
34
46
31
38
29
43
42
45
31
25
41
25
40
42
43
41
33
31
41
25
40
35
35
43
45
37
33
46
29
39
38
28
39
52
36
32
36
26
39
35
33
44
37
44
35
40
35
34
39
46
37
35
35
28
36
37
41
39
34
37
29
29
33
47
25
45
40
29
51
39
34
32
36
38
41
24
41
41
38
37
39
31
48
34
31
36
31
43
36
38
32
33
31
27
35
38
39
35
32
34
38
33
36
34
33
37
45
37
33
29
22
28
39
30
32
33
26
38
32
45
33
28
33
34
31
36
36
25
29
36
34
28
37
34
25
27
40
42
31
23
43
35
33
32
45
42
31
29
31
33
36
34
37
30
40
39
28
36
24
34
24
24
37
29
35
23
39
39
25
34
29
32
23
38
30
29
29
31
29
31
27
34
32
26
39
33
47
37
36
31
29
27
31
28
34
33
43
23
36
34
25
42
30
22
31
19
25
25
25
41
28
31
26
29
22
33
27
27
30
35
30
31
29
23
33
18
30
29
28
23
30
19
38
28
24
37
30
28
31
23
36
29
31
26
31
13
41
32
31
27
34
35
23
22
28
31
38
29
30
26
27
29
35
25
25
24
30
23
38
24
24
22
27
30
32
23
22
34
27
22
30
31
23
27
20
20
33
28
22
18
21
26
36
27
26
33
35
35
22
37
30
30
28
18
26
29
25
28
28
22
27
24
27
27
26
25
18
32
22
26
23
29
39
24
29
22
34
29
22
17
26
33
38
33
22
28
21
28
21
30
16
25
19
28
33
21
29
33
29
22
24
27
28
21
19
29
26
19
20
31
24
22
27
26
28
30
27
26
15
21
23
24
44
38
23
29
27
29
30
24
27
19
21
31
22
31
28
28
11
36
23
20
25
22
29
32
29
29
23
30
26
26
31
23
23
14
36
19
26
23
28
25
38
23
20
26
26
37
29
30
33
39
34
34
26
24
21
28
19
11
30
21
27
22
25
20
18
22
32
27
28
24
30
32
26
23
36
16
31
23
18
22
25
22
20
25
27
22
29
25
28
22
31
24
23
22
31
28
31
18
32
25
21
32
26
30
23
30
25
25
16
23
33
23
26
30
31
30
24
32
28
24
28
30
18
25
28
20
31
24
29
27
24
23
28
32
38
29
23
24
24
17
22
30
30
27
21
22
49
25
24
29
34
26
28
21
31
28
24
24
30
27
25
33
30
29
30
28
33
28
25
23
31
28
28
31
26
26
34
24
34
26
20
25
32
31
28
38
30
34
22
30
27
22
26
28
24
27
33
20
26
33
30
31
23
30
33
21
33
27
37
27
34
25
23
21
34
24
32
32
35
31
29
35
22
25
29
35
33
25
47
26
23
26
27
27
27
35
26
28
30
42
25
31
29
34
34
27
26
29
26
27
23
30
30
20
36
39
25
26
28
40
24
27
34
36
23
32
23
18
43
20
31
30
27
32
30
35
26
33
33
34
31
40
34
28
35
24
36
33
38
33
28
24
38
40
27
31
20
34
36
27
27
30
26
36
40
25
39
27
30
32
26
42
31
24
41
39
20
30
29
40
32
32
27
20
34
24
33
31
38
26
33
28
24
31
30
23
25
30
31
41
33
34
31
32
36
26
35
27
27
32
37
41
30
31
28
30
39
40
34
27
21
31
31
27
38
44
30
31
27
29
30
26
37
29
37
34
34
29
36
32
31
34
30
30
30
34
32
41
33
31
34
27
40
26
26
36
33
28
27
42
32
26
27
27
30
42
36
31
29
30
26
48
25
32
33
28
30
23
36
32
31
33
30
37
37
37
40
33
37
30
32
35
31
41
33
29
34
40
37
40
37
20
34
33
32
35
32
43
32
36
35
35
31
43
32
36
32
31
38
34
36
36
36
34
27
39
51
39
30
47
28
24
34
37
25
40
29
34
28
28
36
40
32
33
33
36
43
41
38
39
31
35
42
37
35
37
43
47
38
30
34
49
40
44
44
34
27
35
32
47
31
36
37
45
38
43
39
38
53
27
43
39
31
48
36
38
49
41
50
46
36
34
41
32
41
44
38
40
38
52
39
41
45
39
42
37
35
36
44
42
37
38
45
45
43
31
43
48
36
40
40
50
53
43
44
45
37
42
37
38
58
46
42
58
40
38
45
49
34
46
45
47
46
50
39
35
47
45
40
45
41
53
35
53
47
52
47
49
40
49
42
40
55
53
40
49
56
51
49
49
56
42
37
55
59
52
54
61
43
53
61
55
50
65
57
52
56
56
44
41
40
50
58
54
57
46
53
53
53
57
50
56
58
51
51
51
51
62
57
53
39
48
58
34
53
49
56
47
60
63
48
55
52
52
52
53
76
45
61
62
61
66
50
49
49
57
51
48
57
43
58
52
52
67
59
55
46
49
56
50
71
48
57
40
46
63
63
54
52
72
73
53
63
64
56
54
58
75
56
66
60
57
58
52
62
51
59
56
51
59
59
49
63
65
56
71
53
52
51
46
58
57
65
57
54
54
56
56
44
66
61
51
61
51
71
57
54
66
45
67
46
53
56
61
54
71
52
57
71
66
65
72
53
57
74
57
56
58
60
53
59
59
51
55
64
61
49
71
57
64
51
64
46
38
68
53
54
56
58
64
63
52
53
53
74
63
57
70
70
57
58
73
40
51
53
57
59
62
50
53
52
64
49
54
43
55
47
70
62
60
71
56
54
56
47
66
50
43
52
47
68
40
52
61
38
40
55
49
56
55
50
35
46
48
57
43
56
54
53
52
50
50
51
46
58
46
32
54
63
44
39
56
54
56
42
55
59
59
43
50
41
49
50
46
41
46
62
38
60
49
44
54
42
45
38
46
39
45
44
36
34
54
48
37
43
50
38
54
43
45
36
37
42
41
42
44
27
40
50
50
40
42
38
47
40
39
39
26
43
41
43
42
54
41
37
41
43
36
50
39
34
24
34
27
33
31
31
42
36
35
28
35
24
29
33
40
38
26
36
36
33
28
41
40
29
32
40
33
43
31
30
30
21
24
28
43
37
32
30
34
42
33
36
24
24
42
32
29
36
32
26
30
25
24
25
41
33
18
35
19
32
30
31
20
22
31
32
26
26
27
21
32
25
33
30
23
25
35
27
21
25
29
14
24
26
25
19
32
29
30
26
27
24
19
21
22
27
22
21
24
33
28
19
15
14
23
25
24
18
27
27
36
26
23
20
21
26
22
25
26
25
26
29
21
27
21
16
18
20
15
32
25
21
28
30
30
28
24
22
21
22
21
20
21
21
19
29
19
21
19
28
25
30
20
19
15
19
21
19
19
23
26
21
14
22
12
13
14
26
25
21
16
22
17
11
18
23
23
15
27
18
28
23
34
21
24
23
14
18
24
18
23
21
13
20
18
22
22
22
15
13
18
19
14
23
24
19
9
16
18
19
13
16
23
20
17
20
11
31
20
16
19
13
20
23
21
27
19
17
21
48
64
83
87
74
82
74
65
66
63
88
79
77
77
61
80
68
84
69
75
79
66
72
70
72
82
69
64
67
79
65
66
76
93
70
81
76
79
74
75
70
65
77
79
67
62
83
63
67
58
59
65
73
58
74
70
56
83
55
54
79
76
66
67
57
58
65
59
76
73
69
78
64
82
59
65
84
69
77
72
58
53
53
71
73
78
71
57
61
59
55
55
57
49
65
69
57
53
62
50
79
59
70
65
54
65
49
73
63
44
47
63
41
57
38
62
52
64
56
42
47
54
60
63
57
57
43
48
47
49
60
43
50
50
64
52
49
54
47
61
47
47
61
53
40
57
49
48
34
47
42
53
47
42
32
50
57
49
47
44
52
58
49
48
57
44
44
40
52
42
36
45
35
46
38
43
44
44
49
45
34
45
49
31
10
