# Filename : TXT_Files/Acq14400sec_026.Chn
# MCA detector ID: 1
# Start time : b'08':b'08':b'23'
# Start date : b'03Oct221'
# No channels : 8192
# Live time : 716366
# Real time : 720000
# En cal factors A + B*x + C*x*x
# A : 0.0
# B : 1.0
# C : 0.00
0
0
0
0
0
0
0
0
0
0
0
0
0
0
0
0
0
0
0
0
0
0
0
0
0
0
0
0
0
0
0
0
0
1
1
4
10
71
215
394
408
404
418
434
415
434
430
412
388
444
418
465
428
445
458
434
482
448
460
442
472
452
463
477
436
441
473
459
452
490
502
505
491
470
507
476
471
518
498
503
502
511
478
526
487
528
493
544
526
520
553
579
529
564
542
523
550
540
591
563
548
584
618
610
625
618
628
639
684
642
669
649
668
655
679
713
672
650
711
689
678
707
690
715
725
758
710
736
744
772
787
765
800
809
831
795
800
830
893
859
867
826
821
796
834
828
905
837
827
772
761
739
780
783
758
738
751
774
759
765
783
758
767
797
785
796
790
756
781
785
775
795
781
773
795
754
699
728
779
816
806
857
761
814
817
820
800
805
822
855
825
893
834
911
923
886
881
938
885
950
947
952
900
928
899
947
974
973
1018
984
983
994
1015
992
1051
1016
1043
1090
1098
1048
1139
1100
1024
1110
1108
1161
1110
1072
1116
1146
1189
1185
1156
1189
1170
1200
1167
1189
1192
1214
1232
1239
1255
1292
1322
1287
1265
1308
1274
1291
1353
1361
1358
1441
1458
1401
1368
1389
1458
1436
1408
1428
1457
1458
1528
1464
1484
1547
1581
1560
1548
1601
1621
1602
1636
1698
1698
1690
1744
1688
1741
1734
1702
1739
1753
1752
1759
1866
1922
1889
1836
1914
1885
1882
1881
1897
1964
2013
2048
2006
1959
1973
2158
2083
2072
2178
2051
2090
2119
2135
2138
2160
2101
2258
2196
2202
2273
2246
2237
2234
2297
2323
2255
2266
2424
2351
2260
2413
2332
2487
2481
2437
2460
2431
2482
2481
2414
2547
2547
2586
2486
2542
2584
2533
2539
2565
2625
2591
2630
2767
2651
2870
2707
2689
2694
2742
2718
2702
2843
2847
2818
2896
2895
2954
2818
2896
2865
2969
2923
2955
3015
3008
2897
3066
3066
2898
3110
3133
3205
3147
3131
3257
3111
3223
3232
3217
3238
3303
3249
3342
3344
3291
3332
3353
3221
3280
3315
3298
3320
3376
3408
3335
3423
3294
3272
3217
3208
3245
3347
3344
3254
3259
3339
3289
3177
3309
3200
3184
3242
3233
3178
3201
3191
3240
3168
3232
3245
3218
3195
3188
3173
3145
3188
3127
3242
3227
3172
3128
3223
3131
3095
3213
3201
3235
3126
3221
3211
3203
3172
3242
3266
3303
3265
3160
3216
3225
3312
3198
3185
3106
3300
3193
3214
3198
3240
3232
3249
3207
3204
3176
3233
3205
3241
3139
3129
3169
3192
3108
3188
3261
3300
3179
3190
3221
3210
3052
3160
3085
3161
3139
3131
3087
3119
3135
3194
3091
3095
3101
3120
3196
3127
3171
3206
3062
3117
3153
3036
3107
3081
3075
2998
3071
3063
3066
3053
3119
3030
3091
3065
2944
2975
3024
3083
3050
2976
2988
2930
3036
2973
3007
3034
3088
2894
2920
2977
3001
2928
2872
2987
3045
2909
3006
2955
2892
2914
2994
3001
2970
2980
3019
2963
2903
2862
3018
2967
2897
2941
2820
2812
2912
2872
2902
2895
2816
2859
2998
2968
2925
2911
2885
2862
2850
2866
2842
2816
2777
2820
2890
2864
2863
2921
2798
2824
2874
2904
2866
2832
2771
2906
2784
2836
2797
2815
2835
2889
2732
2850
2813
2770
2772
2843
2781
2743
2835
2842
2800
2800
2733
2805
2754
2722
2770
2833
2788
2754
2749
2710
2823
2719
2774
2803
2723
2740
2683
2786
2617
2651
2770
2760
2703
2708
2787
2719
2645
2698
2789
2729
2672
2657
2695
2648
2628
2514
2724
2687
2626
2667
2598
2659
2725
2667
2701
2673
2598
2752
2720
2696
2651
2620
2542
2644
2664
2554
2619
2665
2614
2588
2702
2644
2555
2488
2604
2600
2559
2589
2540
2610
2590
2652
2553
2475
2570
2605
2549
2430
2578
2566
2543
2564
2464
2489
2478
2554
2557
2436
2394
2430
2495
2414
2491
2454
2424
2434
2419
2521
2535
2435
2486
2518
2485
2410
2474
2466
2412
2456
2454
2469
2406
2372
2337
2425
2451
2308
2425
2386
2382
2370
2339
2402
2430
2373
2346
2397
2344
2382
2332
2324
2361
2305
2317
2291
2279
2249
2312
2208
2309
2323
2292
2369
2219
2250
2247
2342
2217
2245
2325
2299
2307
2338
2256
2306
2290
2303
2199
2173
2190
2267
2226
2266
2234
2249
2220
2291
2220
2173
2254
2080
2231
2199
2233
2189
2202
2215
2178
2162
2206
2179
2132
2149
2170
2216
2135
2169
2150
2133
2089
2026
2129
2056
1980
2129
2234
2115
2153
2126
2099
2099
2064
2119
2070
2047
2054
2138
2119
2091
2068
2137
2064
2032
2076
2084
2012
2093
2122
2075
2038
2027
1991
2053
2059
1994
2006
2079
2008
1982
2025
1982
1910
2055
1974
1983
1975
1942
1993
1953
1992
2000
1968
1908
1972
1945
1962
1926
1944
1961
1949
1937
2010
1881
1920
1943
1943
1844
1941
1872
1928
1826
1866
1923
1907
1985
1891
1931
1813
1871
1883
1839
1912
1834
1835
1856
1750
1803
1832
1899
1882
1788
1838
1809
1814
1780
1861
1819
1855
1810
1777
1803
1784
1802
1814
1833
1727
1713
1691
1773
1740
1780
1792
1746
1712
1738
1779
1763
1834
1773
1766
1767
1676
1747
1773
1815
1681
1717
1725
1733
1760
1792
1790
1817
1742
1722
1719
1640
1677
1666
1745
1687
1711
1713
1711
1659
1698
1652
1698
1741
1676
1746
1613
1740
1725
1675
1732
1725
1698
1679
1659
1654
1621
1659
1635
1751
1641
1670
1655
1686
1648
1672
1677
1641
1609
1660
1630
1650
1696
1668
1589
1705
1616
1600
1692
1600
1630
1666
1694
1655
1635
1638
1586
1568
1610
1676
1560
1629
1598
1671
1569
1676
1593
1640
1622
1614
1615
1556
1650
1536
1577
1599
1512
1558
1633
1567
1543
1569
1521
1596
1477
1507
1559
1514
1499
1477
1581
1521
1523
1530
1544
1556
1464
1489
1507
1529
1517
1531
1550
1484
1507
1483
1570
1522
1450
1476
1477
1498
1434
1451
1450
1493
1446
1472
1440
1434
1492
1462
1416
1428
1483
1463
1498
1479
1431
1494
1447
1431
1375
1416
1398
1462
1431
1420
1477
1432
1379
1408
1484
1382
1413
1346
1347
1404
1407
1364
1409
1403
1355
1389
1324
1353
1410
1351
1365
1381
1396
1356
1395
1319
1321
1347
1292
1324
1344
1358
1356
1390
1318
1351
1312
1325
1306
1304
1350
1325
1290
1297
1356
1301
1360
1362
1351
1280
1324
1343
1326
1381
1294
1308
1355
1376
1346
1359
1266
1301
1263
1339
1258
1282
1265
1247
1322
1281
1213
1232
1314
1321
1267
1272
1254
1279
1193
1279
1255
1314
1232
1221
1205
1303
1313
1262
1235
1213
1254
1160
1238
1262
1221
1235
1257
1231
1196
1183
1220
1296
1154
1208
1255
1245
1245
1248
1200
1213
1211
1168
1226
1221
1253
1202
1213
1223
1267
1271
1268
1247
1281
1241
1293
1249
1185
1223
1190
1238
1203
1220
1220
1225
1229
1255
1264
1272
1223
1245
1257
1193
1254
1273
1228
1216
1260
1219
1238
1235
1198
1303
1205
1248
1291
1237
1258
1230
1298
1286
1249
1299
1272
1235
1301
1283
1220
1346
1289
1284
1304
1320
1371
1252
1288
1326
1226
1231
1298
1324
1364
1258
1337
1279
1328
1273
1229
1303
1208
1268
1284
1317
1237
1284
1295
1281
1219
1233
1242
1286
1244
1292
1245
1298
1243
1216
1233
1177
1284
1242
1211
1173
1212
1189
1227
1276
1185
1228
1289
1226
1226
1175
1210
1205
1252
1192
1265
1182
1139
1139
1173
1176
1165
1173
1199
1179
1133
1099
1120
1174
1098
1123
1128
1086
1064
1047
1047
1046
1111
1085
1001
1027
1089
1053
1058
1080
1036
1017
1063
1067
1066
1010
997
1002
962
1015
989
984
989
958
947
913
895
953
978
921
999
937
942
924
922
901
940
977
940
974
934
922
933
863
937
802
912
885
904
845
877
884
882
886
885
821
813
933
870
803
821
858
888
827
858
840
848
841
811
817
823
796
850
817
831
821
870
867
800
824
818
781
823
835
781
811
780
851
829
813
808
799
883
817
791
772
801
752
736
791
821
829
829
830
815
776
790
814
811
807
815
776
787
760
767
763
755
795
732
802
737
736
756
699
761
752
787
766
753
790
756
781
753
759
746
782
728
763
809
723
755
772
792
749
733
741
774
753
781
752
712
708
727
701
735
780
743
732
721
749
777
768
772
788
722
736
738
727
730
724
750
719
732
699
732
746
708
737
751
759
731
697
725
717
748
733
741
716
730
707
751
758
729
695
735
790
751
709
801
748
682
709
729
676
731
704
749
744
712
680
763
735
724
737
766
740
726
779
797
735
691
726
734
751
724
678
705
714
741
735
739
710
714
774
750
720
702
754
740
752
725
726
709
742
751
728
720
750
727
719
695
708
724
693
726
753
708
718
707
664
669
702
707
682
650
678
661
700
664
697
671
694
667
655
677
659
663
684
642
669
657
671
697
647
653
647
630
666
697
648
656
640
699
638
655
668
629
587
666
695
666
630
664
622
594
690
678
599
612
611
645
641
588
636
637
607
612
629
618
614
594
616
616
576
590
605
632
602
608
588
599
583
569
587
591
596
568
556
570
570
612
591
596
576
588
534
594
583
575
589
546
596
506
522
538
542
530
612
559
533
540
565
516
603
531
529
507
569
543
529
527
518
531
516
541
524
524
533
530
516
523
537
494
518
537
569
532
578
566
530
513
533
529
519
509
537
537
546
542
515
521
534
532
548
511
512
549
529
552
512
475
567
506
532
566
534
552
523
562
507
568
541
520
553
533
503
519
516
519
521
588
510
525
541
548
545
576
593
559
509
524
588
558
596
533
558
537
504
547
589
549
558
562
538
560
539
538
532
538
546
555
559
517
581
551
575
545
561
589
596
553
590
603
530
515
550
562
577
552
590
558
617
587
593
582
607
563
567
565
575
559
560
572
543
571
585
604
561
556
583
612
525
576
565
608
592
563
623
550
597
582
582
556
570
565
595
601
630
588
583
621
569
607
623
557
606
609
614
607
561
569
539
579
564
566
550
536
550
605
577
516
550
580
635
560
580
599
589
562
520
591
576
601
532
533
547
573
546
597
526
598
539
583
560
517
566
530
594
536
552
564
539
553
540
498
547
538
545
549
544
532
541
530
569
520
502
536
507
568
530
552
546
525
530
535
504
517
506
534
498
519
505
509
481
485
476
522
460
467
476
477
465
462
498
490
439
414
466
436
486
456
439
476
463
426
472
460
430
446
460
441
427
444
387
409
402
451
394
424
434
419
410
414
393
383
419
431
423
384
403
411
367
375
370
407
403
382
351
381
402
390
399
380
411
426
368
381
375
369
345
363
370
367
346
377
364
384
363
371
354
335
342
363
355
343
378
351
360
336
364
377
312
347
321
333
317
323
334
338
338
328
339
345
334
310
337
328
355
313
367
339
325
341
333
320
318
301
328
327
290
358
299
319
339
336
340
311
342
327
318
329
327
309
326
317
322
288
320
334
320
326
339
320
337
334
331
357
328
329
285
337
323
309
320
310
314
344
297
347
352
306
312
326
344
378
313
332
318
334
323
337
302
315
350
339
333
342
353
328
349
319
372
320
329
338
339
304
321
350
323
350
327
337
357
375
346
344
378
358
357
311
307
341
347
327
364
342
318
346
340
358
332
359
368
332
321
320
328
361
318
371
372
374
367
344
357
363
353
341
322
318
388
362
383
331
374
376
361
368
351
374
378
373
328
379
357
415
392
344
387
374
371
405
359
352
369
397
354
404
379
351
360
362
337
351
371
373
320
348
372
386
385
407
371
382
358
355
372
380
366
324
347
389
383
355
390
361
393
373
371
347
318
379
375
369
354
359
368
380
373
377
346
404
371
361
342
368
388
384
402
385
326
357
331
350
333
379
355
383
372
354
398
344
354
334
334
331
342
381
350
321
375
354
376
318
346
339
350
325
320
352
314
297
300
330
340
360
320
315
309
303
341
327
335
307
341
315
313
283
317
334
322
308
315
324
290
279
301
289
327
314
325
307
278
329
302
292
269
299
274
290
306
282
277
305
271
283
283
256
261
281
264
256
274
270
281
290
272
261
294
267
226
282
279
292
288
245
252
279
294
253
271
268
286
273
276
236
234
269
259
298
257
214
260
248
264
268
273
255
259
228
255
237
252
232
249
223
234
221
259
245
267
272
224
241
219
221
224
244
244
237
244
260
228
245
241
225
229
245
238
258
259
249
220
255
234
238
234
220
222
246
253
228
239
232
239
240
228
246
235
230
217
229
236
235
248
235
219
237
232
206
228
232
234
242
232
229
219
251
242
260
230
239
243
226
231
247
258
208
226
234
256
250
221
242
244
234
213
237
220
228
255
233
212
230
244
234
231
241
223
238
236
209
240
243
217
225
228
247
211
238
217
238
240
241
245
236
212
208
213
224
197
253
221
226
232
217
234
254
232
232
249
247
211
224
243
206
228
228
249
218
224
230
226
232
211
251
230
221
210
226
208
242
243
241
218
228
225
239
216
228
231
230
205
203
213
237
216
211
210
185
232
219
235
238
234
244
234
223
229
227
228
252
216
212
222
223
230
260
216
222
192
242
204
215
225
220
231
209
193
224
234
220
231
225
215
216
213
218
222
231
227
203
199
213
206
204
207
246
241
226
206
207
231
212
185
210
232
224
233
206
219
218
199
240
210
199
214
204
216
229
218
200
243
227
225
217
205
225
199
228
220
203
221
237
241
206
205
190
201
203
208
218
231
193
222
211
228
235
197
237
207
211
212
201
204
236
219
170
223
225
228
190
229
227
198
203
204
224
216
201
223
222
211
207
218
224
247
231
216
221
241
206
208
227
202
212
193
211
227
178
218
221
202
216
207
220
236
209
206
194
220
228
214
247
207
212
226
212
214
222
218
213
209
210
200
210
218
216
221
220
217
226
221
237
221
247
200
198
215
202
233
228
241
197
234
243
218
192
208
210
197
211
219
218
228
181
208
221
239
217
229
206
217
233
209
212
202
215
194
217
209
220
201
216
207
205
206
210
193
208
219
216
226
223
208
203
222
205
199
195
213
226
214
224
207
226
190
224
212
205
233
214
202
220
210
225
207
208
217
209
206
220
217
194
179
206
196
210
203
206
209
193
183
190
198
200
200
196
181
195
187
237
201
202
191
183
200
216
179
214
215
181
194
197
205
204
213
141
198
201
201
182
182
181
177
188
200
200
202
179
181
201
187
203
195
201
203
201
190
163
182
179
216
194
216
182
196
158
188
155
186
168
185
207
200
191
169
151
188
168
202
169
169
187
205
176
198
171
183
188
176
205
169
176
182
165
179
177
190
180
205
179
184
176
163
176
165
171
173
175
158
165
188
179
174
151
149
166
200
168
149
160
175
185
171
154
178
186
184
164
182
174
173
188
167
190
194
160
186
204
178
188
165
177
182
186
190
164
178
178
184
172
197
184
181
161
188
166
172
188
172
189
165
188
169
182
187
164
176
186
196
177
187
183
163
177
162
162
186
180
184
175
200
177
167
200
172
187
174
176
201
191
177
169
199
181
182
193
179
167
183
202
187
192
207
186
180
190
176
187
205
186
189
177
191
209
205
186
230
227
188
185
214
191
189
177
215
175
200
220
187
207
207
217
214
194
214
205
222
211
217
197
204
208
213
215
219
192
218
229
212
192
205
172
220
221
200
206
249
220
219
200
207
198
220
204
193
222
217
233
218
238
215
236
208
229
216
215
223
231
173
241
242
238
220
244
231
228
196
220
252
214
240
217
218
234
255
209
211
229
276
243
244
228
247
244
229
265
248
237
232
247
234
225
264
242
243
236
228
251
241
253
220
237
264
268
254
259
243
280
267
251
246
266
284
218
257
282
210
239
257
296
264
258
236
261
240
262
266
268
248
231
257
256
278
273
240
260
257
221
264
258
255
245
247
264
253
252
262
253
249
265
267
244
265
260
265
272
283
268
278
257
244
250
277
231
279
264
279
258
264
306
258
266
272
253
270
271
289
248
277
268
284
265
245
304
274
271
320
246
231
260
250
241
291
281
265
270
285
285
284
313
273
244
272
262
274
260
263
275
261
262
273
284
236
265
259
295
252
242
305
262
276
257
272
266
261
244
252
271
284
278
239
273
269
270
276
244
245
270
265
271
255
276
233
269
253
255
257
262
271
229
240
244
241
246
235
266
254
245
252
245
258
252
245
255
242
241
232
247
241
228
258
239
256
204
213
262
228
232
222
264
229
235
236
237
235
227
223
222
253
245
233
216
203
230
237
208
206
232
223
255
205
209
220
233
213
209
217
219
213
198
208
221
203
208
196
191
198
209
208
224
204
215
187
207
213
243
194
195
181
187
182
189
157
172
189
210
172
189
178
178
188
171
169
174
182
164
170
192
197
164
164
149
176
164
156
159
157
178
154
176
160
166
181
167
155
172
153
158
139
187
158
168
160
134
151
166
161
163
158
141
145
128
130
160
149
160
145
149
140
161
137
143
126
123
132
140
154
116
144
134
151
145
129
146
150
143
121
142
116
130
114
157
119
133
130
126
143
123
138
135
115
133
140
121
131
124
143
132
113
109
125
114
115
124
138
113
115
111
133
135
119
131
111
121
127
116
131
133
107
105
108
136
132
100
121
124
126
115
111
111
119
113
113
120
112
122
133
104
123
106
119
112
105
116
115
135
145
104
121
111
110
125
107
115
121
123
104
111
120
120
103
113
121
104
134
100
133
107
117
122
128
97
97
108
123
122
130
99
113
118
115
110
123
125
105
114
119
123
121
109
109
126
123
122
104
103
113
108
92
114
106
111
96
109
99
101
101
122
89
121
102
114
125
127
128
77
109
124
106
110
124
113
99
90
104
91
121
97
106
103
105
106
114
100
103
102
125
112
109
113
96
116
119
97
96
104
109
104
101
115
109
123
123
115
100
129
110
106
114
102
112
102
134
102
102
90
101
85
106
114
106
98
113
108
102
113
107
113
95
118
102
95
101
108
101
98
92
103
109
93
107
84
82
90
118
98
124
125
91
95
119
96
113
100
108
110
100
114
101
101
101
99
94
101
97
81
110
94
98
110
96
83
94
86
89
84
100
103
108
102
92
79
94
87
95
99
101
93
92
94
95
94
85
70
92
99
88
102
79
85
99
101
86
114
112
94
101
80
109
83
78
113
99
99
95
98
101
82
94
104
92
71
101
115
89
92
107
92
83
105
91
84
88
97
101
119
97
86
99
115
101
96
89
82
84
90
101
91
107
103
88
113
104
89
87
94
109
91
99
102
94
101
79
107
106
102
95
86
102
116
104
104
87
84
89
81
109
93
88
92
95
95
90
82
97
106
106
88
99
89
114
86
108
83
92
81
102
101
91
92
89
87
98
98
86
108
103
107
120
120
115
99
95
90
97
107
114
104
108
73
108
104
104
109
97
95
106
117
89
109
93
87
97
102
97
100
103
97
92
115
89
85
110
89
104
113
84
100
87
79
92
102
92
88
93
88
120
102
102
110
90
91
106
74
108
102
115
106
94
88
88
100
119
99
115
119
93
103
107
117
98
90
97
96
110
99
102
87
110
103
105
90
105
90
103
110
90
111
106
93
100
93
96
112
95
115
84
96
94
90
89
89
84
95
100
102
103
104
102
87
93
83
100
110
105
107
98
111
110
89
94
84
99
86
90
100
92
93
94
91
98
91
96
105
97
109
89
107
96
95
101
91
101
94
96
93
90
88
110
93
99
93
82
103
104
94
87
97
108
91
120
90
98
97
92
94
118
96
106
99
84
111
81
89
115
79
104
112
106
92
106
100
68
95
78
83
107
100
86
92
94
96
108
109
106
107
87
83
117
89
88
101
96
96
91
82
99
116
96
93
94
108
94
104
76
107
108
112
93
94
103
112
90
98
84
108
99
80
97
93
93
81
77
93
93
99
98
94
72
93
102
102
102
102
90
81
104
114
91
110
113
101
100
91
88
102
95
111
107
101
100
97
95
91
113
109
115
77
98
77
101
96
87
98
106
117
100
80
101
95
98
98
89
107
99
84
90
108
100
93
107
100
105
89
85
93
86
86
82
87
89
100
90
110
92
94
95
89
95
113
95
115
80
98
105
92
87
89
92
111
111
110
92
91
91
95
91
96
92
83
97
102
88
102
97
80
95
87
85
97
86
85
92
79
90
93
71
82
98
103
83
72
80
111
91
93
99
100
103
82
106
86
97
85
88
82
90
92
94
109
95
95
108
86
84
94
108
88
74
87
110
94
89
105
91
84
94
104
88
83
78
91
88
65
92
66
92
98
79
109
99
97
84
89
112
85
81
85
97
99
102
86
77
113
87
103
100
86
78
91
86
88
100
90
91
98
103
103
106
91
75
78
76
87
75
75
74
84
89
93
101
86
99
103
87
95
92
85
67
100
64
75
82
94
85
89
92
91
82
79
88
81
83
94
84
96
77
107
69
77
74
82
94
92
73
95
76
82
61
76
82
76
90
81
78
88
82
84
72
83
75
66
88
76
84
89
82
76
80
80
85
80
74
69
71
75
71
68
78
79
87
71
72
84
93
84
83
70
74
68
78
72
67
77
93
77
73
74
73
88
69
71
105
81
78
75
74
93
78
77
64
75
70
72
79
81
73
66
109
64
69
86
71
91
74
88
74
77
72
84
84
74
91
71
78
94
65
72
79
75
81
78
81
89
63
84
81
55
82
70
89
79
72
75
65
97
87
79
76
97
71
83
65
80
74
71
71
87
72
84
79
61
72
77
86
69
67
86
90
63
77
75
77
82
70
58
83
88
84
75
80
83
71
62
84
88
99
63
61
66
78
84
80
69
68
74
60
73
78
77
62
71
75
70
69
72
78
74
75
71
83
86
68
77
68
82
88
74
76
75
73
77
83
67
74
74
59
79
62
72
62
60
86
74
76
74
70
68
76
88
62
84
68
72
78
65
72
77
77
75
70
81
66
71
75
75
92
56
63
71
69
87
76
79
92
78
76
75
83
98
63
66
67
74
86
70
76
55
66
75
67
74
75
66
90
64
70
82
77
90
68
78
69
84
86
81
67
65
74
83
85
68
61
58
92
79
73
80
61
74
67
89
66
74
84
91
76
63
78
68
88
72
79
73
81
67
73
59
78
53
68
77
81
76
76
61
78
68
79
76
68
72
59
75
80
72
77
71
79
80
65
68
67
69
88
56
79
90
74
89
82
73
66
77
88
98
72
56
85
74
80
70
71
96
64
65
78
96
92
91
86
90
73
85
79
94
84
89
88
74
83
80
89
74
78
74
85
100
85
81
88
68
67
89
98
73
76
75
85
90
78
76
82
75
71
70
92
74
84
94
75
95
90
84
89
71
89
73
84
80
70
64
80
82
80
84
83
77
79
80
81
85
77
92
89
100
75
70
86
91
70
87
89
76
80
89
96
77
91
91
100
65
73
98
94
81
75
93
89
94
86
98
73
70
84
81
92
96
100
90
66
77
95
83
91
93
92
94
84
93
88
111
81
67
91
88
90
95
83
87
68
112
81
81
109
79
82
92
94
91
86
103
96
90
102
96
95
80
96
108
92
89
99
81
87
91
88
84
89
97
76
104
98
76
94
84
102
94
103
92
103
99
113
88
86
94
91
86
112
96
100
94
83
80
106
90
106
89
93
109
98
109
93
88
100
93
99
101
98
84
96
93
99
97
98
110
87
90
94
100
107
88
94
112
92
110
88
82
98
84
85
98
85
80
111
88
100
114
103
116
91
99
95
90
92
101
102
96
91
95
98
102
95
94
82
81
86
87
93
82
83
90
89
95
86
105
100
87
93
97
95
84
96
94
97
103
114
96
80
91
85
94
93
107
94
93
98
93
95
95
118
84
99
89
72
96
93
78
85
79
97
80
100
110
86
74
80
91
85
93
73
91
85
90
81
82
110
85
90
93
75
94
106
94
99
88
96
89
103
79
94
75
75
87
81
75
95
90
93
93
92
84
82
95
83
74
96
91
83
79
91
86
78
91
97
104
77
91
88
108
84
79
106
102
83
79
90
90
78
82
87
84
78
82
78
66
76
86
70
100
74
81
89
88
87
88
98
82
84
72
72
64
85
78
82
86
78
82
92
88
69
96
93
84
74
95
64
84
86
91
74
80
76
83
78
82
68
79
79
79
76
66
86
94
99
95
69
67
92
75
87
89
78
70
87
85
81
76
75
89
88
87
68
77
78
66
66
56
75
65
93
91
74
75
94
76
80
82
91
64
66
78
77
84
82
84
84
74
101
76
88
88
82
76
88
70
98
77
67
76
72
75
89
76
70
75
78
74
78
89
76
73
79
80
76
77
74
76
76
77
95
73
98
83
75
82
78
76
81
73
63
77
87
74
58
59
68
62
84
73
70
86
70
60
66
73
77
85
69
71
63
63
65
74
75
72
77
80
89
77
75
70
72
80
68
74
112
77
77
79
88
65
79
75
83
70
81
72
83
82
61
76
78
58
76
59
74
65
74
82
69
52
65
67
66
62
80
61
67
62
66
59
69
75
67
66
66
58
86
72
61
72
66
61
68
67
71
70
69
68
61
74
78
68
83
58
59
50
60
55
62
71
52
72
59
59
70
47
64
61
69
64
66
68
63
63
71
59
60
61
48
50
52
54
63
65
53
66
53
70
70
53
43
61
70
52
60
76
53
61
55
60
49
55
51
49
69
44
43
55
47
48
49
59
48
60
61
56
60
59
55
51
62
49
50
49
57
59
49
47
42
50
61
56
60
44
52
58
66
50
38
42
46
43
35
50
54
49
39
52
53
50
49
41
56
43
54
50
38
54
56
61
48
51
49
53
48
41
51
46
46
58
55
44
60
45
50
40
43
53
53
34
51
37
42
48
38
48
63
49
47
41
37
43
47
47
43
57
59
44
55
45
44
48
38
48
37
55
41
45
38
39
46
51
44
46
45
48
40
41
37
43
35
49
36
42
54
46
46
27
43
56
44
51
51
49
40
41
41
46
43
47
41
33
41
39
46
45
51
45
33
51
48
39
42
45
36
36
43
46
49
41
49
50
46
31
37
41
48
38
37
28
35
53
45
56
43
49
52
37
53
50
43
38
46
45
45
45
40
45
40
43
42
48
35
51
33
41
34
41
35
39
47
44
41
50
45
43
42
47
46
47
48
49
43
41
53
39
39
39
37
45
40
46
53
46
48
40
42
50
47
47
50
47
47
50
46
40
39
47
50
33
40
32
49
33
39
49
39
54
41
49
39
56
29
46
43
40
43
47
37
52
48
51
48
32
44
47
48
40
35
40
42
41
31
45
42
50
43
36
43
52
52
36
47
36
34
39
41
54
40
41
47
35
39
36
29
33
45
28
43
42
49
45
46
43
52
33
46
31
34
53
46
44
47
41
39
40
42
53
43
42
45
43
42
49
37
44
58
45
48
33
37
41
44
46
48
51
40
47
52
57
36
57
57
48
41
58
36
41
55
40
29
42
39
52
46
48
43
52
44
42
33
47
44
45
23
46
49
50
48
49
49
45
53
51
51
46
43
52
46
42
39
44
47
40
39
40
44
41
47
46
43
47
42
48
44
46
48
53
44
49
39
53
46
56
46
39
38
50
52
38
52
46
48
48
60
44
38
59
44
56
46
49
47
52
54
49
63
53
55
44
53
38
41
56
54
42
40
55
42
50
42
37
56
53
47
50
49
55
49
47
52
56
48
43
48
63
61
59
54
51
41
51
60
44
43
50
45
51
52
43
42
44
36
56
56
48
51
53
62
45
54
52
58
50
56
48
47
53
51
57
48
54
58
46
47
49
49
52
55
51
45
51
59
52
59
52
43
45
43
64
50
55
64
51
42
50
49
58
59
52
56
58
61
53
65
70
47
55
46
46
55
61
54
69
47
40
54
43
58
55
39
59
52
46
51
69
55
56
61
59
67
65
62
50
57
65
66
64
63
59
75
63
64
40
60
47
64
55
80
64
61
65
63
57
59
65
58
62
60
58
82
71
56
48
60
63
58
60
55
59
59
76
57
46
54
65
59
71
55
59
57
63
58
72
70
68
52
86
62
56
42
52
52
61
70
61
60
79
60
75
58
56
64
51
49
50
59
53
65
56
61
59
55
66
72
59
59
60
60
52
66
63
60
51
62
54
64
67
57
57
75
56
56
63
65
52
65
61
66
63
48
69
52
53
59
54
53
58
47
58
61
76
61
49
47
56
62
46
61
66
53
71
60
63
60
54
50
56
59
46
64
56
58
54
52
61
54
46
54
60
59
51
49
83
57
54
55
54
50
57
59
59
55
67
63
54
50
82
60
62
58
54
57
53
61
67
52
60
51
64
37
46
54
44
57
53
62
57
60
58
65
61
60
60
55
48
53
59
66
50
57
44
53
54
51
50
58
57
72
73
54
47
67
59
70
49
42
59
52
38
42
41
52
44
55
52
50
51
42
49
53
46
55
44
42
47
50
49
62
65
48
51
56
49
42
44
52
41
44
38
43
46
47
47
43
49
57
52
44
38
58
49
62
57
46
50
43
58
36
43
42
44
47
53
50
55
64
41
39
48
57
50
47
44
40
43
42
53
48
37
39
44
48
47
39
38
44
43
49
47
47
43
47
41
39
37
35
44
37
36
49
46
46
41
51
49
41
43
51
49
40
47
33
36
40
38
37
41
39
44
37
38
45
28
45
42
47
39
46
42
39
25
42
48
44
40
47
36
42
51
26
38
41
43
35
51
42
39
44
38
50
38
43
37
38
25
35
39
31
41
36
49
42
27
46
32
33
42
32
38
35
36
29
27
30
30
34
42
32
31
36
42
35
21
41
30
33
34
40
32
43
42
35
37
38
27
30
34
36
40
31
40
40
46
26
44
30
40
36
37
38
44
32
42
49
32
39
41
49
27
36
35
38
45
38
34
39
40
32
34
33
27
37
36
38
36
35
31
41
32
31
34
38
30
37
29
44
28
44
36
30
29
40
40
31
42
31
40
27
29
28
40
32
28
39
44
34
37
32
32
36
33
37
39
38
34
39
41
30
38
32
33
36
32
28
41
35
35
37
33
33
39
45
39
34
33
36
34
29
45
30
44
37
37
48
36
35
36
39
37
38
40
34
48
33
45
44
44
39
33
39
47
35
40
48
30
39
35
37
45
36
45
42
34
36
42
41
37
42
32
44
35
44
29
25
37
49
37
43
43
43
32
29
42
28
33
37
30
38
32
27
33
38
34
29
34
29
41
34
40
37
39
37
34
41
32
42
39
36
29
34
45
35
33
34
34
30
38
39
37
30
37
42
38
32
35
39
34
42
46
32
43
40
40
32
38
34
34
33
43
40
37
45
38
41
37
22
43
38
32
45
34
36
43
35
35
40
47
28
28
35
34
42
40
35
48
41
26
34
34
37
40
37
51
35
39
39
32
29
39
36
31
31
29
31
30
54
43
43
36
40
49
27
41
37
42
32
38
43
41
44
29
41
44
39
32
29
31
27
33
34
32
42
39
38
33
34
40
29
33
35
50
22
41
32
37
31
41
39
40
36
36
43
41
37
33
40
25
35
33
38
40
34
39
40
31
24
39
34
29
44
29
28
38
41
47
34
37
42
35
33
33
34
41
36
31
40
30
28
36
34
31
39
33
33
28
48
32
42
33
42
39
37
35
33
25
42
33
32
39
32
36
31
34
27
35
33
40
33
43
37
32
44
36
29
34
34
31
33
32
32
42
31
46
28
38
26
32
36
42
37
35
37
43
39
21
31
45
41
43
32
37
35
35
23
32
36
21
38
39
37
31
23
38
28
35
32
28
26
41
30
35
39
29
45
38
39
38
27
28
37
35
38
23
33
38
35
21
34
39
36
36
31
31
38
35
23
34
27
31
32
31
41
32
29
30
38
30
33
18
30
38
28
26
33
27
32
32
24
32
27
26
20
26
39
36
28
31
32
40
27
33
28
22
37
21
40
30
21
28
22
26
22
40
22
31
15
30
24
28
33
32
32
28
29
32
28
43
30
26
38
24
22
33
33
34
17
23
23
34
20
31
29
34
24
23
28
25
29
20
30
30
29
24
27
20
27
29
33
25
28
21
24
24
26
33
34
28
35
22
18
27
33
25
26
27
28
24
29
24
36
30
34
20
31
29
21
29
28
29
18
32
19
31
23
34
28
38
34
26
27
24
25
34
27
22
27
31
21
30
23
30
23
26
26
35
36
34
20
25
31
21
29
19
29
22
23
23
21
31
30
28
18
16
30
21
19
22
21
25
22
27
21
30
26
27
36
23
34
23
26
20
28
24
28
20
23
19
37
34
20
31
29
24
31
29
24
21
31
26
25
20
18
22
20
24
26
29
30
27
22
18
30
17
20
21
29
28
28
27
28
26
26
19
16
20
26
31
22
29
20
24
25
25
23
33
25
28
22
20
24
19
27
24
24
22
27
25
27
38
24
34
18
23
24
27
27
25
28
16
26
24
21
29
31
28
30
26
25
28
23
27
29
28
25
28
24
32
33
27
21
29
19
20
29
34
32
33
24
17
21
20
28
23
29
24
27
19
20
29
20
27
18
27
25
27
26
31
25
28
29
18
24
34
25
22
36
24
28
24
27
17
36
34
34
26
19
19
26
25
24
25
24
28
34
23
26
20
25
28
26
30
26
30
28
28
20
25
21
26
25
30
22
33
27
29
21
31
23
30
25
26
38
24
29
25
25
40
29
25
25
28
20
26
26
21
32
30
33
33
22
28
18
20
30
31
22
23
41
16
28
14
32
23
26
27
31
23
29
22
26
26
26
19
26
31
22
26
25
22
32
20
22
28
39
34
35
30
20
30
30
31
21
19
18
24
18
30
29
33
27
27
24
24
23
21
33
27
29
29
30
27
34
29
28
29
21
23
26
27
24
36
26
29
31
35
29
32
28
35
31
39
31
25
29
25
28
26
23
25
24
36
24
35
26
31
29
25
20
21
29
28
32
30
34
29
21
31
29
30
36
19
32
31
25
23
28
45
30
29
33
27
33
26
30
19
32
24
40
24
29
32
19
29
33
25
31
26
23
21
27
24
23
27
36
38
26
32
28
37
42
39
28
29
37
36
31
31
39
38
26
29
35
36
35
33
31
32
32
23
29
32
30
29
31
39
35
27
32
33
35
32
25
25
29
31
35
38
37
37
25
30
41
44
33
31
37
36
33
24
19
29
33
38
34
32
32
31
41
17
33
28
38
37
29
27
35
35
47
32
31
25
43
30
32
38
26
36
36
34
26
29
25
35
36
39
30
42
36
37
34
41
38
26
29
40
32
40
29
29
37
31
25
41
37
37
38
45
26
30
37
41
41
34
32
41
28
38
39
43
44
32
47
37
35
34
39
27
36
38
26
41
36
35
30
28
46
31
26
36
29
39
39
33
40
41
31
40
46
48
34
36
25
29
51
49
35
40
36
40
31
40
36
40
36
36
34
50
37
35
44
33
44
49
40
47
40
41
36
37
40
48
42
46
41
42
33
39
43
41
40
41
39
44
44
44
37
43
43
50
34
44
39
38
46
48
50
46
42
31
48
46
33
52
51
39
39
58
50
46
36
35
45
45
41
45
48
52
38
42
40
46
40
46
44
53
33
55
47
44
54
42
48
36
44
41
42
49
53
49
52
44
53
47
47
44
50
41
39
41
59
42
49
47
52
47
46
44
48
54
63
34
58
46
54
56
46
59
51
54
50
46
67
48
47
55
45
47
58
52
51
47
56
60
54
53
43
48
49
56
49
33
49
69
62
46
49
53
56
52
56
63
59
62
61
55
49
64
70
55
54
43
38
55
56
46
74
60
42
53
58
46
58
55
46
69
55
48
49
64
65
50
51
49
50
57
52
57
47
44
53
54
52
62
61
59
59
54
58
49
51
56
65
56
62
61
54
55
57
70
56
67
47
65
76
79
50
64
61
43
57
63
74
73
62
71
52
68
44
63
57
57
51
61
51
72
73
63
55
68
63
55
62
65
65
54
61
61
54
58
50
44
64
64
58
53
52
54
51
68
56
58
62
72
57
61
63
54
68
60
55
67
73
65
66
50
53
61
69
63
57
54
65
60
60
56
52
59
66
41
53
62
68
48
75
73
53
40
59
50
72
60
63
65
53
58
56
60
54
58
54
50
57
58
59
61
58
45
60
49
49
57
67
56
65
55
68
61
54
55
58
36
52
45
44
56
52
57
50
49
49
48
51
46
53
35
59
39
37
52
44
52
64
48
53
45
39
57
68
45
55
48
42
49
50
54
51
30
63
59
52
57
40
49
40
46
44
52
36
43
41
52
54
50
44
51
50
45
42
56
41
29
40
42
47
40
59
46
45
50
46
45
53
34
42
45
47
36
43
32
50
40
42
36
65
34
48
42
46
43
33
44
42
37
39
32
32
47
35
42
53
36
39
41
24
39
33
43
44
40
39
43
41
41
33
34
30
33
32
35
34
36
33
32
33
35
45
41
27
32
46
41
35
41
40
33
40
30
33
34
23
38
32
43
37
23
31
33
31
32
33
27
42
36
23
34
29
32
26
34
24
26
27
37
24
38
28
23
26
25
30
35
27
24
28
29
34
34
28
42
25
32
33
18
26
24
22
40
28
31
20
33
26
25
23
24
26
26
31
25
19
26
29
27
30
34
27
26
28
26
15
24
23
17
23
22
23
25
17
26
23
17
19
17
28
24
29
21
18
35
20
20
23
22
25
22
13
25
22
17
27
20
24
22
31
28
21
20
17
21
21
25
19
17
20
29
26
23
21
21
18
26
21
25
21
11
26
21
24
21
19
16
12
28
15
28
17
24
18
18
24
28
25
24
16
14
17
24
23
18
18
23
21
23
22
18
20
18
22
24
19
18
14
16
9
15
15
13
17
23
21
27
16
20
22
24
27
19
13
18
16
16
18
21
19
18
23
17
18
19
11
24
16
14
16
18
18
26
13
28
23
15
16
15
15
12
60
83
71
69
72
60
84
82
80
85
69
85
75
72
78
76
77
73
67
89
59
56
73
61
85
90
70
73
61
77
76
72
72
66
59
68
74
78
62
89
71
67
68
77
67
62
75
79
62
63
71
65
79
67
65
64
75
59
68
65
81
68
65
56
74
66
57
50
80
68
69
62
63
75
64
58
63
56
64
64
65
50
54
44
72
41
58
67
60
68
75
68
53
61
65
50
56
63
56
50
64
63
53
61
54
53
61
48
64
56
54
54
58
57
35
66
48
62
57
56
52
50
59
57
57
52
42
55
52
47
52
45
51
54
53
57
60
62
43
40
43
60
60
46
41
51
42
46
50
47
40
46
53
35
50
46
44
34
43
53
48
51
45
42
51
47
44
38
46
47
48
40
47
54
48
45
40
43
46
45
47
39
40
36
19
