# Filename : TXT_Files/Acq14400sec_013.Chn
# MCA detector ID: 1
# Start time : b'04':b'04':b'44'
# Start date : b'01Oct221'
# No channels : 8192
# Live time : 716333
# Real time : 720000
# En cal factors A + B*x + C*x*x
# A : 0.0
# B : 1.0
# C : 0.00
0
0
0
0
0
0
0
0
0
0
0
0
0
0
0
0
0
0
0
0
0
0
0
0
0
0
0
0
0
0
0
1
0
2
1
2
10
77
253
353
409
367
408
400
441
416
422
432
418
454
439
459
423
427
492
452
458
475
445
489
472
456
442
500
449
478
425
516
481
520
500
510
506
471
501
507
494
486
491
543
511
499
496
522
562
546
538
552
543
509
537
569
540
554
573
576
544
571
545
582
566
620
620
602
627
646
678
616
662
695
705
692
664
680
698
721
714
718
705
714
714
673
757
710
744
754
737
724
780
787
737
778
755
782
836
783
821
803
747
781
846
887
813
805
817
835
852
801
813
780
840
808
798
800
776
822
811
810
747
755
738
792
752
745
741
797
779
771
768
767
745
777
751
747
819
775
764
782
814
839
814
803
810
832
832
788
874
843
821
833
861
845
879
828
850
926
862
921
820
938
926
893
977
956
997
899
962
951
962
931
992
1007
1067
1024
1068
1056
1080
1072
1061
1059
1109
1147
1096
1136
1164
1154
1053
1095
1183
1175
1198
1196
1164
1141
1157
1189
1157
1214
1287
1181
1231
1295
1251
1314
1270
1313
1352
1232
1293
1333
1304
1378
1441
1413
1355
1356
1399
1438
1422
1446
1472
1459
1522
1515
1581
1490
1568
1618
1555
1580
1647
1592
1610
1674
1575
1631
1687
1734
1622
1688
1642
1670
1804
1707
1782
1855
1776
1828
1824
1893
1850
1877
1849
2013
1866
2035
1955
1992
1988
2008
1964
2007
1981
2031
2068
2138
2012
2139
2021
2128
2141
2189
2227
2209
2164
2235
2220
2175
2179
2258
2230
2299
2335
2324
2388
2374
2363
2360
2415
2397
2420
2417
2419
2590
2443
2547
2553
2432
2465
2588
2605
2468
2548
2537
2655
2561
2612
2589
2631
2646
2740
2687
2749
2660
2769
2723
2759
2782
2846
2770
2812
2811
2864
3010
2840
2984
2934
2991
2998
2993
2971
3031
3020
3055
3037
3189
3016
3067
3123
3098
3065
3127
3140
3134
3313
3228
3292
3280
3274
3217
3326
3257
3301
3279
3200
3341
3312
3329
3376
3216
3421
3260
3258
3343
3407
3370
3268
3409
3312
3318
3294
3249
3296
3312
3289
3289
3330
3364
3288
3334
3210
3329
3234
3223
3202
3185
3121
3127
3211
3125
3271
3168
3209
3308
3197
3150
3168
3152
3178
3146
3235
3136
3260
3198
3212
3183
3183
3153
3156
3114
3192
3324
3185
3203
3197
3137
3178
3259
3348
3281
3321
3228
3132
3359
3241
3210
3218
3213
3226
3191
3230
3149
3232
3126
3218
3190
3189
3205
3164
3165
3214
3196
3245
3199
3037
3236
3193
3135
3139
3205
3171
3210
3178
3141
3098
3152
3214
3129
3095
3133
3193
3109
3089
3114
3029
3101
3097
3052
3028
3025
3153
3075
3131
3053
3065
3090
3001
3014
3021
2994
3000
3016
3188
3115
3079
2942
3010
3043
3044
3039
3025
3067
2990
2886
3010
2983
3045
3045
2865
2992
3001
2992
2971
2921
2887
2897
2967
2986
2973
2916
2888
2994
3003
2949
2967
2821
2953
2929
2993
2985
2876
2886
2897
2818
2828
2907
2910
2920
2758
2827
2836
2938
2821
2777
2865
2966
2928
2950
2860
2878
2811
2891
2915
2873
2904
2926
2834
2813
2823
2906
2932
2767
2908
2827
2785
2883
2830
2844
2779
2815
2830
2785
2802
2934
2733
2756
2804
2801
2751
2737
2788
2816
2770
2715
2851
2727
2778
2742
2776
2766
2766
2776
2784
2703
2732
2668
2733
2774
2775
2704
2770
2676
2801
2716
2696
2687
2701
2630
2717
2640
2687
2639
2729
2695
2717
2648
2647
2624
2664
2569
2608
2681
2715
2772
2673
2608
2621
2585
2703
2667
2608
2759
2679
2584
2639
2722
2535
2607
2598
2712
2599
2623
2686
2648
2615
2531
2646
2621
2616
2564
2601
2531
2510
2630
2549
2482
2536
2472
2468
2499
2526
2537
2500
2509
2507
2524
2450
2462
2415
2474
2594
2448
2483
2418
2379
2427
2501
2459
2421
2486
2438
2441
2475
2349
2458
2423
2415
2402
2405
2384
2501
2320
2407
2385
2420
2383
2280
2369
2444
2320
2352
2306
2334
2397
2423
2298
2387
2420
2296
2334
2362
2287
2286
2313
2183
2276
2277
2330
2235
2326
2222
2252
2254
2279
2286
2205
2348
2291
2212
2308
2244
2248
2268
2311
2180
2211
2183
2256
2265
2269
2303
2267
2360
2272
2190
2224
2296
2214
2265
2234
2248
2257
2232
2185
2191
2176
2228
2155
2187
2123
2180
2204
2143
2263
2080
2176
2187
2145
2174
2109
2135
2097
2127
2093
2129
2145
2148
2127
2220
2160
2064
2130
2024
2006
2031
2076
2044
2170
2125
2002
2023
2037
2095
2086
2066
2056
2109
2055
1942
2037
2030
2041
2040
1954
1972
2039
1959
2065
2011
1973
2013
1956
2055
2007
1971
1914
1997
1958
1972
2024
2019
1985
2032
2035
1954
1877
2027
1919
1972
1955
1916
1904
1903
1812
1917
1958
1892
1902
1876
1919
1899
1867
1850
1887
1907
1844
1818
1939
1901
1794
1763
1803
1904
1927
1836
1874
1818
1849
1866
1825
1848
1862
1813
1754
1824
1787
1859
1816
1794
1757
1787
1818
1758
1716
1767
1845
1822
1706
1754
1729
1794
1798
1733
1850
1787
1768
1818
1796
1694
1737
1757
1769
1776
1757
1717
1768
1781
1727
1681
1721
1737
1793
1718
1743
1687
1741
1744
1753
1776
1674
1717
1640
1669
1701
1749
1693
1685
1685
1784
1762
1750
1664
1763
1690
1666
1719
1692
1655
1607
1703
1691
1715
1769
1679
1655
1654
1668
1653
1664
1663
1645
1608
1650
1703
1662
1669
1649
1632
1594
1710
1642
1719
1671
1668
1665
1704
1685
1594
1677
1537
1669
1640
1679
1597
1642
1625
1590
1651
1572
1632
1638
1561
1610
1570
1590
1614
1520
1567
1622
1585
1536
1583
1576
1576
1642
1540
1568
1628
1537
1591
1564
1550
1592
1526
1528
1543
1542
1511
1491
1516
1462
1486
1474
1519
1521
1579
1476
1537
1511
1496
1500
1534
1506
1520
1484
1480
1537
1479
1524
1428
1437
1509
1471
1508
1510
1472
1428
1475
1430
1489
1474
1440
1448
1461
1435
1450
1430
1398
1405
1369
1451
1426
1393
1411
1471
1392
1378
1407
1372
1418
1392
1320
1350
1406
1405
1377
1391
1436
1339
1376
1380
1332
1284
1411
1412
1347
1344
1373
1300
1379
1420
1284
1312
1368
1338
1344
1306
1341
1376
1395
1281
1284
1312
1273
1280
1323
1283
1402
1316
1314
1345
1328
1315
1353
1292
1296
1292
1341
1224
1325
1301
1308
1323
1296
1334
1338
1337
1297
1249
1244
1292
1292
1297
1256
1218
1267
1268
1218
1239
1276
1278
1310
1257
1222
1309
1335
1271
1220
1224
1259
1274
1276
1224
1260
1307
1259
1211
1259
1260
1256
1269
1209
1203
1249
1251
1164
1218
1252
1245
1252
1298
1240
1222
1230
1255
1227
1257
1233
1249
1303
1264
1157
1195
1178
1205
1197
1192
1283
1235
1258
1239
1211
1241
1226
1280
1280
1202
1261
1247
1242
1242
1300
1218
1248
1263
1273
1289
1262
1238
1241
1302
1265
1302
1258
1288
1185
1224
1217
1249
1291
1245
1270
1306
1296
1254
1301
1253
1234
1266
1282
1336
1244
1271
1272
1318
1300
1293
1252
1322
1317
1342
1310
1277
1290
1310
1292
1298
1291
1284
1287
1287
1337
1245
1318
1251
1300
1262
1276
1301
1290
1250
1290
1274
1315
1221
1264
1292
1198
1227
1303
1281
1275
1254
1194
1173
1214
1189
1225
1292
1231
1259
1217
1180
1214
1188
1153
1254
1226
1176
1159
1145
1126
1136
1157
1155
1179
1136
1118
1104
1192
1092
1102
1134
1152
1185
1085
1081
1084
1026
1078
1089
1069
1129
1007
1085
1015
1037
977
1043
1014
983
1045
1019
1019
1051
1021
1018
998
989
945
928
929
931
950
994
968
952
984
916
986
961
921
909
960
926
950
933
940
891
918
891
930
867
965
893
826
870
888
851
838
846
885
905
830
845
856
811
900
863
819
850
874
825
845
870
877
808
855
821
820
781
836
861
818
823
812
829
796
801
845
799
828
812
807
749
826
810
777
832
762
793
815
814
779
824
821
764
827
752
813
820
782
791
781
823
784
738
781
786
756
800
774
776
750
749
811
751
784
772
827
749
737
795
789
750
744
748
703
788
804
780
750
767
767
764
705
775
657
771
728
758
718
757
714
796
757
706
774
728
743
706
721
784
685
772
746
796
790
791
739
785
791
759
774
743
734
757
806
736
779
729
729
738
721
761
759
773
794
782
765
748
709
727
713
730
748
818
764
694
747
671
746
766
738
714
705
719
709
745
738
721
724
756
700
717
739
722
735
707
717
753
731
759
719
763
700
730
713
747
734
763
714
736
713
743
739
757
738
698
696
727
718
725
732
711
699
753
740
685
739
680
737
730
707
705
693
757
703
727
681
697
720
712
700
733
728
645
713
658
674
706
734
685
725
714
689
670
645
682
686
652
664
650
690
673
651
756
689
697
624
714
689
704
755
629
665
609
705
628
652
670
652
657
683
643
674
692
672
574
639
644
644
638
685
573
612
603
650
676
612
615
637
575
613
619
627
603
599
624
596
622
562
572
617
592
593
601
601
577
578
618
560
610
571
577
619
610
548
542
578
568
588
525
558
586
578
577
538
565
556
590
568
605
548
508
550
549
556
586
569
516
564
515
585
537
575
567
548
511
486
516
566
539
560
565
525
549
532
542
571
553
494
505
505
528
564
528
540
515
536
544
538
524
497
513
522
545
554
523
523
508
555
521
541
531
554
525
535
572
545
532
509
569
497
537
540
515
539
580
549
540
551
543
566
510
520
546
591
552
577
511
548
522
511
545
571
540
571
566
521
532
526
547
534
515
553
505
499
532
565
544
570
534
560
553
552
553
556
544
556
532
540
542
562
555
545
546
564
541
593
594
538
562
572
619
583
545
601
594
602
561
596
557
588
531
582
613
593
603
538
569
590
585
624
579
577
599
594
594
570
574
582
573
600
591
590
575
608
599
612
542
555
589
554
546
601
611
572
592
598
569
598
627
591
578
561
562
583
589
574
581
623
577
556
609
574
548
548
573
603
611
606
567
571
569
553
606
653
583
560
544
583
571
592
574
585
544
601
517
557
540
597
590
531
533
559
563
556
535
539
585
539
563
558
549
544
530
513
486
509
531
503
543
526
500
487
492
500
539
476
522
495
485
505
547
489
521
508
485
492
520
517
487
466
503
476
493
505
485
487
460
465
477
447
488
463
472
437
471
467
448
466
460
446
444
439
482
416
441
439
438
453
417
434
437
404
448
452
426
415
429
424
444
427
416
387
373
433
438
415
427
436
419
386
420
447
414
352
385
367
339
378
371
347
354
381
406
382
369
382
368
370
359
331
375
341
364
373
334
334
355
336
371
308
371
380
326
329
335
322
350
362
332
373
366
325
332
326
364
335
354
333
323
354
322
354
306
315
330
338
308
366
306
342
311
343
344
332
369
326
310
348
313
322
330
360
349
319
318
364
341
338
355
338
364
320
329
343
343
350
363
313
349
347
317
384
347
359
344
349
328
338
338
315
356
336
335
331
316
340
333
331
361
360
401
348
395
393
361
365
357
354
357
367
323
379
347
408
373
363
385
345
341
362
345
357
384
398
355
355
389
363
391
395
368
397
338
387
391
358
363
378
410
381
379
377
374
383
407
407
417
340
411
409
416
377
395
404
412
425
391
435
404
379
376
416
395
451
401
417
432
434
413
393
405
432
420
409
413
428
437
440
429
451
423
421
429
440
446
424
417
416
447
454
430
458
432
422
459
429
428
437
436
456
447
465
459
433
441
418
442
416
421
451
431
430
415
439
472
441
437
434
425
405
456
437
435
400
466
460
445
443
473
420
429
448
439
448
469
433
413
445
410
424
433
418
430
453
409
426
415
450
454
423
423
427
425
445
412
443
402
416
426
412
438
394
418
411
451
396
403
384
388
389
395
415
370
389
404
369
373
373
389
367
372
359
409
407
376
358
391
393
358
370
357
346
373
374
361
400
362
335
350
398
363
345
361
351
348
340
335
350
356
307
353
322
347
360
308
316
338
312
304
321
291
323
271
321
303
292
296
279
310
269
321
316
301
297
262
292
290
311
292
268
282
314
288
296
288
294
264
292
285
279
282
278
265
259
276
262
238
267
236
273
229
260
258
263
283
244
269
270
262
237
262
253
238
246
232
247
235
248
277
259
260
251
257
250
251
241
239
255
234
238
267
245
245
226
264
239
260
262
239
213
235
241
268
252
229
226
233
242
233
245
238
237
229
237
234
261
219
240
227
236
257
246
257
234
243
216
235
260
220
259
246
232
257
232
220
253
269
237
218
206
236
239
236
213
232
239
215
223
220
238
223
249
274
236
257
233
239
228
210
244
215
237
228
235
223
228
243
232
224
227
236
245
216
228
235
224
222
221
226
222
248
235
257
237
221
239
219
237
216
202
240
230
234
249
235
252
218
197
242
206
237
203
246
226
216
242
252
215
239
216
238
238
263
249
216
228
216
208
236
223
239
249
226
234
231
209
234
224
221
236
230
242
236
232
243
206
211
211
235
216
226
204
232
211
203
212
200
217
211
207
213
229
211
248
179
202
245
212
230
229
215
187
242
202
220
219
228
228
220
223
223
208
235
247
218
193
211
240
197
223
243
207
211
220
214
211
215
193
217
233
203
187
233
207
213
216
215
215
232
243
199
218
230
208
213
200
195
196
224
189
233
238
207
235
226
227
210
231
236
224
214
224
194
201
218
207
204
201
188
217
202
239
224
193
196
208
231
193
207
209
236
240
228
194
230
219
213
191
204
209
196
236
233
239
212
178
217
198
245
214
205
206
227
212
220
221
219
245
212
203
211
212
219
237
240
210
225
218
217
200
232
224
207
221
188
217
221
223
195
228
221
201
231
205
247
214
208
219
218
206
212
206
203
196
195
200
222
195
232
206
203
225
208
216
201
211
215
175
200
220
242
203
191
234
212
199
202
217
226
213
246
218
220
195
218
221
232
222
212
218
186
229
224
196
198
240
208
206
233
203
210
211
190
213
208
185
213
190
213
226
196
201
208
227
177
221
201
179
214
216
192
227
208
222
200
203
212
187
202
211
199
194
203
194
191
191
214
182
213
207
195
224
217
202
213
219
201
211
203
221
200
180
241
202
188
209
212
214
189
212
189
209
190
217
184
212
201
198
194
208
183
181
171
204
191
199
210
176
165
209
206
180
195
167
195
186
177
198
192
202
179
193
186
197
202
179
182
195
200
193
173
185
192
190
171
172
214
188
194
174
188
189
168
168
186
181
191
161
166
159
173
189
178
166
191
200
195
193
192
161
184
195
179
182
184
178
174
193
176
191
174
180
186
192
187
180
172
181
155
164
186
182
145
173
189
188
167
187
187
186
181
174
154
174
180
183
185
176
169
197
197
188
176
205
153
164
180
176
139
187
183
163
191
173
180
178
188
169
168
163
162
183
175
162
182
155
215
175
159
178
185
198
193
193
168
193
164
172
188
185
175
170
192
196
180
177
201
179
186
179
193
181
182
164
183
182
174
180
169
183
173
176
181
201
178
193
162
170
201
165
204
184
188
169
195
190
184
208
195
185
189
185
225
202
173
181
174
177
212
199
197
208
208
175
183
213
215
212
222
179
204
192
180
210
199
193
210
205
205
199
188
194
182
194
222
216
191
204
225
220
181
217
202
201
221
237
216
202
218
217
216
242
221
192
201
203
228
209
246
210
214
241
206
220
216
243
230
222
228
243
200
211
199
225
219
224
252
225
217
222
225
242
243
239
214
226
230
241
221
237
228
240
259
239
200
261
253
224
258
256
240
236
242
252
235
250
247
253
261
258
235
266
246
243
247
244
242
247
220
251
251
229
249
231
237
244
254
245
227
238
236
256
237
234
278
281
268
285
252
254
267
251
271
248
246
266
248
260
281
254
255
259
254
254
261
251
260
242
252
239
266
262
275
248
279
257
231
243
271
262
222
280
272
260
282
248
264
264
259
282
288
260
259
287
283
309
257
263
246
266
258
265
275
272
274
255
257
281
268
268
302
266
264
312
253
261
254
261
277
297
256
289
293
239
241
282
269
251
298
311
311
261
264
265
274
247
260
269
281
229
238
297
285
297
283
262
285
280
284
239
249
251
294
259
249
235
252
253
257
237
263
286
248
256
261
230
258
279
258
230
273
253
252
230
232
269
249
279
228
261
240
222
261
244
246
279
241
243
257
240
254
242
245
243
267
244
231
228
237
223
233
216
215
198
215
248
217
231
243
262
232
245
206
248
206
211
224
226
234
244
215
208
220
232
235
227
204
243
203
219
218
208
210
216
195
210
205
183
198
191
177
224
211
213
185
200
178
221
196
165
195
197
195
185
185
195
181
182
168
183
179
165
184
159
197
187
177
145
175
185
164
201
178
161
163
172
172
152
148
165
169
172
195
151
147
190
148
189
147
159
147
160
150
174
157
154
158
158
141
174
143
153
135
121
136
162
154
159
124
162
127
137
136
134
142
144
138
141
133
135
152
155
140
148
155
137
138
152
118
134
122
138
113
126
132
136
118
121
132
129
135
131
124
115
139
111
129
155
124
136
135
128
126
109
142
134
122
124
134
121
119
127
86
122
98
120
121
129
113
121
112
125
124
109
125
115
114
113
127
129
118
111
115
122
92
125
116
110
106
126
125
117
98
110
121
110
125
112
137
118
114
98
107
106
109
95
117
111
102
106
125
110
107
100
116
115
109
115
99
91
114
103
96
114
108
98
103
119
105
108
100
108
122
108
112
98
100
119
102
100
124
119
105
114
95
116
95
92
131
112
122
102
113
106
113
114
105
108
102
103
131
127
107
105
126
112
110
120
94
132
101
105
127
120
98
88
112
103
109
108
87
104
128
114
116
89
101
115
101
118
106
123
116
117
107
102
128
113
90
109
120
111
96
108
72
111
103
97
118
111
106
129
110
108
91
103
99
96
100
84
98
95
104
95
118
106
107
109
104
123
114
120
120
114
97
93
107
91
102
109
88
115
100
91
121
105
101
96
100
104
87
108
107
119
109
111
102
105
104
104
101
100
99
89
108
92
101
93
106
97
87
99
112
107
107
104
94
99
93
112
97
120
97
106
85
102
108
98
107
96
107
89
98
88
111
83
90
98
84
100
101
96
86
99
97
106
94
103
111
109
103
114
84
119
88
88
107
93
125
129
110
83
92
94
85
102
103
89
88
88
101
93
111
84
93
106
93
105
92
102
94
111
86
101
105
109
102
91
97
96
91
111
86
77
110
115
66
91
96
106
102
98
99
102
92
107
94
94
104
89
106
90
111
102
102
97
112
95
102
109
105
107
98
99
104
104
107
111
97
99
103
92
106
80
91
88
102
105
122
107
103
102
86
112
94
97
94
100
102
111
89
95
97
104
104
107
110
107
91
111
94
79
99
94
102
96
77
97
95
126
91
124
110
100
93
99
91
78
92
120
102
94
81
101
100
108
104
110
90
117
93
101
87
109
106
84
99
108
94
101
94
109
94
110
98
100
103
95
95
108
95
120
100
93
106
128
97
110
95
102
113
110
105
89
118
94
102
111
98
94
98
96
95
92
95
104
110
109
91
91
108
105
112
103
97
98
80
108
92
97
130
120
95
107
96
89
88
93
89
111
80
101
98
89
108
100
95
119
100
113
95
98
92
100
91
108
90
104
97
93
80
91
106
115
98
102
97
88
97
110
97
120
114
89
94
93
88
111
85
113
109
81
95
100
86
95
108
92
117
91
112
101
101
94
94
97
89
94
101
97
96
101
90
107
107
109
87
92
107
100
96
79
102
107
94
90
104
118
104
103
84
91
85
87
112
90
93
102
96
93
95
92
95
100
98
96
104
93
102
107
86
102
113
89
93
80
107
101
86
104
101
71
103
82
104
107
87
82
111
89
101
109
90
80
90
95
103
105
87
106
90
83
106
86
85
105
96
106
93
97
93
107
96
98
89
102
95
94
107
99
81
119
110
129
103
75
86
113
86
93
104
80
90
85
93
93
95
86
93
100
101
96
88
111
99
114
84
90
110
97
95
94
88
124
87
88
103
86
100
97
103
99
94
92
90
103
91
83
100
87
103
102
83
76
93
100
102
97
120
105
92
107
100
86
96
104
98
83
90
82
86
114
93
109
92
95
95
98
95
101
111
93
107
103
84
109
84
109
86
88
85
94
101
90
102
95
91
101
89
86
95
88
101
105
99
94
96
90
78
84
96
91
74
108
92
86
74
110
89
85
93
90
70
85
101
89
103
89
94
86
112
92
105
85
90
78
89
83
104
99
86
76
85
87
90
95
85
87
94
97
101
99
84
100
107
88
73
107
89
100
73
74
93
99
98
91
83
98
87
84
91
89
78
85
90
84
75
84
81
77
86
92
84
83
84
82
96
82
87
88
70
84
97
87
105
89
89
86
66
88
79
91
76
81
80
92
76
82
90
87
101
72
85
76
83
81
72
86
83
96
100
93
70
82
94
72
75
98
63
95
87
71
89
75
75
73
86
83
82
69
91
84
80
90
83
70
70
82
89
81
91
62
77
79
73
86
75
70
77
82
75
74
75
83
88
86
70
86
74
67
79
78
86
83
92
48
86
77
71
69
88
75
80
91
72
80
71
78
88
74
81
82
73
67
71
68
69
78
80
90
82
68
71
58
86
79
89
88
74
81
57
55
80
84
79
77
81
76
91
64
89
74
69
86
72
64
90
69
65
73
69
82
73
72
78
77
79
48
72
73
73
84
74
67
78
75
70
59
60
74
77
68
74
93
83
69
72
62
68
65
81
76
98
74
76
53
74
89
74
71
67
81
72
70
66
75
70
81
80
71
73
57
79
76
71
77
71
69
67
79
73
67
75
81
74
61
68
84
71
82
70
79
73
91
58
80
67
70
84
69
74
89
76
63
74
76
63
87
61
70
68
78
69
79
82
86
79
91
78
87
83
63
71
72
50
78
72
83
65
74
77
59
92
88
89
73
70
73
79
85
87
80
74
87
70
78
70
64
64
79
72
61
88
83
82
66
82
68
83
75
73
72
71
64
81
66
78
52
89
62
87
93
80
83
91
82
78
64
71
74
66
66
66
71
68
73
85
74
90
79
83
74
71
78
83
73
87
61
79
63
81
89
83
71
71
68
69
67
64
84
73
65
74
76
66
72
55
76
68
66
75
69
75
80
83
64
75
72
71
90
78
69
77
84
77
77
75
91
70
69
72
77
83
75
69
88
71
93
74
76
64
79
94
75
78
83
66
64
74
72
90
73
61
73
90
81
80
69
88
91
79
74
77
71
78
65
84
81
76
67
84
75
79
70
86
78
77
94
81
79
82
75
88
78
76
75
99
79
76
72
86
96
78
83
86
78
74
81
92
89
90
96
77
76
87
75
77
86
102
69
92
83
86
85
78
77
90
79
67
70
89
79
72
80
78
78
76
92
85
80
77
82
94
93
93
102
70
89
92
79
93
75
92
82
93
100
92
89
74
88
89
91
97
93
91
101
93
92
81
80
79
94
94
81
111
106
90
90
113
94
103
73
91
106
108
101
103
78
91
114
85
108
93
104
95
77
92
86
83
93
86
95
107
70
87
110
81
85
95
86
94
86
89
86
106
96
86
99
101
99
85
86
86
87
98
103
95
97
104
100
104
102
101
106
107
96
101
109
107
99
102
86
87
96
81
101
96
122
86
96
98
113
111
103
109
81
91
104
96
102
99
85
80
97
96
96
97
98
89
103
93
92
107
100
89
102
101
94
96
91
104
94
93
106
101
86
94
106
84
109
76
92
93
111
98
106
87
89
102
103
108
97
91
124
106
99
96
108
104
90
88
77
95
87
91
92
94
102
94
105
86
86
88
102
101
96
86
96
93
80
103
98
93
90
102
97
92
84
104
80
85
93
85
77
81
85
103
76
84
90
91
82
81
103
104
85
86
76
93
92
94
78
84
77
79
82
81
91
99
96
88
83
93
75
95
82
71
67
81
74
72
71
100
87
78
76
96
78
80
98
78
83
85
86
89
92
82
89
101
75
103
69
81
88
87
95
81
84
90
88
83
86
83
90
86
82
91
74
69
71
88
71
78
71
83
83
78
75
77
83
90
93
85
76
77
93
89
75
87
88
90
82
81
76
78
83
81
85
58
77
68
71
89
88
83
76
81
90
83
87
73
84
89
94
74
84
79
90
89
85
87
85
74
76
86
82
79
97
88
66
77
72
76
73
83
74
69
88
80
71
56
74
87
107
81
66
72
87
89
83
83
75
85
79
87
71
96
77
76
83
75
84
87
75
67
86
80
89
68
81
93
85
79
65
65
70
60
69
86
78
84
82
70
76
61
100
76
76
73
72
73
70
75
72
83
82
69
75
75
69
88
80
78
76
81
86
65
79
76
80
77
90
82
78
78
71
72
70
71
81
81
78
70
74
76
77
75
88
80
75
73
83
80
72
76
61
69
77
80
53
71
73
75
79
67
65
64
64
77
64
62
68
80
70
68
89
82
56
71
49
62
58
60
71
58
64
67
61
71
56
81
70
55
69
75
49
71
66
64
63
56
67
77
72
75
70
56
66
64
50
71
70
74
55
65
71
70
55
80
64
59
59
77
65
62
74
56
75
57
69
67
55
67
50
55
64
64
53
47
66
72
53
60
56
62
82
49
63
39
55
64
60
65
55
63
61
56
50
55
70
55
48
62
67
56
52
42
51
58
61
53
57
43
55
62
64
56
64
63
46
55
52
46
53
51
44
57
56
54
53
46
45
44
49
43
61
41
56
68
49
49
51
40
51
30
37
49
59
52
55
36
49
48
42
54
50
43
45
43
52
35
63
50
63
59
51
54
42
53
43
46
49
47
32
44
54
58
54
48
39
54
58
42
36
42
41
42
50
59
38
47
62
60
51
48
44
48
45
45
50
41
60
56
34
41
38
40
40
53
51
42
49
40
52
43
48
50
42
38
38
37
48
37
50
51
46
41
48
43
35
44
42
39
53
40
50
50
29
35
59
52
47
45
49
39
45
36
40
42
35
53
43
47
43
41
39
49
41
51
41
50
46
56
32
40
34
45
47
35
39
42
33
51
49
51
34
39
36
38
49
49
44
39
50
52
44
47
52
38
46
45
35
50
48
38
35
39
43
43
49
47
30
42
46
43
45
45
36
38
34
46
42
45
47
41
34
45
37
48
43
48
33
42
43
40
45
37
28
47
58
39
30
57
50
47
44
35
43
46
42
43
30
35
46
41
45
47
49
37
45
36
48
45
40
42
41
52
44
33
39
39
49
50
53
46
55
34
39
46
46
42
49
47
40
41
50
37
33
46
54
46
33
38
39
37
43
56
35
42
55
64
45
40
48
45
30
43
47
42
50
43
34
43
51
38
47
39
32
38
48
38
39
31
36
44
44
46
35
47
32
37
46
36
51
47
41
45
53
39
46
50
52
31
43
52
45
53
42
43
58
57
44
40
50
33
50
39
37
51
41
48
37
46
47
46
44
45
57
34
52
47
45
45
38
39
52
34
46
44
48
44
28
40
47
40
52
48
37
47
47
63
39
50
40
33
40
48
47
49
43
39
55
55
53
51
44
41
51
54
49
44
42
46
50
50
39
55
43
49
49
45
56
45
47
44
62
57
50
47
52
56
43
51
49
45
47
44
57
50
53
45
55
67
49
51
51
47
46
41
54
39
41
45
55
60
60
51
38
48
42
52
43
49
56
54
48
40
39
51
43
51
59
48
52
51
58
49
52
54
48
50
41
48
60
48
60
55
49
51
65
54
55
52
44
48
55
54
51
59
46
59
59
43
54
50
45
52
46
59
52
54
57
54
55
54
52
57
47
62
49
52
50
57
50
60
68
74
51
57
48
62
55
59
72
49
50
56
65
60
47
58
62
55
53
50
41
51
60
70
61
47
61
61
54
46
68
67
55
56
55
59
58
52
52
51
63
72
58
51
68
50
59
54
50
59
45
57
58
70
66
65
73
58
70
66
54
62
68
72
64
71
63
66
55
66
60
60
46
60
75
61
60
53
67
52
69
62
52
55
51
60
59
48
51
63
65
61
53
62
55
64
67
74
65
48
67
60
60
62
75
71
50
58
58
53
63
66
58
73
61
51
55
48
71
56
55
65
60
64
77
58
66
61
55
55
58
70
75
64
57
60
50
59
47
61
62
53
66
51
46
50
58
60
64
51
59
56
58
52
51
53
53
50
63
51
68
54
55
49
61
42
63
75
59
46
73
60
51
65
66
53
62
52
61
56
42
70
60
61
80
50
75
51
59
62
67
52
53
51
59
60
52
66
58
65
50
65
63
41
60
70
61
53
54
79
54
50
55
52
54
66
40
52
43
31
46
48
52
51
47
47
55
50
59
64
54
67
57
65
43
46
53
49
46
62
56
58
60
55
56
53
56
42
52
45
41
52
48
55
46
56
54
61
48
51
45
53
45
59
43
44
48
50
47
46
51
65
43
54
38
49
43
46
46
45
55
50
48
36
51
48
60
63
40
39
43
56
47
46
47
30
45
45
37
48
46
62
51
41
44
49
45
36
48
32
39
63
36
41
40
45
57
44
49
35
42
41
51
44
44
45
42
31
36
30
45
42
47
48
42
40
43
37
38
37
46
43
49
48
47
41
41
50
39
41
37
47
37
41
33
36
47
36
35
30
52
39
49
41
47
46
53
41
38
40
36
36
37
52
38
39
38
38
40
53
44
35
24
36
43
43
34
30
30
46
36
42
41
37
43
34
35
35
38
31
50
37
40
36
50
45
42
32
47
45
33
46
35
40
42
34
56
34
32
37
42
47
32
30
44
45
36
31
50
43
42
36
38
33
33
36
42
29
25
36
40
33
41
42
36
30
31
27
43
43
37
36
41
31
39
41
41
42
42
35
22
35
38
35
38
41
34
39
40
41
33
45
35
36
30
32
43
31
48
34
28
36
39
36
37
32
38
40
31
33
35
32
27
44
36
30
46
30
36
44
35
37
38
43
38
35
37
41
36
35
34
26
32
43
45
36
49
35
38
40
39
37
40
30
41
29
49
33
31
39
43
29
28
30
42
29
26
37
30
37
31
36
47
40
33
40
32
31
32
33
36
37
36
55
45
27
39
36
34
43
42
32
35
45
30
43
36
39
38
32
42
35
38
34
37
42
45
36
29
36
43
45
44
27
35
43
36
30
37
35
42
33
32
22
36
37
33
41
26
34
36
42
38
34
41
42
39
30
40
24
34
40
30
32
41
25
27
36
38
37
40
36
30
41
32
44
39
41
44
33
41
38
46
32
31
46
28
38
35
35
30
34
35
28
40
36
37
40
38
39
38
35
36
38
38
33
38
42
36
36
34
44
34
37
40
41
32
39
30
31
33
24
27
40
34
46
41
31
34
42
38
41
34
46
32
24
30
41
41
32
45
41
34
47
37
42
30
40
34
37
31
38
42
36
32
32
36
31
52
41
36
36
36
30
33
30
40
33
29
42
35
41
35
39
36
48
47
25
37
32
49
29
30
36
32
30
39
43
35
31
31
47
33
30
36
29
29
35
36
30
38
40
37
32
39
41
38
35
31
57
44
36
37
42
41
29
36
30
33
39
30
36
28
34
40
35
36
35
29
30
46
26
32
33
37
28
30
40
23
31
35
25
38
28
30
49
34
33
39
35
35
35
39
35
28
33
45
28
50
29
44
40
33
39
32
19
35
20
40
29
33
35
32
37
34
38
33
35
45
31
31
39
28
26
39
40
32
41
27
37
27
31
27
39
32
24
42
36
31
28
33
21
29
36
33
39
32
24
28
28
44
27
28
27
30
33
30
32
40
31
30
42
42
41
30
40
29
43
32
34
31
32
25
30
40
25
34
38
32
32
34
39
26
23
36
35
46
36
28
26
29
39
24
36
36
34
24
31
26
42
28
35
30
27
34
29
32
35
22
28
29
34
37
24
37
29
22
28
29
33
25
29
28
32
30
34
32
33
28
36
41
33
29
21
27
35
25
26
31
37
25
30
25
27
23
31
22
24
31
38
27
28
30
26
18
26
21
34
33
29
26
23
33
37
29
28
26
34
24
36
38
28
27
24
25
36
34
23
32
27
20
22
32
29
28
25
20
30
29
33
33
26
16
25
23
23
27
20
26
23
23
31
31
28
25
34
26
31
24
33
26
26
27
24
17
21
28
26
33
26
30
37
34
30
28
25
18
25
35
22
26
24
28
25
30
29
37
27
33
22
30
31
22
26
43
23
22
32
28
24
31
22
20
25
28
23
30
25
29
24
31
29
30
26
29
32
25
24
25
20
23
16
22
21
27
25
28
23
28
23
32
23
21
25
25
31
23
25
32
29
22
30
28
39
30
23
25
29
23
24
30
20
32
26
21
21
33
20
10
16
22
22
29
35
30
25
30
23
36
21
22
28
15
21
17
33
22
25
30
25
22
25
27
23
22
19
30
22
22
21
30
26
28
18
22
30
28
20
27
22
24
23
29
35
24
25
26
39
30
23
23
29
36
27
27
23
27
42
37
21
23
23
20
25
21
21
30
20
20
34
29
28
25
26
27
17
18
18
34
19
23
27
24
27
24
25
19
32
19
20
22
28
20
23
20
25
25
27
21
23
16
25
20
26
24
27
25
34
29
15
21
22
27
25
29
22
30
28
25
38
27
23
21
29
25
19
26
21
27
21
28
29
18
23
16
27
29
20
25
25
28
25
22
25
33
26
27
20
25
24
21
24
37
27
25
27
28
24
22
31
23
31
31
25
29
29
24
27
34
32
23
32
32
20
25
23
28
24
29
22
35
29
31
33
37
20
28
29
22
32
27
17
30
25
23
34
30
39
31
27
22
34
26
31
36
32
32
34
32
28
34
22
28
26
30
28
23
23
31
17
28
37
27
28
31
26
14
28
33
37
24
29
26
31
33
28
28
26
38
21
35
30
39
31
28
33
15
27
26
26
23
41
37
22
28
31
38
25
19
27
19
32
28
34
22
23
26
33
33
23
18
29
31
33
30
38
32
26
28
36
23
32
37
36
38
31
22
31
30
34
42
35
33
29
35
29
25
26
25
23
23
29
28
35
28
29
37
37
28
35
31
32
24
34
28
28
23
29
42
45
33
42
37
28
35
21
29
31
26
28
34
30
23
33
29
29
25
33
28
35
40
24
42
26
34
44
36
39
32
36
28
28
38
36
21
36
36
41
39
36
37
22
39
47
31
32
33
28
33
29
34
26
33
31
35
24
29
29
24
38
29
37
31
37
39
36
31
38
31
40
33
34
28
32
33
34
32
33
24
29
40
44
32
30
36
23
21
33
29
31
35
30
40
30
37
30
37
34
31
33
36
35
30
35
33
30
44
39
38
34
31
41
25
39
37
35
33
35
36
38
34
32
35
32
35
45
38
36
44
35
28
32
43
35
33
27
37
26
38
30
26
37
29
37
40
27
33
49
32
41
35
31
41
29
41
33
37
42
36
46
37
29
40
45
30
39
41
47
53
45
42
28
35
31
41
47
49
28
39
43
45
35
55
42
49
41
36
34
42
41
37
39
37
44
45
38
41
48
61
43
37
35
34
45
48
42
39
46
35
42
44
41
41
46
43
36
43
38
49
41
49
37
57
44
46
59
45
41
38
42
43
50
36
60
53
51
50
39
38
44
55
45
49
53
40
38
48
43
52
35
34
47
58
52
47
42
48
36
44
57
32
45
39
42
52
39
58
47
57
50
59
50
40
50
50
50
54
50
49
67
46
57
60
50
59
57
44
46
45
43
46
54
62
44
59
55
40
55
52
39
37
67
52
54
70
63
56
67
59
43
46
49
54
56
54
61
56
47
56
65
44
61
59
62
46
50
38
56
63
46
61
52
43
46
77
45
51
65
61
67
62
52
60
45
57
54
53
73
52
67
59
51
66
74
67
71
62
58
55
56
65
63
48
50
66
64
71
62
66
55
59
61
56
71
73
59
52
55
54
51
61
62
60
63
68
65
49
58
62
58
48
80
54
64
61
54
62
54
72
58
56
67
63
66
59
60
43
67
61
56
63
54
68
53
53
52
50
63
59
40
61
58
62
63
52
55
54
52
71
47
67
62
66
55
48
53
67
46
51
54
55
55
54
56
58
59
64
57
55
64
58
43
55
55
58
58
56
52
52
42
51
65
60
43
48
49
80
45
60
51
50
49
61
59
60
38
52
61
46
51
50
68
45
50
52
54
55
63
62
54
51
56
49
37
49
42
51
57
70
53
44
55
52
62
55
54
51
47
54
45
54
54
51
45
51
40
37
49
53
38
52
49
53
40
49
37
49
42
48
50
34
38
54
47
44
48
36
52
41
37
50
51
45
34
33
43
43
55
34
40
45
56
43
39
41
47
46
40
48
37
43
38
43
43
40
40
56
41
35
38
37
50
48
35
40
50
37
38
44
39
39
33
38
33
38
46
31
39
31
35
28
37
40
39
30
44
36
39
39
36
35
39
40
37
43
38
27
35
33
29
46
43
38
24
25
36
24
25
34
26
33
34
34
27
37
32
32
34
26
30
21
33
24
29
23
27
35
44
30
51
26
28
26
36
24
25
30
31
29
32
23
27
28
29
25
33
26
37
19
26
30
25
24
34
27
33
32
23
18
16
35
28
41
31
22
17
19
30
23
25
22
26
21
22
18
27
13
23
21
24
27
22
25
23
25
23
25
28
28
28
19
35
24
31
34
17
19
23
18
23
23
23
16
17
19
21
28
33
32
31
28
17
19
25
22
17
21
17
22
12
21
29
23
8
21
21
21
16
25
27
21
20
20
27
20
17
14
17
12
26
21
12
20
18
16
14
21
20
25
15
25
22
16
23
25
19
21
25
31
24
34
41
15
19
30
11
17
19
20
20
20
29
20
13
18
18
20
22
19
26
20
15
10
29
23
13
22
20
18
11
17
25
18
18
28
20
17
40
87
91
84
77
80
66
70
84
83
58
64
60
58
64
83
68
83
65
69
72
54
83
77
72
73
69
75
70
66
81
75
71
77
76
77
61
73
89
71
57
62
77
73
61
66
52
66
59
56
63
66
66
73
66
80
65
73
51
70
54
56
77
60
55
67
59
67
54
71
56
65
56
62
60
66
56
65
47
62
69
77
67
65
74
51
51
61
57
69
64
60
79
69
69
68
62
52
54
59
48
48
61
57
57
58
59
63
47
46
52
53
58
47
56
66
55
65
49
52
43
59
44
53
44
58
52
49
53
48
46
60
52
52
57
41
57
46
48
49
44
55
60
49
44
54
52
38
64
52
43
40
44
45
49
38
52
47
37
47
34
49
37
47
49
32
35
48
46
40
40
48
44
40
39
41
30
27
57
44
57
33
62
34
28
