# Filename : TXT_Files/Acq14400sec_003.Chn
# MCA detector ID: 1
# Start time : b'12':b'12':b'47'
# Start date : b'29Sep221'
# No channels : 8192
# Live time : 716293
# Real time : 720000
# En cal factors A + B*x + C*x*x
# A : 0.0
# B : 1.0
# C : 0.00
0
0
0
0
0
0
0
0
0
0
0
0
0
0
0
0
0
0
0
0
0
0
0
0
0
0
0
0
0
0
0
0
1
0
2
2
4
67
229
354
427
395
445
402
447
440
423
432
475
484
474
444
444
447
447
485
432
492
494
427
469
424
472
447
422
470
512
511
496
485
434
466
540
482
447
500
518
537
482
513
504
521
521
532
515
543
512
570
551
545
511
556
549
581
592
562
580
595
563
589
618
592
614
624
660
642
671
647
666
702
655
674
711
725
721
725
686
701
786
730
720
714
762
768
752
785
758
751
780
768
748
801
787
780
826
835
826
818
862
857
853
858
795
783
837
843
834
877
815
881
831
799
794
876
825
806
824
795
820
797
788
799
803
787
789
796
802
785
754
728
779
806
785
803
815
795
816
827
783
781
833
845
825
857
843
772
825
825
816
855
824
842
829
876
877
847
901
904
945
986
898
940
921
969
954
995
967
980
997
991
986
1056
982
1058
1059
1057
1018
1120
1073
1123
1124
1062
1077
1142
1084
1127
1158
1183
1133
1206
1126
1157
1205
1168
1227
1178
1219
1203
1290
1241
1296
1246
1193
1276
1286
1305
1279
1342
1276
1316
1323
1402
1381
1384
1376
1384
1436
1430
1476
1409
1463
1473
1458
1469
1496
1512
1547
1491
1529
1556
1559
1591
1572
1597
1623
1607
1662
1606
1701
1718
1716
1668
1812
1774
1711
1799
1809
1805
1797
1849
1931
1867
1944
1909
1882
1967
1954
2027
1935
2025
2012
2007
2115
1969
2085
2124
2067
2099
2080
2118
2186
2206
2167
2167
2213
2244
2192
2353
2290
2307
2315
2357
2378
2331
2436
2429
2324
2381
2506
2314
2331
2326
2380
2457
2436
2535
2534
2599
2498
2576
2563
2507
2569
2629
2657
2560
2625
2632
2601
2730
2706
2711
2708
2693
2793
2794
2817
2750
2820
2811
2973
2832
2839
2916
2829
2933
2908
2958
2903
2898
3080
3118
3114
3019
3049
3042
3124
3138
3122
3210
3151
3184
3223
3233
3292
3201
3260
3422
3184
3301
3367
3284
3329
3282
3370
3336
3315
3376
3253
3351
3387
3206
3416
3321
3383
3368
3389
3370
3414
3213
3320
3301
3372
3395
3290
3205
3289
3188
3324
3220
3309
3222
3250
3262
3157
3258
3308
3232
3153
3226
3255
3130
3179
3219
3216
3259
3161
3303
3232
3098
3143
3179
3123
3129
3160
3252
3158
3224
3223
3228
3189
3299
3241
3283
3172
3206
3328
3143
3223
3266
3297
3288
3201
3217
3288
3285
3232
3158
3166
3220
3170
3206
3211
3293
3267
3243
3215
3208
3247
3278
3245
3208
3271
3188
3176
3153
3150
3109
3155
3149
3162
3159
3193
3188
3128
3140
3108
3130
3130
3075
3042
3004
3080
3138
3153
3018
3106
3068
3089
3129
3026
3015
3036
2958
3064
3114
3098
3076
3027
3028
3015
3050
3155
3081
3056
2999
3042
3031
3039
3014
2941
2889
3029
3063
2978
2950
3061
2957
3039
2896
3086
2908
3048
3012
2939
2988
2973
2911
2996
2814
3004
2878
2854
2908
2951
2928
2998
2930
2842
3001
3014
3009
2922
2889
2921
2939
2933
2920
2921
2876
2803
2944
2868
2926
2895
2876
2853
2820
2967
2847
2897
2843
2847
2875
2878
2883
2845
2834
2874
2819
2881
2839
2821
2834
2732
2831
2810
2809
2788
2846
2803
2951
2833
2777
2795
2813
2748
2773
2771
2768
2783
2768
2823
2872
2742
2773
2748
2732
2761
2685
2754
2749
2695
2714
2698
2816
2724
2715
2679
2642
2698
2850
2793
2782
2787
2756
2798
2642
2723
2655
2652
2743
2691
2649
2670
2629
2753
2819
2607
2759
2677
2634
2690
2654
2704
2623
2697
2667
2628
2691
2648
2696
2584
2628
2707
2655
2591
2562
2643
2637
2667
2590
2657
2621
2633
2590
2609
2498
2614
2596
2581
2638
2676
2614
2609
2556
2623
2592
2557
2529
2595
2525
2597
2499
2419
2488
2547
2623
2575
2577
2448
2644
2478
2453
2422
2469
2535
2453
2416
2436
2428
2517
2496
2397
2447
2440
2417
2387
2465
2384
2514
2350
2378
2348
2402
2371
2326
2349
2315
2363
2363
2364
2450
2337
2384
2348
2283
2335
2361
2285
2354
2345
2277
2313
2318
2314
2246
2295
2276
2261
2304
2291
2330
2404
2332
2337
2240
2304
2217
2281
2310
2282
2322
2303
2253
2237
2220
2248
2332
2255
2215
2206
2240
2262
2199
2256
2277
2203
2129
2295
2154
2157
2141
2119
2172
2251
2191
2249
2177
2152
2237
2193
2164
2191
2111
2127
2081
2161
2252
2133
2054
2082
2118
2073
2179
2176
2154
2131
2179
2085
2112
2079
2111
2100
2105
2093
1988
2112
2140
2114
2038
2059
2054
2064
2002
2086
2148
2003
2052
1986
2024
1987
1983
2055
2079
2027
1976
2009
2090
1997
2064
1991
2028
1993
2019
1893
2024
1967
2026
1958
1998
1919
2006
1982
1853
1923
2001
2012
1990
1937
1955
1916
2003
1982
1907
2005
1927
1937
1884
1975
1998
1911
1966
1947
1839
1941
1908
1876
1883
1887
1859
1909
1848
1832
1883
1878
1861
1847
1804
1807
1756
1810
1904
1864
1853
1894
1818
1792
1864
1736
1708
1883
1806
1734
1859
1848
1783
1787
1824
1794
1764
1766
1837
1837
1719
1743
1773
1727
1814
1787
1753
1782
1749
1673
1787
1755
1800
1808
1759
1811
1740
1840
1699
1734
1729
1669
1824
1720
1725
1757
1739
1748
1773
1761
1735
1741
1746
1771
1732
1720
1714
1741
1790
1727
1625
1590
1714
1660
1689
1737
1718
1709
1690
1638
1716
1676
1628
1690
1638
1684
1668
1596
1722
1613
1653
1669
1714
1661
1681
1681
1632
1670
1673
1672
1661
1692
1665
1682
1701
1718
1576
1707
1613
1649
1700
1608
1606
1655
1659
1648
1619
1617
1605
1639
1664
1606
1647
1669
1624
1630
1608
1584
1543
1568
1595
1684
1600
1612
1579
1602
1566
1610
1576
1591
1608
1517
1571
1524
1521
1538
1531
1543
1499
1543
1557
1509
1531
1537
1511
1531
1459
1510
1537
1528
1462
1440
1430
1466
1549
1481
1490
1530
1464
1436
1527
1537
1439
1446
1471
1465
1463
1452
1460
1441
1466
1492
1401
1361
1400
1401
1436
1471
1455
1379
1467
1415
1409
1383
1436
1391
1437
1446
1397
1379
1412
1362
1435
1381
1408
1356
1423
1343
1387
1401
1383
1459
1368
1393
1387
1374
1358
1333
1426
1298
1395
1385
1325
1363
1382
1390
1372
1415
1392
1357
1364
1330
1316
1332
1418
1314
1354
1299
1412
1336
1277
1287
1332
1337
1279
1256
1295
1309
1302
1341
1349
1289
1286
1267
1259
1274
1260
1299
1288
1282
1267
1300
1315
1286
1333
1316
1337
1222
1257
1338
1299
1346
1353
1217
1299
1292
1203
1220
1232
1260
1342
1271
1306
1235
1295
1166
1304
1152
1289
1203
1204
1274
1313
1222
1248
1183
1247
1153
1277
1231
1216
1235
1168
1214
1222
1218
1281
1210
1275
1262
1253
1197
1223
1253
1254
1275
1291
1223
1321
1227
1271
1275
1241
1233
1234
1257
1246
1288
1293
1225
1236
1247
1281
1285
1329
1242
1253
1302
1245
1321
1295
1288
1259
1186
1276
1296
1338
1266
1260
1250
1266
1324
1286
1339
1340
1234
1319
1282
1306
1217
1273
1286
1291
1298
1214
1350
1302
1341
1306
1336
1259
1368
1329
1293
1329
1266
1278
1316
1322
1279
1312
1320
1341
1318
1326
1315
1242
1334
1311
1275
1248
1290
1239
1242
1290
1227
1205
1274
1271
1249
1245
1232
1236
1207
1251
1219
1302
1236
1234
1193
1219
1182
1229
1202
1169
1227
1200
1176
1126
1097
1134
1147
1171
1131
1160
1130
1149
1191
1146
1085
1067
1110
1087
1168
1141
1073
1045
1082
1065
1095
1076
1039
1080
1038
1022
1093
1045
1059
986
1034
1057
981
972
1020
983
1050
995
988
994
1004
932
959
1025
986
993
954
954
972
922
963
934
941
904
900
915
921
907
899
931
916
901
889
932
927
924
893
940
902
874
900
870
885
891
816
842
814
911
868
885
810
847
802
856
809
860
839
911
865
827
806
855
784
789
801
870
863
812
797
825
802
822
826
800
803
785
784
805
809
764
835
819
825
804
747
742
790
854
751
799
789
808
787
805
771
773
816
821
791
792
697
801
774
773
787
760
749
787
795
758
786
816
763
731
741
754
809
798
736
785
772
779
775
756
813
784
773
758
797
785
801
786
733
727
728
712
759
751
792
731
814
798
684
705
745
754
762
751
726
760
750
802
787
700
785
789
713
752
775
749
753
707
742
734
729
762
738
735
744
742
740
764
720
703
763
742
707
722
732
779
695
766
743
708
788
744
718
706
693
768
751
720
729
712
736
741
748
791
719
687
733
675
757
685
751
718
711
731
722
714
789
705
695
662
733
732
776
713
755
729
755
694
699
690
745
704
690
741
691
736
700
688
684
713
684
718
678
700
719
716
697
694
686
745
706
708
699
678
695
667
722
678
717
677
706
702
688
677
701
669
658
721
695
699
711
631
725
686
669
673
672
694
662
697
665
637
652
639
662
606
660
690
622
642
629
640
642
642
645
653
637
614
639
591
659
638
641
603
635
677
619
649
616
617
619
644
643
625
605
607
591
605
571
572
566
597
625
654
525
613
589
571
576
580
560
638
593
540
529
536
567
592
571
552
594
565
560
550
552
558
587
581
561
599
610
545
577
556
560
567
560
560
527
546
528
539
517
556
592
524
554
493
538
555
570
506
556
524
519
535
567
554
521
526
589
566
572
545
524
552
495
484
513
506
515
547
534
551
543
536
542
583
502
541
553
488
486
515
539
571
531
534
537
548
477
556
537
526
513
568
526
533
562
510
520
551
517
528
566
557
518
567
524
531
528
546
574
505
501
548
506
540
535
530
542
544
555
594
574
552
557
564
561
541
560
528
543
582
562
555
561
582
565
601
562
549
557
541
566
551
580
560
578
536
559
641
578
562
564
582
604
579
569
563
583
579
580
559
558
621
601
607
612
560
589
596
585
564
560
560
589
588
579
544
562
580
598
586
593
607
575
569
609
550
584
549
579
564
599
575
632
620
575
592
601
578
588
615
549
565
556
592
549
582
557
558
606
553
586
529
561
545
546
583
583
548
590
545
534
569
548
570
530
578
518
542
631
537
569
547
556
550
531
537
548
522
574
540
579
547
569
564
560
507
545
523
516
572
531
515
534
545
544
532
518
533
562
525
511
514
518
529
463
526
497
546
471
503
546
499
541
489
509
492
503
469
471
494
466
456
478
449
463
477
477
457
449
477
434
445
476
445
469
460
430
439
435
451
425
408
488
437
475
447
431
418
388
395
440
445
422
449
427
432
377
420
402
368
381
380
379
381
405
414
410
368
381
407
389
405
388
393
399
386
345
377
388
378
383
387
344
401
365
368
365
342
355
362
369
391
386
350
384
365
342
345
358
390
303
341
343
353
338
322
334
357
320
363
331
308
343
342
325
304
346
333
309
375
345
320
362
343
323
331
368
346
369
334
324
366
348
354
335
349
352
338
330
340
371
369
346
329
339
324
353
360
365
358
343
386
372
339
382
363
384
348
350
379
358
375
360
369
364
393
378
395
375
362
386
389
361
398
348
374
374
362
383
360
392
390
374
415
418
392
383
356
384
406
386
408
401
410
385
420
400
405
421
392
456
429
473
402
404
437
427
410
429
433
429
425
415
451
437
462
443
471
442
430
437
499
464
475
447
447
423
461
424
480
463
467
444
436
491
482
445
453
459
490
496
497
505
479
444
454
496
512
476
498
470
528
498
457
472
486
540
551
530
497
537
494
520
486
455
531
495
565
518
490
520
486
541
573
501
492
561
496
566
512
525
501
494
534
527
512
531
537
573
522
537
583
544
547
511
558
541
507
547
552
540
522
555
558
522
516
496
523
534
531
534
527
526
497
508
540
526
506
492
527
506
511
498
512
507
497
505
518
517
497
524
534
493
500
512
456
513
521
553
492
488
454
533
452
496
476
490
450
478
425
464
466
457
484
454
459
472
450
448
441
440
436
426
418
456
467
444
402
411
412
423
403
417
452
386
457
374
405
403
413
381
395
368
361
413
385
381
384
361
360
368
359
389
334
359
355
398
352
351
324
364
312
344
328
352
323
322
325
321
347
335
300
327
302
327
310
294
314
279
289
281
290
293
272
323
279
276
280
274
278
308
282
292
279
266
246
264
290
288
258
293
265
285
282
274
259
287
253
272
264
263
258
247
265
292
273
277
242
256
264
270
243
250
261
251
266
245
237
264
226
246
249
260
257
248
216
273
267
270
211
234
266
246
252
231
264
220
250
247
225
245
207
227
243
232
244
242
260
233
237
239
240
233
244
235
243
243
201
242
237
246
246
233
225
213
216
234
250
234
237
225
237
248
257
216
228
222
221
216
244
198
232
256
238
249
224
234
242
230
243
238
249
215
256
222
249
260
224
226
254
245
212
230
234
228
214
231
207
224
234
245
222
244
241
241
234
225
235
217
254
225
237
243
239
238
219
231
249
224
229
229
220
219
223
215
232
216
222
235
229
222
245
202
237
253
237
239
207
224
249
231
238
232
241
226
219
231
203
223
226
230
210
237
214
225
241
197
238
239
209
209
244
201
232
213
225
238
222
229
244
223
220
222
207
208
208
215
214
200
246
205
234
229
191
231
252
218
244
222
226
203
184
207
238
210
243
243
218
219
221
213
210
230
228
209
256
202
204
200
213
226
234
201
221
223
218
181
210
234
229
222
205
208
220
233
241
216
194
209
221
212
208
222
220
227
215
210
199
202
228
207
244
210
217
188
213
217
212
218
211
224
185
239
221
210
219
191
197
228
224
218
203
230
236
191
217
216
217
208
205
210
210
227
198
214
199
208
229
217
204
219
234
196
216
208
196
185
210
219
200
214
212
202
236
192
221
207
225
227
217
224
220
208
194
238
214
224
185
179
198
212
217
197
195
213
221
197
197
197
216
234
182
236
217
209
234
208
219
217
227
217
225
217
197
210
223
223
218
219
239
182
215
206
212
226
230
219
194
195
192
236
216
193
222
199
231
238
217
227
197
228
208
210
214
213
189
218
201
194
173
228
204
231
206
190
188
215
211
226
210
236
194
220
210
236
217
189
219
197
196
218
214
206
215
220
204
209
215
208
203
202
215
238
187
206
212
218
204
208
198
214
192
196
236
213
227
235
200
221
204
197
226
205
187
186
194
184
225
200
202
179
220
197
197
207
215
188
177
211
175
223
182
182
179
221
180
181
177
191
196
185
183
186
213
183
187
177
158
189
204
209
176
192
207
178
188
194
164
185
179
200
163
180
183
188
153
183
156
162
177
187
202
196
185
181
203
192
155
185
165
174
172
176
185
186
177
180
162
174
160
147
173
165
168
195
184
170
189
193
181
164
162
169
169
197
188
154
151
181
164
183
178
210
166
149
187
192
182
197
157
168
187
161
175
162
183
197
184
175
160
172
172
188
160
167
175
219
179
190
173
171
188
158
190
176
167
177
176
172
178
180
183
188
206
191
191
175
140
176
159
170
173
180
181
193
184
190
167
178
206
175
184
187
182
185
188
176
171
205
193
179
182
184
204
205
182
172
198
179
177
226
184
188
182
187
173
190
184
179
186
188
154
173
206
164
179
181
201
179
188
177
209
190
186
188
187
207
208
206
187
177
192
198
214
203
171
198
190
213
185
205
189
182
215
208
204
201
204
181
186
212
220
223
243
206
218
201
216
226
209
207
200
203
206
237
196
197
243
218
221
217
219
218
215
215
223
211
206
213
226
223
228
239
196
230
216
222
231
225
258
219
204
231
226
249
211
236
236
220
215
236
221
235
233
223
230
249
234
258
216
249
209
232
261
228
224
204
240
221
244
233
271
246
230
231
239
252
226
257
233
259
264
236
261
249
244
258
222
268
240
247
239
260
256
241
228
253
267
250
249
262
255
253
233
269
261
252
257
265
259
267
247
275
255
253
255
266
283
247
289
256
245
248
259
267
268
255
254
267
271
226
253
282
274
246
269
257
259
249
273
273
253
231
251
264
231
261
268
313
259
290
299
288
253
259
267
256
288
267
241
243
266
248
227
269
273
249
266
284
267
263
269
249
277
296
294
282
253
282
243
281
279
274
271
268
285
258
284
284
267
252
248
257
233
270
273
280
268
271
244
215
251
264
284
259
273
249
253
247
272
261
234
267
253
256
258
276
271
286
241
251
231
249
254
270
244
236
263
268
245
258
256
261
275
256
246
259
234
230
228
225
230
235
268
240
235
236
252
255
238
251
251
221
248
235
225
259
237
211
244
240
237
230
249
244
219
219
241
225
212
241
212
231
222
221
213
226
220
206
220
185
237
224
228
212
218
213
227
232
221
230
207
182
197
199
194
213
192
158
191
201
199
175
213
204
196
192
208
178
197
176
182
179
174
181
201
173
160
199
182
158
177
191
183
159
178
162
179
188
181
160
174
190
149
178
163
162
179
140
178
153
168
173
164
148
163
170
143
159
162
161
135
170
159
162
150
153
159
154
139
128
161
112
157
128
151
140
140
129
144
150
159
137
147
118
133
135
156
139
145
133
130
132
155
131
103
147
152
127
137
165
131
144
143
149
121
132
135
143
131
129
100
125
147
123
111
126
112
111
123
124
133
130
136
132
126
128
142
147
122
135
128
140
122
104
131
131
107
119
136
117
127
115
124
106
122
120
120
124
110
134
112
107
107
118
110
103
105
118
115
120
116
113
120
109
136
123
137
108
113
119
114
107
129
100
112
131
115
112
120
116
91
122
110
110
101
112
113
100
126
120
104
128
107
117
124
106
125
115
114
111
132
108
113
105
117
111
122
112
133
87
123
95
101
89
116
114
125
107
110
119
88
98
108
107
117
124
111
107
105
102
105
120
106
104
106
116
88
96
99
131
108
103
108
123
135
121
113
112
113
113
114
97
101
112
85
88
81
127
99
110
80
108
104
107
101
104
91
103
112
98
91
97
102
98
119
108
135
93
78
108
92
97
115
98
92
108
109
101
107
107
81
108
108
94
93
116
125
96
91
110
100
109
97
102
88
126
110
107
97
101
107
117
100
100
94
101
94
90
97
119
115
96
96
106
104
124
101
100
120
77
92
97
84
115
83
108
112
98
94
100
114
110
96
101
103
105
79
95
102
94
108
103
93
99
89
104
102
110
88
93
95
96
106
95
107
95
89
83
97
95
99
102
101
86
96
96
87
88
103
95
96
102
117
85
99
90
88
105
84
109
95
94
97
80
106
78
101
99
93
102
101
95
90
96
74
112
93
105
86
102
103
88
105
88
86
97
78
103
102
90
82
102
104
112
100
115
103
105
82
94
86
97
99
97
95
102
91
86
85
105
109
108
109
93
94
94
106
114
99
104
106
93
115
103
114
115
129
111
80
97
94
106
91
97
102
95
96
91
79
91
93
90
93
99
74
100
77
114
100
106
92
127
117
111
89
115
97
107
93
106
101
98
101
116
121
109
95
116
101
103
103
96
111
106
93
99
106
106
94
112
100
110
98
111
111
77
94
93
93
77
99
100
101
106
100
110
82
109
97
107
100
100
95
103
90
111
100
103
94
105
115
109
116
108
115
80
88
93
97
103
97
99
88
100
92
94
113
115
102
92
87
103
101
73
91
84
98
108
101
93
102
112
86
110
83
96
100
91
94
93
97
106
87
103
97
92
104
93
99
104
98
93
104
96
110
82
87
118
95
110
87
92
87
89
110
81
90
112
101
89
84
97
97
87
97
112
95
112
103
100
99
87
88
98
93
110
106
114
88
84
101
92
88
104
114
94
100
98
95
91
82
103
84
87
107
84
78
107
102
88
89
94
98
92
96
94
90
93
101
93
94
98
100
113
88
82
91
103
101
113
101
88
107
97
90
91
82
91
88
97
106
97
95
101
109
106
111
96
103
97
99
92
97
90
105
95
92
100
77
74
103
97
107
100
99
86
104
85
102
97
82
80
90
122
99
93
91
114
105
99
92
115
109
116
97
101
106
98
100
90
97
98
101
96
89
94
92
97
89
116
86
79
86
97
80
100
95
92
88
100
99
100
98
91
85
94
89
112
79
88
85
103
94
89
87
93
91
116
93
107
100
89
110
111
103
101
105
106
78
83
100
91
119
89
102
101
96
106
109
87
86
96
88
91
111
84
103
82
102
96
97
107
86
103
98
112
86
87
104
99
105
80
92
95
79
82
104
99
81
103
93
72
92
93
100
92
93
108
86
93
89
97
92
89
114
84
103
79
90
97
99
99
93
91
89
98
83
93
91
106
102
89
85
97
85
102
73
87
80
89
109
78
80
90
91
88
101
90
96
76
82
92
80
85
70
87
104
93
88
78
71
96
91
80
81
79
74
83
84
93
90
92
85
90
81
90
92
91
94
73
78
97
73
92
70
79
83
75
94
80
95
81
85
77
87
83
83
83
75
69
72
67
83
88
88
74
86
89
99
84
99
89
82
73
67
84
79
92
91
72
100
90
94
97
84
84
99
75
81
75
88
78
63
82
85
71
68
81
78
75
89
74
81
71
76
78
92
115
84
82
105
76
89
72
77
77
79
81
83
85
72
74
81
78
75
85
95
86
79
88
78
83
84
81
73
81
80
81
77
78
79
79
88
69
97
82
100
79
61
59
62
72
78
64
75
96
80
78
93
74
90
85
88
69
86
95
76
69
87
78
79
65
99
87
68
77
93
70
69
81
79
80
74
99
85
85
88
78
75
89
73
82
81
80
73
89
75
82
74
91
94
77
77
67
76
51
75
75
80
66
68
68
71
66
62
74
80
75
74
77
83
91
77
63
79
82
82
82
80
98
63
75
82
89
61
75
86
106
82
70
66
61
70
72
71
78
69
94
73
89
76
79
64
66
55
78
88
63
60
75
58
68
77
74
70
84
78
76
73
80
75
72
66
69
65
83
72
75
78
67
69
74
68
77
63
69
90
72
95
83
66
74
81
76
64
80
88
52
71
58
56
82
83
80
71
77
87
66
93
82
60
79
77
59
74
74
60
79
59
89
74
68
67
87
80
70
80
83
83
82
69
68
86
76
86
69
80
80
71
80
71
88
77
77
80
74
78
92
77
85
65
73
64
67
66
86
63
66
77
88
82
83
77
70
71
71
74
90
62
85
76
74
64
80
57
70
63
83
77
61
69
76
75
73
79
72
67
77
83
59
72
72
88
81
75
81
68
81
81
72
70
63
67
79
71
78
81
91
80
74
84
81
58
69
89
76
70
74
59
76
72
75
87
87
84
92
76
68
74
89
80
58
64
62
96
74
63
72
68
71
92
80
90
70
82
79
69
77
70
67
63
79
81
82
74
78
66
78
71
74
82
87
64
76
65
90
61
81
78
88
79
93
90
79
84
66
83
77
75
86
97
68
78
62
71
89
97
75
80
70
90
98
92
85
85
87
91
85
82
65
95
88
70
75
76
92
90
82
91
77
85
89
100
80
78
109
86
89
88
92
78
79
88
102
83
83
84
89
86
105
96
97
76
72
91
95
85
95
89
77
77
126
89
94
88
92
91
82
89
76
87
77
90
89
72
90
92
97
80
92
96
89
87
74
89
86
86
83
88
85
105
83
88
82
100
90
98
86
87
102
106
85
83
109
89
98
81
110
103
96
93
92
81
100
82
98
90
98
100
93
93
96
93
88
86
96
82
97
93
96
77
119
85
114
98
110
73
111
90
101
97
85
116
95
101
97
94
90
96
114
95
108
116
82
107
100
102
106
91
88
79
96
102
82
105
89
85
97
91
101
100
78
95
94
90
108
85
109
111
79
99
85
99
103
107
83
101
101
101
99
108
96
88
90
83
98
115
89
108
85
103
103
95
87
78
99
95
97
83
91
85
85
92
99
111
75
82
93
101
96
85
93
71
91
79
99
79
99
86
92
94
85
91
106
82
92
103
92
99
90
88
81
93
84
81
93
92
94
95
97
100
97
94
80
80
106
97
93
73
85
87
78
82
84
92
86
79
98
91
73
75
113
74
99
80
101
95
109
87
99
81
72
91
89
76
93
85
86
84
88
82
66
92
84
97
75
81
87
94
88
103
88
90
94
81
111
96
93
80
99
80
75
81
76
83
87
72
86
89
87
78
93
84
71
86
78
82
82
78
71
88
77
74
87
77
79
77
82
74
75
90
86
79
72
71
88
79
79
85
78
82
99
85
78
81
78
83
65
94
90
84
69
92
84
93
83
67
70
76
84
78
79
85
90
87
83
70
75
85
83
68
65
92
89
62
89
89
94
73
71
80
89
86
83
92
88
90
72
80
91
85
72
78
83
69
81
84
71
79
72
90
78
66
89
81
81
73
68
63
72
68
77
77
73
68
78
78
73
80
69
86
83
89
74
89
89
79
95
92
66
80
89
92
77
90
63
76
79
86
83
82
71
86
80
84
47
91
74
82
68
69
73
76
84
62
82
70
95
63
86
66
68
106
67
77
71
70
66
87
61
60
68
92
73
79
80
73
65
83
84
72
81
77
70
63
72
66
81
56
73
70
76
79
78
69
66
79
75
63
66
57
80
59
57
62
66
72
69
81
64
57
60
63
71
58
63
66
66
61
59
74
64
66
48
53
63
71
66
75
62
61
74
66
69
68
68
64
58
70
58
64
68
61
69
61
53
60
76
61
56
65
43
70
69
57
54
64
76
70
55
65
60
56
51
61
64
54
53
59
53
53
69
66
82
70
62
57
61
58
61
60
46
64
46
57
62
55
62
67
52
53
61
50
53
61
47
57
56
56
48
51
52
47
45
46
54
52
56
51
62
56
46
52
48
57
44
55
50
52
54
42
52
46
63
42
43
63
56
64
49
43
53
51
59
49
51
48
45
58
49
51
50
60
64
53
75
40
46
52
42
39
48
56
61
61
52
51
53
39
60
41
51
49
45
42
43
55
53
47
44
43
42
46
49
47
49
44
45
45
39
45
41
44
53
47
53
50
54
58
54
45
62
48
48
53
43
41
55
33
45
47
36
65
48
40
40
36
45
41
45
39
41
51
41
44
40
34
46
46
53
41
42
57
47
42
32
56
46
55
49
42
39
37
31
47
46
48
27
45
56
33
43
41
35
49
41
43
41
41
51
38
43
46
44
38
42
49
38
37
33
36
36
42
53
46
38
56
33
51
34
44
48
44
42
46
39
50
41
49
39
38
47
43
28
47
51
45
42
53
37
38
45
49
39
49
44
50
38
41
41
37
40
35
42
40
40
36
33
42
35
43
48
37
46
39
41
40
40
37
40
38
47
53
35
51
45
31
51
50
42
43
35
44
45
31
60
52
51
48
41
44
26
40
61
44
38
40
39
39
32
39
44
46
35
38
36
46
40
44
37
44
31
42
56
43
38
41
39
45
41
41
29
36
43
43
46
54
40
45
29
34
42
41
53
35
49
43
38
41
46
45
32
39
49
33
63
34
52
49
53
34
42
26
37
33
28
49
48
36
46
46
46
47
40
52
45
36
44
48
40
46
46
40
45
38
40
40
40
47
45
43
42
55
48
46
50
55
43
48
51
48
51
38
46
58
33
47
32
39
52
54
45
39
44
55
44
48
41
51
39
41
42
41
29
37
49
33
46
52
38
47
54
53
50
47
43
57
51
50
48
42
46
39
47
55
42
56
52
53
42
42
57
53
49
45
49
44
40
54
41
44
58
61
42
57
48
51
48
44
50
48
44
50
45
46
51
40
54
45
46
52
52
50
59
44
60
62
42
51
52
42
48
46
64
50
44
45
48
51
58
52
52
56
44
68
43
64
61
54
48
54
59
41
50
55
51
55
56
55
55
56
46
54
58
40
49
49
52
48
36
65
42
48
45
58
47
54
66
73
57
57
48
54
55
65
54
55
58
67
51
50
62
58
54
53
59
47
48
64
49
54
52
55
66
58
55
65
73
60
58
55
53
55
59
58
51
61
49
61
54
60
53
71
59
63
63
58
57
59
60
73
53
70
45
58
59
54
51
49
57
64
69
58
44
60
61
64
55
60
58
57
60
63
57
56
71
79
73
54
51
61
66
54
61
60
63
48
52
40
58
67
69
64
55
55
64
54
57
52
58
64
48
62
57
49
62
54
66
63
58
65
68
53
62
54
59
61
63
62
54
66
56
54
62
63
67
60
51
68
66
56
53
73
64
49
58
55
71
68
59
59
58
77
70
55
49
71
52
61
53
58
54
53
57
47
59
62
66
66
62
63
53
50
61
60
57
66
68
52
61
52
62
65
61
43
58
57
52
54
48
67
57
61
67
64
62
55
57
47
62
60
58
54
49
63
61
64
63
60
56
49
53
69
53
52
63
57
72
44
62
62
56
58
65
52
62
54
58
61
53
62
59
53
57
61
52
54
70
50
64
46
58
56
56
49
48
54
64
51
66
54
42
60
55
45
46
58
49
57
55
52
53
45
64
58
42
62
52
44
58
48
54
57
50
47
47
52
55
59
59
49
53
57
60
55
39
49
41
55
50
42
51
45
54
55
45
42
49
60
38
56
50
51
43
52
53
48
55
45
49
36
43
46
54
42
45
40
36
52
44
51
56
51
44
35
36
42
59
54
35
39
45
45
39
53
46
42
33
44
45
42
52
38
49
47
51
31
49
46
41
40
46
46
42
38
46
47
47
45
53
41
44
40
43
42
46
48
45
56
47
42
39
40
44
39
30
41
39
34
39
36
51
42
34
50
36
40
45
44
37
44
39
41
53
44
35
49
43
56
36
49
39
44
30
45
36
40
47
46
35
34
40
26
27
40
29
39
47
45
34
42
43
50
34
41
44
51
29
35
44
41
43
39
44
27
41
36
36
57
43
42
34
33
31
34
41
43
36
42
40
47
35
44
33
43
40
47
30
48
37
41
28
33
30
36
35
48
38
32
39
30
33
44
34
49
34
39
52
32
54
41
25
26
36
38
31
35
38
29
37
32
36
32
37
28
37
38
30
27
36
38
43
39
34
39
41
51
34
37
25
34
38
35
38
42
32
30
38
43
31
34
31
44
38
29
34
36
31
27
33
34
40
37
36
28
42
34
34
39
39
30
32
33
46
33
39
38
32
44
32
36
31
23
30
32
41
37
44
49
31
24
40
31
34
23
31
33
37
37
32
21
40
35
38
43
45
28
32
44
38
41
39
33
34
24
42
32
39
32
37
37
31
30
25
38
31
37
40
24
37
33
40
41
38
40
37
35
37
44
31
36
36
35
32
27
38
33
41
39
36
32
41
27
46
44
36
38
43
37
39
42
38
40
37
37
39
31
34
32
29
33
33
31
42
34
44
36
39
27
38
33
33
37
41
48
35
32
42
42
41
28
35
42
40
41
40
46
43
42
45
43
50
29
36
33
46
45
33
47
27
31
21
47
33
30
28
31
34
36
33
30
30
35
36
29
38
37
37
37
39
37
35
52
39
32
38
24
29
34
33
37
33
40
32
44
39
38
36
36
45
35
40
35
48
21
50
31
41
37
42
34
43
39
38
33
36
26
41
32
31
35
31
28
30
33
33
43
50
32
27
26
36
35
40
23
33
26
33
44
42
27
35
32
41
31
33
29
29
36
44
39
45
28
41
28
42
47
37
34
50
30
42
52
26
32
43
37
30
36
41
45
28
40
45
45
31
42
37
28
42
31
48
27
33
26
25
33
28
28
42
36
31
35
33
38
30
38
29
31
39
44
30
44
32
37
37
45
38
30
19
37
31
46
25
31
43
39
39
37
41
26
29
35
30
33
37
32
38
39
37
40
25
35
43
41
22
38
37
30
30
35
30
39
29
40
35
39
30
26
27
35
39
39
31
36
39
51
35
22
30
34
36
40
30
25
28
30
36
27
27
40
37
24
25
31
40
30
32
30
43
28
34
36
33
27
37
32
38
28
35
30
33
29
31
41
37
31
38
24
25
36
33
36
39
27
49
23
33
29
38
40
30
35
37
27
33
34
34
30
26
35
30
29
27
30
29
28
32
28
30
37
25
35
36
25
27
36
27
33
28
32
41
27
33
27
30
33
28
25
21
35
32
32
28
31
26
35
23
32
41
24
32
19
28
32
25
21
31
33
36
22
28
27
29
35
32
28
26
30
28
32
23
31
21
31
27
29
25
17
23
28
25
19
27
26
52
27
23
40
28
41
22
27
27
29
30
27
36
27
22
36
24
38
29
38
25
16
23
34
20
26
32
28
33
27
26
28
21
22
20
21
32
27
28
26
23
19
37
32
30
30
25
35
28
26
33
25
28
30
23
26
35
26
27
20
25
21
30
30
31
21
25
16
26
25
26
43
23
21
29
35
23
35
31
24
26
24
20
29
18
33
24
22
25
30
21
36
30
30
19
29
27
29
24
36
32
26
25
19
22
24
28
33
30
19
22
24
31
24
24
33
25
28
22
21
22
23
25
30
27
29
32
33
22
29
23
24
35
32
28
28
31
13
25
29
23
27
21
22
33
33
22
26
21
26
33
31
28
31
23
26
30
23
27
30
26
29
20
26
23
31
24
31
21
15
25
34
35
23
32
34
31
33
24
23
22
20
40
25
29
35
24
27
23
18
23
27
30
26
22
20
22
22
17
20
25
31
30
35
30
29
21
27
26
32
28
28
25
23
31
30
31
37
33
34
19
27
24
28
27
30
18
22
32
22
22
25
31
22
32
23
19
32
31
30
29
22
20
36
25
24
21
30
27
21
35
28
29
17
39
29
21
23
19
23
19
32
23
19
33
36
26
31
18
31
34
26
21
32
29
45
24
28
27
32
31
29
29
31
26
28
28
27
28
27
25
34
26
24
23
27
23
22
33
34
28
25
34
26
28
35
21
31
35
33
21
32
33
33
26
27
24
32
42
24
27
25
36
30
36
33
21
27
38
35
28
21
31
38
35
27
21
33
21
29
30
30
28
34
26
34
29
39
24
29
34
35
39
39
22
38
31
29
24
27
25
25
34
39
29
27
25
24
42
27
27
34
25
20
32
28
40
25
42
28
31
32
32
25
29
20
31
39
26
28
25
31
33
33
27
27
21
33
31
35
45
21
44
28
35
37
32
39
26
36
36
37
30
50
39
36
26
29
29
32
36
29
26
30
29
39
29
24
35
34
29
26
29
27
26
33
31
40
32
34
33
40
33
28
40
44
27
40
36
30
35
35
27
25
40
37
40
21
20
29
24
40
33
27
34
33
34
47
42
28
29
42
29
36
32
34
37
29
30
34
32
35
35
36
26
24
34
28
34
46
39
38
31
32
39
37
37
38
41
29
40
30
36
37
41
40
30
41
37
35
24
37
31
36
34
25
32
41
43
39
45
31
41
32
31
34
30
34
40
27
40
31
30
36
37
37
26
40
33
30
35
33
34
36
31
28
22
32
37
39
32
23
31
44
31
23
20
33
37
36
44
38
43
45
37
49
38
34
28
35
43
36
35
33
38
27
45
25
44
35
26
35
44
37
36
41
42
38
40
27
39
40
38
39
48
37
29
33
48
39
49
45
43
40
32
44
34
41
36
35
40
36
30
37
28
48
38
35
33
40
45
39
48
45
28
41
37
37
36
39
33
50
32
39
40
41
42
29
48
38
41
26
42
45
40
47
44
41
54
55
32
44
46
39
37
35
34
55
45
35
40
47
45
35
40
47
41
52
23
46
47
43
44
48
39
42
47
40
40
46
57
43
44
36
52
34
52
43
46
33
60
57
56
42
49
49
41
57
44
48
43
46
51
49
47
54
47
45
35
47
50
51
55
39
44
37
36
46
58
46
57
41
48
44
52
47
51
61
59
57
46
53
53
53
48
53
56
62
41
49
68
52
52
51
56
44
44
38
46
46
57
46
49
64
50
42
51
52
40
59
46
58
47
46
55
45
52
56
64
47
59
47
63
49
47
50
77
47
59
63
54
47
64
40
62
45
67
55
56
64
54
57
67
60
53
55
77
50
59
77
64
58
53
53
66
65
47
61
53
54
47
70
52
60
41
66
55
60
44
63
76
69
52
61
64
54
58
52
69
75
57
55
70
52
84
61
48
73
63
57
55
65
47
77
46
61
66
59
54
66
62
59
51
68
49
58
64
69
56
54
56
57
57
51
67
53
52
82
48
47
72
67
52
74
60
60
66
54
64
57
53
71
62
52
51
52
53
61
70
57
57
58
54
54
63
68
49
53
42
45
62
59
63
48
48
50
65
53
54
71
49
56
54
43
56
64
54
43
56
50
53
64
54
56
66
54
38
62
43
63
55
47
55
50
57
63
54
52
56
52
55
46
46
54
46
56
48
48
42
54
63
69
55
58
59
48
50
49
57
58
52
49
50
41
48
55
52
61
64
45
53
52
48
43
34
45
48
49
59
57
44
54
54
41
47
41
50
47
52
50
37
58
53
45
52
35
47
46
40
36
36
48
52
47
53
50
38
41
42
50
48
46
36
41
42
42
41
33
40
49
38
38
43
45
31
49
39
43
48
45
37
30
38
39
36
46
41
43
44
50
41
42
45
31
29
41
39
50
30
31
36
45
33
40
39
29
38
32
34
40
36
38
31
41
43
36
30
39
32
38
39
36
41
40
31
22
33
37
38
42
34
36
36
35
36
36
24
32
33
33
30
36
27
34
45
26
36
22
24
30
28
32
37
34
24
30
32
34
38
28
26
34
21
24
26
31
32
25
18
22
29
25
27
34
28
33
28
25
32
26
31
19
27
21
24
27
20
26
26
18
24
26
30
24
28
28
19
22
31
30
16
26
30
21
26
26
25
35
26
21
22
18
18
28
24
23
23
21
15
23
22
27
14
23
29
25
29
18
25
23
24
29
24
23
16
19
23
25
19
24
21
21
20
35
24
21
18
25
24
21
19
24
18
16
22
24
27
16
20
20
20
20
23
8
26
18
24
23
29
18
22
23
25
22
25
20
21
23
23
18
26
9
23
19
18
20
14
17
14
19
11
18
22
16
20
14
22
21
19
16
20
18
26
20
21
23
13
16
15
49
82
75
77
73
81
90
88
78
85
83
68
82
83
88
65
77
69
84
83
68
88
83
79
78
68
80
79
77
86
79
61
75
75
80
64
68
70
62
65
75
78
70
81
69
61
53
59
67
55
67
78
67
57
70
70
82
73
56
73
65
59
59
57
65
68
53
65
61
71
71
60
77
71
60
65
67
52
53
72
70
58
55
66
63
82
58
71
60
52
64
58
61
60
60
74
59
52
58
54
54
67
56
51
68
42
69
75
57
56
45
61
46
55
56
57
53
53
42
59
57
54
56
66
57
52
48
60
61
71
54
41
64
50
50
44
53
55
55
44
55
38
38
46
44
46
59
73
48
49
53
42
52
63
50
56
53
51
48
52
38
47
61
56
46
48
37
43
38
40
47
42
50
42
45
54
49
42
37
51
36
38
47
51
26
