# Filename : TXT_Files/Acq14400sec_017.Chn
# MCA detector ID: 1
# Start time : b'20':b'20':b'19'
# Start date : b'01Oct221'
# No channels : 8192
# Live time : 716346
# Real time : 720000
# En cal factors A + B*x + C*x*x
# A : 0.0
# B : 1.0
# C : 0.00
0
0
0
0
0
0
0
0
0
0
0
0
0
0
0
0
0
0
0
0
0
0
0
0
0
0
0
0
0
0
0
0
0
1
2
4
12
76
238
399
422
384
450
388
401
426
414
434
422
444
436
426
463
421
459
460
467
442
494
436
459
472
475
498
447
461
473
450
470
485
454
492
486
469
468
500
493
474
481
483
535
538
511
527
513
496
502
558
545
539
576
515
556
599
588
572
579
551
609
595
613
614
659
644
613
623
641
644
595
702
642
678
702
719
705
715
697
748
714
732
726
711
748
741
741
767
747
756
804
773
827
772
792
825
785
830
792
753
820
820
814
831
864
776
875
843
856
796
823
799
793
765
808
787
816
781
790
764
790
767
800
743
767
798
794
791
760
778
761
790
841
777
761
730
813
782
758
793
763
801
776
782
800
793
793
823
792
837
834
865
850
830
824
864
809
866
883
934
925
915
956
925
902
950
953
983
925
966
1034
1009
991
992
1014
1050
1074
1017
1120
1062
1084
1081
1117
1051
1084
1114
1093
1092
1143
1120
1110
1156
1203
1186
1179
1184
1209
1179
1192
1254
1265
1250
1216
1276
1249
1304
1209
1235
1295
1230
1293
1335
1348
1314
1418
1437
1356
1347
1433
1416
1412
1419
1481
1477
1456
1513
1461
1586
1487
1610
1526
1562
1558
1611
1617
1563
1721
1644
1605
1648
1757
1683
1699
1706
1700
1744
1672
1739
1796
1819
1849
1912
1863
1865
1953
1875
1975
1944
2015
2002
2042
1937
2012
1965
2017
2071
2073
2092
2066
2138
2161
2104
2057
2194
2148
2210
2268
2212
2266
2238
2275
2243
2248
2221
2217
2309
2332
2275
2419
2360
2302
2386
2406
2460
2351
2416
2500
2425
2498
2476
2451
2571
2561
2553
2581
2668
2533
2573
2588
2500
2674
2740
2736
2701
2758
2797
2731
2719
2731
2786
2779
2793
2901
2949
2782
2942
2937
2871
3044
2971
2945
2917
2936
2997
3059
3030
3131
3161
3167
3147
3194
3162
3025
3106
3189
3174
3163
3316
3274
3226
3251
3300
3197
3237
3210
3363
3422
3364
3289
3235
3310
3425
3284
3405
3273
3350
3366
3385
3367
3249
3283
3314
3326
3255
3383
3379
3222
3316
3283
3258
3223
3240
3258
3291
3261
3319
3155
3095
3166
3197
3245
3226
3231
3141
3132
3106
3190
3179
3187
3193
3159
3215
3165
3287
3329
3132
3220
3204
3223
3166
3209
3183
3218
3168
3178
3204
3063
3268
3153
3137
3261
3265
3235
3305
3141
3226
3145
3351
3271
3185
3229
3222
3228
3296
3297
3155
3117
3247
3182
3206
3187
3307
3286
3145
3200
3210
3184
3217
3183
3186
3087
3135
3134
3090
3176
3164
3212
3089
3112
3142
3078
3002
3161
3168
3104
3058
3097
3086
3094
3067
3090
3012
3080
2998
3181
3056
3042
3057
3105
3023
2968
3043
3035
3029
3122
2982
2881
2961
3107
3044
3018
3075
3032
2951
3032
3039
2979
2980
2988
2972
2921
3013
2989
2992
2910
2883
3108
2957
3046
2894
2939
2917
2899
3045
3046
2953
2958
2974
3030
2952
2934
2933
2816
3045
2880
2880
2902
2959
2904
2926
2951
2885
2927
2879
2859
2816
2857
2915
2921
2891
2786
2861
2902
2841
2876
2872
2829
2822
2893
2819
2941
2814
2881
2756
2851
2941
2797
2771
2831
2781
2755
2831
2773
2822
2759
2759
2795
2801
2728
2654
2783
2856
2759
2660
2794
2854
2825
2788
2726
2704
2724
2720
2825
2753
2794
2686
2679
2778
2802
2755
2675
2766
2784
2753
2735
2827
2650
2745
2677
2639
2732
2693
2742
2722
2671
2708
2674
2629
2634
2723
2641
2625
2728
2635
2541
2694
2623
2640
2640
2601
2597
2654
2681
2664
2581
2542
2583
2642
2689
2537
2656
2628
2573
2575
2609
2601
2587
2662
2539
2572
2571
2636
2635
2575
2611
2545
2567
2623
2646
2528
2553
2539
2468
2498
2529
2489
2581
2508
2514
2575
2504
2445
2447
2546
2492
2512
2354
2396
2426
2418
2353
2469
2475
2424
2415
2450
2437
2495
2339
2410
2461
2375
2393
2430
2419
2320
2348
2367
2441
2348
2366
2251
2338
2427
2341
2384
2348
2312
2322
2365
2373
2248
2259
2350
2365
2255
2281
2315
2335
2266
2302
2317
2297
2266
2274
2200
2266
2366
2249
2278
2259
2231
2275
2200
2289
2192
2249
2323
2227
2263
2167
2186
2216
2279
2191
2213
2202
2148
2271
2199
2229
2186
2204
2184
2148
2129
2156
2221
2187
2058
2138
2131
2214
2210
2112
2199
2231
2147
2053
2148
2136
2124
2136
2138
2154
2122
2108
2099
2210
2070
2157
2065
2044
2089
2075
2053
2009
2148
2063
2027
2036
2057
2048
2054
2053
2060
2042
1992
2080
2072
2048
2028
1988
2005
2092
2089
2021
2048
2005
2002
1977
1939
2000
2029
2060
2059
1873
1982
2034
2009
1963
1994
1934
1965
1900
1906
2027
2007
1925
1939
1946
1933
1959
1890
1931
1936
1946
1928
1896
1846
1933
1896
1920
1886
1895
1886
1857
1944
1912
1925
1851
1908
1822
1810
1854
1842
1885
1810
1834
1823
1850
1857
1785
1861
1804
1874
1794
1789
1841
1813
1829
1802
1798
1793
1847
1766
1817
1844
1781
1716
1813
1814
1736
1783
1835
1795
1755
1793
1726
1746
1766
1732
1670
1737
1758
1723
1678
1784
1741
1687
1725
1689
1699
1734
1670
1765
1693
1756
1732
1677
1796
1716
1713
1736
1701
1699
1705
1636
1640
1699
1718
1678
1640
1709
1716
1647
1715
1644
1711
1689
1723
1651
1718
1616
1643
1687
1659
1673
1654
1696
1692
1603
1701
1606
1688
1604
1607
1567
1642
1747
1672
1653
1663
1636
1671
1641
1645
1581
1637
1589
1584
1621
1650
1635
1622
1694
1646
1582
1668
1578
1602
1583
1577
1683
1616
1564
1586
1595
1706
1557
1591
1552
1586
1547
1539
1583
1566
1574
1560
1568
1554
1498
1483
1530
1529
1565
1510
1572
1578
1559
1574
1489
1591
1593
1557
1565
1470
1499
1498
1523
1528
1495
1519
1497
1433
1479
1466
1448
1476
1498
1432
1444
1459
1438
1421
1407
1405
1435
1432
1416
1470
1467
1447
1369
1383
1496
1406
1426
1397
1463
1418
1433
1415
1489
1492
1380
1401
1407
1364
1363
1354
1484
1395
1416
1357
1406
1327
1403
1381
1385
1361
1433
1364
1356
1352
1366
1348
1344
1333
1357
1305
1402
1398
1354
1375
1413
1315
1299
1390
1324
1357
1322
1344
1355
1359
1376
1345
1309
1307
1351
1333
1292
1293
1298
1303
1325
1295
1270
1261
1236
1306
1298
1350
1269
1351
1333
1319
1300
1277
1345
1339
1298
1246
1303
1347
1312
1244
1274
1263
1281
1289
1195
1269
1303
1222
1226
1295
1190
1294
1231
1252
1221
1243
1273
1217
1201
1278
1238
1236
1216
1255
1260
1306
1241
1273
1274
1220
1250
1257
1241
1247
1256
1214
1277
1267
1229
1226
1229
1220
1242
1264
1210
1218
1237
1218
1281
1155
1222
1275
1217
1245
1247
1278
1186
1201
1281
1163
1181
1194
1288
1198
1197
1232
1225
1297
1250
1253
1289
1263
1256
1256
1235
1230
1282
1302
1310
1301
1250
1359
1290
1263
1321
1245
1290
1347
1210
1255
1290
1261
1325
1314
1347
1328
1335
1302
1208
1323
1323
1298
1321
1266
1306
1259
1347
1304
1241
1335
1215
1338
1278
1319
1286
1354
1267
1321
1282
1291
1220
1272
1315
1310
1301
1259
1253
1233
1295
1290
1299
1258
1272
1267
1273
1282
1312
1306
1242
1223
1202
1250
1184
1248
1259
1189
1235
1293
1166
1152
1206
1210
1191
1165
1180
1161
1163
1201
1150
1060
1106
1078
1166
1122
1073
1119
1105
1059
1108
1121
1093
1089
1025
1074
1091
1061
1111
1034
1009
1035
1021
1022
1069
1050
966
998
996
985
1002
1076
962
992
980
943
946
958
942
938
946
962
933
988
974
942
908
946
942
955
947
923
928
885
884
905
892
887
912
897
876
801
857
870
870
862
858
873
802
865
826
852
887
866
838
851
873
882
870
843
867
831
830
841
883
854
795
846
778
777
857
776
849
823
814
888
823
781
826
801
815
857
828
740
745
784
826
793
820
793
784
839
763
763
813
765
801
759
778
797
753
811
750
747
767
763
765
817
771
763
767
771
758
786
738
785
765
784
742
748
736
800
739
731
756
747
788
736
781
745
786
766
787
705
790
735
757
777
752
753
764
739
770
733
733
770
761
827
731
749
755
759
719
738
746
750
754
732
759
737
699
744
746
783
701
693
750
740
685
738
660
756
712
681
742
732
757
698
719
736
766
753
693
745
709
784
751
731
753
749
727
745
710
713
699
775
687
767
711
763
743
734
725
730
765
739
709
689
731
718
771
720
737
721
735
755
705
721
738
717
733
726
762
742
789
704
739
734
721
686
713
710
762
743
668
717
714
727
741
674
720
690
726
662
750
724
713
676
692
690
745
658
693
702
683
706
756
656
725
675
720
721
679
642
700
695
683
674
710
672
627
711
697
627
665
680
664
705
591
724
670
647
608
690
640
634
688
689
650
650
621
610
655
598
657
617
677
677
643
606
667
609
635
602
621
650
608
611
641
599
632
621
648
637
583
630
596
578
580
633
558
567
631
651
635
628
549
570
534
550
586
573
588
559
551
569
587
567
563
570
543
551
578
558
546
563
549
582
555
529
592
509
531
521
553
519
538
508
569
553
570
542
508
516
527
556
583
531
505
529
530
517
556
526
506
540
547
512
545
503
521
543
516
559
513
572
545
496
496
499
520
516
570
526
557
571
540
537
521
532
482
510
585
545
509
570
540
528
539
523
521
536
548
525
536
504
500
492
512
519
531
554
571
539
547
565
530
548
551
504
539
510
538
518
560
528
539
552
541
565
520
573
532
564
574
543
556
525
562
547
582
578
490
530
591
525
556
497
552
522
581
584
521
595
548
572
574
537
578
541
583
558
592
521
594
568
575
573
576
538
596
555
542
573
575
601
602
587
582
556
560
574
544
629
574
570
552
568
604
608
628
550
612
549
569
597
593
629
556
586
598
602
579
620
544
621
553
582
601
560
583
558
587
620
557
588
520
569
584
568
594
561
550
565
570
573
626
556
574
567
575
509
545
527
550
585
571
584
543
519
560
534
537
582
575
528
556
531
561
599
570
544
527
560
584
559
551
551
567
536
510
519
552
563
516
529
527
508
521
543
533
510
519
484
536
495
536
541
563
498
537
509
500
498
527
495
469
510
495
496
467
469
508
474
454
478
479
514
426
469
444
434
443
457
465
455
486
490
417
429
437
429
444
426
479
441
409
392
436
422
453
448
444
420
379
432
387
438
413
433
420
403
395
389
415
435
429
412
384
422
366
390
401
399
393
341
398
401
395
367
377
409
389
352
390
360
354
370
347
400
372
370
362
328
388
349
392
345
371
359
343
364
346
338
375
356
364
309
360
317
331
366
349
344
337
342
321
332
343
371
336
354
345
322
356
380
352
344
352
334
313
313
329
337
334
346
348
336
301
310
332
326
343
350
347
304
315
336
348
321
311
343
339
309
321
312
336
327
345
342
334
312
352
337
316
355
325
302
349
348
346
337
310
332
340
327
321
350
312
334
365
342
328
347
350
338
353
304
322
361
353
350
331
353
378
366
342
357
388
339
357
388
355
380
358
369
358
384
367
363
362
340
374
422
373
378
387
374
391
328
388
387
352
385
367
348
409
357
369
384
376
364
367
400
384
383
400
392
365
376
381
384
368
386
388
408
409
404
358
426
376
414
400
381
389
390
397
397
420
421
390
394
420
421
421
377
380
402
390
389
377
407
348
409
439
415
394
408
438
402
423
403
433
409
441
418
423
425
413
417
435
478
437
429
405
434
429
435
414
439
410
416
447
421
391
360
460
430
383
431
438
424
418
388
404
407
426
370
459
410
403
403
438
414
409
411
437
414
411
396
386
419
444
426
388
418
398
401
348
395
399
399
402
369
365
336
365
370
373
366
388
381
388
370
399
382
348
381
349
343
325
355
377
377
326
335
342
332
367
366
357
382
326
368
377
346
322
337
347
344
338
310
333
301
330
363
332
349
316
323
337
320
290
314
313
297
302
340
298
339
296
311
288
268
313
308
271
294
288
314
271
328
289
265
292
317
314
295
288
303
285
278
269
284
244
290
300
279
263
236
302
280
263
239
293
268
290
259
251
247
248
272
292
257
237
235
246
266
228
256
283
252
218
256
258
260
276
278
258
263
264
244
236
255
237
261
272
223
261
206
249
247
268
231
233
246
254
243
238
265
251
211
227
226
238
218
250
219
251
236
234
258
240
224
235
237
244
242
225
238
222
222
251
228
216
226
245
248
247
240
239
222
210
238
208
234
202
222
238
213
216
244
245
213
246
242
231
230
219
231
219
211
232
219
242
251
215
182
241
242
220
245
245
276
216
247
244
229
217
213
215
236
193
237
253
214
275
234
211
230
227
234
211
234
241
227
232
218
226
213
225
218
241
226
234
236
245
183
222
236
200
214
214
198
193
246
261
207
239
237
248
267
204
223
222
250
240
215
220
227
250
221
234
245
233
230
238
214
259
214
239
202
239
213
232
229
194
219
212
218
211
216
222
232
211
214
224
220
215
218
209
211
239
189
210
222
234
230
225
203
233
226
216
231
223
217
208
223
205
218
220
245
213
216
222
179
221
209
184
191
230
228
229
232
220
209
233
214
225
252
239
195
213
222
194
237
203
213
213
229
237
214
205
208
201
249
222
216
225
204
231
210
200
212
210
235
224
238
225
217
239
192
216
265
204
218
203
203
238
202
213
252
233
229
184
205
236
232
212
197
221
191
222
190
226
185
222
243
214
214
200
217
210
216
202
197
197
212
226
183
211
202
231
216
225
235
225
219
243
223
193
192
218
219
227
222
202
214
194
226
227
216
217
228
202
204
185
207
203
206
230
223
207
208
216
219
199
230
227
233
204
213
240
212
215
247
210
228
238
228
209
183
212
210
202
206
215
219
217
211
217
225
211
230
242
231
220
208
248
251
195
217
218
201
224
216
193
201
221
214
220
198
214
206
234
204
211
216
226
219
198
214
204
232
212
217
214
209
226
228
213
209
197
227
169
224
213
225
210
194
216
204
207
208
226
226
238
212
225
198
197
220
182
218
189
213
200
195
184
189
208
205
175
225
194
226
198
210
180
196
197
202
182
183
193
207
215
187
225
199
199
215
194
197
176
164
174
195
197
188
196
194
192
196
169
184
174
176
179
199
170
196
177
173
179
181
199
167
220
158
207
187
186
193
189
206
185
188
194
220
191
187
170
178
173
191
150
182
173
173
178
183
184
190
177
173
191
166
182
178
172
180
168
179
184
159
152
170
172
175
198
186
161
164
163
169
144
189
195
191
187
205
174
162
172
175
156
168
163
168
193
170
179
152
174
165
175
168
161
171
173
185
182
174
198
185
182
178
169
183
190
173
161
161
166
170
188
170
167
175
176
159
189
202
177
166
172
187
164
167
171
196
161
195
189
159
177
204
182
176
169
184
192
191
185
185
187
190
221
173
193
186
181
156
200
174
172
182
197
193
194
197
186
175
204
174
172
207
182
208
201
205
200
178
171
163
191
178
233
183
176
195
192
208
207
168
198
192
200
193
177
201
201
178
194
223
205
178
209
203
198
197
186
211
181
175
173
190
180
179
203
224
209
201
187
224
205
195
249
193
188
211
220
206
218
205
216
214
203
188
203
201
241
233
217
220
191
225
236
208
228
249
184
216
214
214
198
220
225
215
209
211
213
257
241
222
226
225
232
243
216
211
241
203
238
235
199
215
244
237
219
255
270
228
194
217
233
272
229
222
254
215
229
229
246
246
229
244
220
253
269
242
269
248
205
265
246
237
249
247
189
260
250
247
230
231
237
266
236
251
259
240
265
259
238
245
248
246
241
272
284
221
259
267
279
251
280
252
272
270
276
294
245
238
267
260
249
276
244
251
292
294
254
242
249
237
267
306
258
265
271
266
270
257
266
259
241
253
258
265
256
264
275
265
247
238
262
239
262
243
240
239
276
256
265
276
279
273
276
274
271
283
272
270
245
275
264
278
269
234
284
255
262
270
268
248
283
238
254
271
301
247
284
273
267
277
277
259
274
260
260
263
274
259
264
268
266
273
272
236
267
241
287
289
290
279
288
281
278
293
248
275
273
227
257
268
247
234
261
292
263
246
259
229
250
253
280
238
224
258
265
234
245
256
244
277
242
234
246
231
252
245
274
230
211
269
251
258
279
231
242
243
232
220
250
234
236
235
261
218
258
250
236
240
239
225
231
211
229
222
231
230
228
223
196
203
218
234
227
204
210
205
222
197
196
214
191
214
207
214
187
217
222
192
170
207
191
194
184
203
195
194
219
209
205
191
211
219
222
204
196
200
182
198
162
212
176
163
179
196
179
179
170
156
165
202
197
187
183
172
174
193
169
171
168
174
188
172
164
145
160
183
148
139
166
153
135
158
160
150
143
162
169
151
166
155
149
142
151
158
137
154
145
157
161
153
128
146
145
115
154
154
149
146
149
149
154
137
149
128
131
143
130
150
115
147
135
106
133
135
137
124
149
139
137
133
131
123
147
128
117
144
123
128
119
135
143
135
125
127
120
128
129
129
137
125
133
120
124
123
127
107
112
93
112
123
110
129
129
111
113
108
117
123
117
90
89
126
102
109
139
103
117
131
122
120
114
118
120
111
114
106
116
120
112
123
111
116
104
93
101
108
112
112
117
118
122
106
104
105
121
96
128
120
104
111
119
111
94
122
108
136
111
133
100
100
109
105
108
123
110
119
96
96
104
120
89
118
103
120
102
109
103
118
111
124
95
99
109
100
110
90
116
96
111
113
106
116
98
131
92
106
103
110
113
109
100
109
110
91
115
91
101
115
85
119
114
87
88
102
113
105
116
100
119
118
108
110
126
115
98
116
106
109
132
107
122
125
112
109
106
111
116
114
116
110
114
107
100
127
94
101
111
114
89
103
102
102
95
92
101
112
99
118
96
107
96
99
98
105
101
114
90
106
111
90
104
96
113
101
86
115
101
98
110
108
114
97
95
91
108
112
113
115
106
117
104
99
102
88
105
87
90
118
113
89
110
104
95
100
103
94
95
94
91
93
102
104
106
88
103
99
110
117
106
98
89
106
82
95
101
101
103
80
90
102
103
96
77
115
91
104
111
94
100
108
85
94
105
91
95
84
96
129
103
93
98
84
92
109
98
101
90
99
96
102
104
83
84
89
75
96
93
104
101
80
122
70
94
93
96
98
102
94
88
105
118
91
101
99
91
101
87
101
89
105
83
105
84
79
71
90
74
90
94
99
94
77
92
92
87
108
93
93
100
111
101
93
105
106
86
114
101
97
93
85
103
112
93
106
113
97
101
112
99
95
86
107
106
102
108
92
100
105
103
107
91
108
104
101
102
98
93
83
97
102
96
103
89
87
110
100
93
91
89
97
112
86
107
108
105
88
85
103
82
88
99
104
107
97
85
94
111
93
101
98
96
98
110
95
94
115
107
84
90
111
119
93
96
98
89
97
121
124
91
86
108
108
92
111
100
114
106
88
101
112
109
88
103
103
98
112
94
102
104
108
94
111
83
103
99
107
89
93
93
99
113
100
110
94
114
103
84
109
102
88
108
80
114
105
115
100
100
110
95
95
114
105
79
86
111
108
89
92
94
121
85
92
91
117
97
92
89
101
114
106
94
104
98
84
87
109
102
109
95
83
107
98
92
86
93
89
80
100
97
95
106
93
95
84
103
93
99
90
106
85
81
94
98
75
91
104
97
111
81
93
104
93
90
105
99
87
89
98
99
93
99
91
99
117
114
84
83
89
108
110
103
87
90
100
108
100
103
84
91
92
87
87
69
91
93
99
96
99
106
104
105
82
85
100
115
86
105
88
92
96
104
81
104
87
105
93
101
104
107
88
89
111
97
93
100
96
98
101
100
112
81
106
88
112
100
98
109
90
90
105
104
99
89
90
94
73
102
86
112
85
79
106
106
89
75
88
84
84
102
98
112
83
93
108
92
101
107
92
86
105
106
85
90
101
90
97
87
92
88
100
76
86
86
82
113
100
120
94
88
93
102
105
100
91
105
93
111
106
101
93
77
80
109
100
100
106
95
104
86
107
104
93
88
93
131
101
103
103
91
94
97
70
92
95
113
106
84
112
78
95
79
84
92
98
101
85
83
82
105
89
85
98
96
93
97
88
98
93
104
98
104
100
87
81
91
103
91
85
122
96
84
105
70
96
95
90
113
97
113
95
84
81
86
66
88
89
91
95
94
94
85
88
94
102
83
92
81
83
84
92
73
81
99
85
98
83
93
82
94
82
85
90
89
89
87
82
85
106
103
92
93
79
100
101
86
84
83
111
102
84
77
86
76
80
94
101
95
74
77
92
102
78
81
102
89
86
90
100
79
81
85
97
75
106
81
86
101
92
91
83
87
77
71
84
73
82
83
82
84
96
100
73
70
86
91
87
69
82
95
88
80
82
86
95
85
90
91
77
89
96
78
82
81
73
75
77
89
67
88
94
89
85
84
99
89
77
103
75
81
81
103
79
89
80
91
83
87
81
90
91
80
78
82
71
65
76
100
72
75
81
81
94
105
73
67
75
97
81
79
81
67
76
84
59
89
81
83
80
89
78
66
85
68
62
60
85
81
78
68
83
89
89
81
75
60
72
75
73
86
86
81
75
84
87
69
70
97
77
72
66
75
78
82
76
59
90
89
76
92
78
88
76
80
75
62
84
72
79
83
85
59
90
83
77
80
76
77
77
86
76
68
85
86
50
94
86
77
87
89
75
78
73
63
63
87
69
67
71
90
73
82
72
78
86
81
88
80
90
67
78
87
65
96
67
75
60
78
70
74
63
63
64
78
74
68
82
83
74
67
79
83
78
64
73
79
60
78
74
79
81
76
79
67
66
84
77
88
84
67
74
73
83
57
64
78
81
73
80
86
79
79
82
92
71
78
74
86
72
63
76
54
61
77
76
88
84
73
86
77
70
86
82
66
80
71
91
69
87
69
86
78
66
74
86
79
67
73
89
77
70
68
65
63
88
72
79
70
82
75
79
92
61
88
89
94
82
69
88
70
72
72
82
70
83
78
72
76
76
73
61
82
73
75
92
88
63
74
71
64
81
73
69
67
81
60
71
76
66
79
76
72
72
76
65
68
68
63
70
80
78
88
71
72
73
73
68
72
83
58
67
60
80
74
69
82
75
71
82
72
77
81
87
63
76
85
77
74
73
73
87
68
65
79
70
65
77
62
70
75
87
77
76
72
72
72
74
78
74
73
78
80
71
68
90
67
87
77
74
74
77
75
80
83
77
77
75
86
77
72
82
98
74
76
86
79
74
87
75
81
89
84
71
86
66
98
93
95
74
80
85
78
79
76
85
65
74
84
86
80
68
84
76
90
71
78
100
86
75
86
95
74
72
82
99
89
80
81
75
80
68
90
79
72
87
68
86
84
80
72
89
99
81
104
94
77
82
81
95
87
107
95
85
92
77
94
91
95
113
95
90
103
83
86
86
112
94
94
88
95
99
81
88
91
77
91
83
84
105
78
84
106
78
90
99
84
110
89
98
92
83
77
108
90
88
108
73
73
88
97
93
99
86
97
86
94
107
117
92
90
95
95
93
95
81
84
95
102
89
97
93
99
92
104
93
84
83
105
103
93
101
83
89
96
95
102
99
88
91
99
93
102
102
84
85
99
108
90
106
89
73
95
79
75
89
86
97
79
93
86
99
80
91
103
94
88
88
104
93
89
100
103
105
95
85
85
107
91
89
103
88
95
91
110
90
103
93
86
86
105
103
84
93
81
86
113
100
95
97
67
97
96
96
112
82
109
71
97
91
89
96
83
86
93
71
88
115
83
94
96
92
90
89
88
100
100
97
98
103
91
85
94
87
82
93
94
76
80
87
82
84
72
82
75
86
90
73
98
76
88
91
77
92
92
94
95
80
71
92
78
101
83
76
67
85
91
80
83
70
83
82
88
86
109
90
85
100
91
84
75
65
93
89
79
80
95
80
100
84
90
81
85
76
85
80
82
92
81
75
86
81
69
88
67
91
88
79
72
79
81
96
91
80
89
86
62
91
85
74
90
81
88
74
66
89
69
81
76
80
84
81
93
71
83
83
65
75
72
79
82
83
89
90
77
71
93
77
99
70
75
85
86
91
87
78
82
78
90
85
77
80
82
88
86
74
75
77
87
77
80
73
76
91
81
73
80
80
86
78
73
81
78
75
78
83
65
71
71
76
72
64
92
58
73
73
79
77
66
92
86
81
85
74
65
94
83
78
80
80
76
91
73
88
79
76
72
78
81
88
69
75
59
73
82
85
76
75
80
80
79
67
70
76
71
94
63
69
78
76
83
70
82
80
89
79
70
82
88
63
54
77
80
88
70
63
78
73
57
72
63
75
62
79
72
84
84
68
86
69
76
81
83
68
75
63
71
67
76
74
79
98
78
77
76
67
68
73
62
79
67
71
75
62
62
69
72
70
90
65
74
67
64
74
59
76
73
68
68
71
74
75
74
81
76
63
64
73
64
56
75
72
60
58
74
67
62
80
71
77
70
81
72
68
69
57
61
77
55
55
66
59
68
57
53
71
60
64
73
61
64
49
62
53
57
59
56
68
67
74
48
51
66
61
73
56
66
65
72
57
64
58
59
53
51
54
68
73
68
48
61
56
56
59
54
49
55
53
49
56
50
55
57
52
58
52
61
57
48
48
45
62
34
62
45
54
49
51
64
56
46
44
56
52
48
49
64
56
49
39
52
50
36
51
36
62
52
36
62
40
55
57
49
48
59
48
49
41
61
38
45
53
46
46
52
47
49
45
49
48
47
42
41
52
38
45
49
48
47
39
33
45
58
38
55
46
50
52
49
42
50
49
41
47
47
53
47
32
37
38
52
45
60
43
47
41
35
58
41
44
43
46
49
52
45
47
52
42
33
50
45
49
45
49
47
49
37
47
48
45
57
42
41
49
34
49
42
39
49
42
43
40
31
61
46
55
52
43
49
40
33
45
42
50
51
40
50
51
47
42
43
51
51
42
47
47
42
43
50
59
48
50
48
43
39
40
47
37
37
49
42
49
39
37
52
49
51
40
50
46
41
34
37
37
50
47
36
42
45
39
47
47
48
43
38
46
29
38
41
38
34
47
52
47
39
27
49
42
46
39
46
52
42
30
36
35
34
33
52
39
43
42
43
34
40
34
40
39
45
30
38
37
48
31
34
48
48
46
33
47
45
41
46
39
37
39
41
40
44
34
39
46
43
35
40
43
36
46
38
42
49
34
44
36
24
59
45
45
40
39
32
34
37
41
55
34
34
43
39
41
51
39
46
52
44
52
37
40
47
45
39
32
40
45
39
31
43
45
40
47
46
34
44
45
33
52
48
32
37
49
41
50
41
35
33
40
33
41
43
46
35
45
47
40
52
43
52
40
40
50
44
44
44
37
30
39
38
50
47
49
46
39
30
45
52
33
50
43
34
46
33
40
48
43
37
38
37
36
37
58
48
45
49
56
36
44
42
26
46
43
44
44
53
52
57
41
44
51
47
50
39
47
41
45
36
48
41
44
32
43
39
47
52
42
33
41
58
50
51
47
45
52
51
40
62
40
39
46
49
40
45
49
52
54
56
42
48
42
43
40
48
43
42
41
44
47
38
49
54
45
47
43
54
63
63
49
47
45
43
59
40
52
50
50
43
50
46
45
52
54
40
31
50
61
43
56
53
46
44
49
58
51
62
59
46
56
46
62
50
54
48
37
65
45
56
49
52
46
50
61
37
55
62
48
54
45
57
63
51
53
43
53
44
48
52
43
59
48
44
61
56
53
50
63
58
70
52
57
45
49
60
65
67
55
54
50
58
55
65
46
45
60
69
55
56
53
66
49
67
50
59
64
58
54
61
46
52
59
56
64
43
59
66
56
63
69
57
48
57
65
55
47
44
67
69
61
66
68
56
53
46
56
67
56
69
59
55
71
59
41
64
67
53
55
73
67
60
59
64
56
53
51
58
51
61
60
64
69
50
58
49
67
65
59
76
51
63
72
57
51
62
60
61
50
72
64
44
58
52
45
55
66
56
56
66
53
64
69
59
70
56
59
53
73
64
66
51
67
60
45
53
53
56
64
57
70
69
61
47
63
66
57
58
64
62
56
68
73
49
54
62
56
62
43
66
57
56
51
54
59
62
57
71
54
66
60
48
50
53
56
53
59
65
56
51
58
56
52
61
59
55
59
50
56
60
50
60
47
47
48
60
62
50
55
64
52
61
49
68
53
52
52
60
67
61
47
40
55
51
59
52
52
57
45
65
60
53
58
41
51
51
57
45
48
56
58
62
64
49
49
51
41
39
46
55
59
58
53
53
50
50
54
41
43
51
52
50
45
40
55
57
48
44
52
49
48
48
49
48
45
53
60
44
46
51
38
40
52
45
42
56
48
46
43
45
57
50
49
52
49
47
46
56
42
49
60
50
48
42
55
59
47
43
40
55
36
51
47
51
52
37
27
36
48
54
47
45
49
40
43
53
44
46
56
48
43
45
50
56
44
41
41
51
50
44
37
40
34
38
39
43
35
39
36
41
42
45
47
47
44
46
35
33
42
53
50
41
44
58
33
39
45
38
39
43
43
46
41
37
47
38
43
44
37
41
44
36
27
44
44
44
38
37
49
47
44
38
41
38
54
45
36
35
35
39
37
36
34
38
46
53
42
39
37
35
30
32
45
44
32
24
38
29
30
34
36
41
34
46
33
35
29
32
38
32
32
44
47
35
33
45
37
39
40
33
49
32
29
42
48
40
31
36
37
37
55
33
35
34
37
27
30
38
33
32
39
36
35
32
37
32
29
31
37
44
39
34
41
39
37
61
43
43
38
38
48
44
30
27
40
36
28
32
37
36
41
33
29
32
32
29
39
40
36
36
38
45
48
53
48
36
32
24
38
49
40
43
38
29
37
35
35
43
38
42
38
28
27
45
24
44
41
41
42
37
44
33
30
31
44
36
43
39
37
38
38
29
36
33
36
37
36
48
48
31
46
35
26
45
30
49
38
29
33
34
30
39
28
46
51
32
41
32
28
34
44
36
32
35
32
32
31
50
35
49
32
37
46
40
35
38
24
40
31
41
31
36
39
30
55
41
37
36
38
28
47
28
38
45
42
39
34
32
30
30
22
38
48
37
36
46
31
35
36
32
28
37
45
40
30
37
39
41
29
31
32
37
39
29
36
43
33
31
28
29
34
48
42
35
36
36
43
37
25
40
17
36
40
37
34
39
34
51
38
34
47
42
27
49
36
43
42
36
28
40
31
37
44
37
40
37
24
35
42
37
37
38
44
33
49
37
37
37
30
53
28
32
37
32
33
31
34
43
35
33
40
25
41
30
39
31
48
29
37
36
29
34
32
40
36
32
46
41
46
36
33
25
29
32
38
22
32
44
42
39
48
38
24
39
37
32
31
37
38
29
44
48
37
29
41
43
38
21
32
41
36
41
35
36
31
34
40
40
24
37
40
38
47
33
37
40
40
39
28
33
44
26
39
33
30
34
40
40
33
32
31
36
34
35
43
33
42
40
41
33
30
35
42
40
30
43
43
24
27
43
31
39
34
31
48
28
33
39
35
32
43
32
35
22
40
48
30
34
42
38
34
39
33
38
36
37
42
30
38
32
34
33
27
30
42
50
27
36
35
34
37
29
23
36
32
38
31
43
37
23
37
28
41
47
38
40
35
24
30
30
34
28
31
39
37
26
18
31
35
33
34
23
27
27
31
35
27
21
38
27
37
30
35
25
37
36
28
27
38
23
27
36
41
25
43
38
33
30
29
34
33
24
21
30
39
40
29
32
34
28
41
34
38
31
24
40
39
30
30
33
29
34
22
29
39
32
23
39
27
33
32
23
39
39
30
31
26
32
27
31
33
26
28
26
30
26
32
34
37
31
35
23
28
22
35
36
38
29
33
28
33
25
33
30
37
23
31
20
23
38
24
41
34
29
37
27
19
23
24
22
30
42
32
29
28
26
30
26
34
26
35
30
29
34
25
29
33
38
30
24
33
20
26
33
33
26
28
33
27
29
30
31
27
36
23
28
30
24
35
32
23
28
24
28
18
39
30
25
24
19
25
31
37
24
36
39
28
31
14
20
18
27
25
33
28
26
25
32
17
32
20
20
28
29
32
18
27
26
30
27
39
29
28
32
27
38
36
31
27
27
19
30
30
32
31
23
21
27
37
23
16
25
36
42
19
23
22
27
23
29
23
27
20
25
24
22
25
36
33
24
30
29
13
25
39
36
28
28
30
26
22
19
21
25
28
24
25
24
23
19
35
29
32
23
20
27
16
29
28
21
29
26
25
34
21
23
32
33
28
28
23
24
25
26
23
24
21
31
30
20
29
30
28
34
27
33
21
32
20
20
24
38
26
25
26
40
29
31
24
26
26
33
25
30
23
24
23
23
19
25
20
23
29
31
22
16
27
25
21
29
28
26
24
21
16
22
29
29
27
21
29
25
20
31
22
21
23
21
30
31
22
22
24
30
19
36
24
38
27
24
35
22
24
27
37
33
21
23
28
25
18
24
32
24
23
25
31
30
30
21
22
26
17
31
29
27
27
24
28
26
25
21
19
29
30
28
18
21
19
29
23
28
26
19
28
17
20
22
23
25
26
33
27
27
34
23
32
30
22
26
30
30
35
30
19
26
32
20
33
35
32
17
29
25
30
16
22
21
34
32
24
21
33
25
30
27
32
21
24
24
32
31
36
32
28
24
25
29
25
32
39
32
26
37
25
22
36
26
25
29
21
21
28
30
32
19
25
28
27
32
30
25
29
27
18
25
23
27
25
22
23
29
27
35
38
33
28
33
29
25
32
22
28
28
29
31
32
30
29
26
28
31
26
28
23
18
29
32
26
26
31
29
35
22
28
22
22
36
30
24
28
31
38
31
28
31
26
26
30
26
28
45
25
30
35
25
33
21
35
24
34
26
34
19
26
37
29
27
29
29
37
34
34
32
35
32
27
31
27
31
29
30
33
25
28
33
34
32
37
26
30
35
31
27
30
28
27
45
30
40
26
36
32
32
45
27
30
31
37
29
37
30
34
48
37
28
34
26
36
31
38
27
42
40
30
32
26
32
33
37
29
25
33
34
33
39
26
25
32
28
36
34
37
39
37
36
36
26
28
30
48
31
42
40
32
38
25
37
40
31
36
24
32
31
35
28
36
33
22
31
22
35
31
38
23
39
33
38
35
36
41
40
34
22
39
25
30
37
30
29
26
36
47
39
34
40
36
48
28
39
35
36
25
42
37
30
34
32
43
26
26
33
30
38
34
22
31
35
35
42
33
33
34
30
52
35
36
36
40
46
47
36
32
37
33
32
35
32
31
22
32
29
46
33
40
29
30
51
37
45
47
40
36
25
29
40
38
27
35
38
38
39
43
36
38
38
39
34
50
35
35
27
34
42
44
34
46
37
41
41
44
39
39
37
45
49
33
50
43
37
38
39
38
36
37
35
48
49
47
42
43
42
38
43
48
33
35
39
41
50
40
41
41
34
42
38
44
51
44
46
49
44
44
49
45
54
47
50
41
62
38
41
44
37
37
47
37
43
46
54
40
44
49
48
38
37
39
55
52
41
42
44
48
47
49
43
51
41
39
50
43
50
54
53
46
47
50
50
47
54
55
52
54
48
44
50
55
44
40
55
55
45
43
44
54
55
48
43
45
46
57
48
44
46
59
45
49
45
52
40
55
51
59
62
73
52
51
50
58
49
50
50
57
63
51
45
48
54
47
43
43
73
53
58
52
60
55
62
48
59
44
48
47
57
49
56
43
58
57
55
54
55
53
55
49
43
58
60
55
55
60
59
52
62
67
64
56
56
54
65
60
60
49
44
53
55
60
66
49
52
61
72
44
68
60
52
62
59
50
66
54
61
57
59
57
61
69
58
51
62
43
60
64
66
65
66
64
63
57
58
41
55
60
55
56
58
53
69
64
74
65
56
64
74
52
63
60
63
53
66
73
59
51
56
50
51
67
68
55
58
71
63
63
59
78
46
56
53
78
40
52
56
56
56
50
67
49
71
70
63
49
58
53
66
68
52
72
52
59
66
78
63
55
45
58
67
46
66
55
62
57
53
46
60
63
59
61
55
59
68
52
52
51
45
57
44
58
60
47
47
55
61
48
58
55
48
55
51
57
60
61
45
43
58
46
53
46
54
56
63
52
52
52
51
52
39
45
57
42
47
66
44
51
46
62
47
47
44
56
52
43
38
51
45
41
48
47
45
55
54
59
42
42
42
47
42
51
38
47
57
50
33
44
42
38
45
46
45
37
37
45
39
42
53
43
46
49
49
41
38
42
41
32
33
31
38
44
40
56
50
42
41
50
38
35
37
38
42
31
33
34
36
34
34
43
48
44
50
35
37
32
34
33
32
45
38
32
39
43
43
37
30
37
36
43
35
39
30
45
29
35
35
32
38
32
26
24
35
43
43
20
26
37
36
42
31
30
41
27
34
30
28
25
39
34
45
22
37
27
34
25
25
31
20
31
32
22
32
26
21
30
33
27
29
40
34
28
25
23
28
40
31
34
31
33
32
29
25
24
24
24
20
20
29
33
29
38
26
22
21
26
27
31
26
24
24
20
24
25
27
29
22
25
29
22
36
20
20
22
29
21
19
16
26
19
14
25
19
39
20
28
15
19
26
30
20
25
23
22
13
23
26
23
21
13
18
24
21
23
16
12
20
23
14
14
30
12
21
16
19
16
17
21
22
28
8
25
23
19
23
20
20
21
16
20
17
22
17
24
21
12
18
19
21
25
20
28
25
20
16
16
13
15
10
17
22
18
20
17
17
27
16
13
14
21
17
17
16
13
19
11
14
24
24
19
26
13
19
22
9
22
18
18
24
15
10
21
16
21
18
16
20
23
16
54
74
73
84
85
79
79
74
62
69
86
88
87
81
68
82
87
72
87
67
68
82
70
72
72
72
71
77
71
81
69
60
64
73
72
75
75
69
86
67
70
61
87
53
76
72
65
68
73
63
60
70
60
56
65
72
64
88
73
59
58
60
66
72
68
64
47
56
64
52
65
64
57
67
63
58
65
70
69
62
62
65
73
64
66
68
61
62
70
69
63
53
63
48
70
58
61
60
46
62
56
64
55
58
65
65
52
64
52
52
50
47
59
40
62
60
62
73
56
51
64
49
58
51
57
46
49
58
51
48
62
45
45
60
56
48
46
43
42
52
60
42
44
40
56
53
52
57
56
46
41
49
40
46
46
51
45
40
50
34
35
44
52
34
42
36
36
51
36
40
47
43
44
52
41
45
48
36
41
40
37
63
28
44
22
