# Filename : TXT_Files/Acq14400sec_016.Chn
# MCA detector ID: 1
# Start time : b'16':b'16':b'26'
# Start date : b'01Oct221'
# No channels : 8192
# Live time : 716345
# Real time : 720000
# En cal factors A + B*x + C*x*x
# A : 0.0
# B : 1.0
# C : 0.00
0
0
0
0
0
0
0
0
0
0
0
0
0
0
0
0
0
0
0
0
0
0
0
0
0
0
0
0
0
0
0
1
1
2
2
3
11
61
241
348
405
406
417
401
393
425
386
413
454
455
403
460
466
462
427
446
478
504
443
441
470
480
509
487
479
460
530
495
514
477
523
506
444
489
492
501
467
517
503
513
509
500
454
516
488
516
511
530
536
528
546
563
548
524
565
571
569
552
547
595
589
586
612
604
629
616
615
641
660
654
673
687
662
603
721
721
695
646
713
688
747
763
737
686
723
732
749
710
738
752
754
790
801
781
793
763
793
812
850
855
804
776
858
858
807
891
849
786
808
803
757
846
737
792
747
782
790
849
800
760
761
803
808
814
802
796
729
787
775
758
801
795
811
784
750
763
819
786
819
813
760
816
827
741
845
801
840
786
836
860
841
840
873
854
835
891
853
910
953
907
893
892
946
896
928
993
975
985
960
1017
1007
1037
1044
1018
1001
995
1016
1004
1058
1075
1106
1095
1067
1103
1106
1119
1074
1148
1170
1121
1190
1180
1166
1274
1201
1165
1195
1195
1227
1237
1239
1256
1284
1269
1362
1311
1290
1300
1411
1361
1364
1314
1307
1368
1439
1413
1428
1407
1425
1462
1417
1490
1459
1464
1392
1509
1537
1505
1557
1553
1547
1598
1589
1704
1657
1684
1541
1701
1687
1654
1783
1782
1793
1780
1774
1728
1764
1771
1795
1831
1806
1822
1823
1949
1950
1989
1941
1974
1953
2012
1984
1978
1987
2115
1988
2006
2078
2011
2088
2085
2254
2104
2262
2155
2199
2219
2235
2237
2227
2278
2272
2236
2356
2412
2344
2361
2339
2377
2383
2403
2392
2466
2467
2415
2477
2432
2431
2530
2550
2500
2550
2621
2607
2479
2590
2586
2637
2620
2706
2673
2681
2695
2651
2480
2812
2782
2739
2717
2775
2919
2684
2818
2897
2726
2925
2890
2909
2913
2939
2991
2946
2955
2939
3055
3096
3139
3064
3109
3069
3076
3124
3218
3200
3204
3183
3163
3283
3204
3246
3312
3237
3321
3244
3368
3199
3312
3368
3339
3379
3408
3245
3379
3328
3263
3204
3376
3328
3278
3264
3369
3279
3360
3419
3222
3299
3228
3296
3220
3270
3258
3280
3287
3251
3211
3292
3159
3183
3176
3249
3086
3122
3277
3172
3160
3190
3230
3180
3105
3239
3362
3185
3085
3169
3187
3129
3197
3215
3241
3181
3189
3249
3182
3219
3193
3157
3162
3239
3190
3133
3189
3163
3236
3215
3123
3223
3286
3234
3200
3249
3286
3205
3209
3200
3138
3148
3055
3179
3167
3075
3249
3206
3186
3121
3224
3141
3189
3241
3178
3236
3140
3202
3203
3128
3152
3090
3138
3089
3139
3134
3024
3243
3140
3077
3073
3119
3158
3173
3074
3033
3133
3042
3120
3179
3094
2983
3018
3081
3070
3074
3031
3049
3003
3002
3009
3048
2938
2957
2967
2996
2853
2979
2938
2920
2969
2954
2909
2858
2980
3054
2949
2904
2959
2884
2879
2943
2942
2898
2927
3022
3026
3008
2914
2920
2920
2869
3020
2874
2944
2899
2927
2835
2874
2800
2878
2897
2859
3018
2906
2826
2997
2840
2919
2829
2939
2968
2892
2945
3020
2991
2791
2899
2895
2806
2851
2814
2815
2857
2702
2824
2818
2823
2783
2785
2802
2708
2868
2794
2834
2745
2785
2789
2869
2849
2818
2806
2860
2733
2757
2752
2681
2944
2709
2766
2760
2747
2782
2864
2722
2805
2771
2714
2778
2775
2782
2849
2702
2778
2693
2783
2811
2745
2737
2709
2797
2703
2637
2718
2733
2662
2776
2652
2609
2780
2747
2753
2683
2713
2662
2648
2576
2643
2585
2633
2624
2698
2639
2619
2668
2680
2636
2652
2636
2605
2643
2585
2619
2613
2604
2519
2630
2588
2526
2622
2646
2528
2512
2565
2450
2581
2603
2519
2623
2541
2574
2569
2559
2486
2529
2589
2574
2538
2587
2682
2485
2500
2471
2458
2524
2553
2477
2456
2572
2374
2498
2498
2531
2399
2537
2537
2456
2395
2535
2381
2395
2420
2345
2502
2398
2369
2420
2402
2479
2471
2351
2396
2386
2360
2340
2372
2315
2352
2376
2451
2339
2310
2362
2275
2229
2248
2344
2330
2277
2261
2273
2319
2281
2280
2344
2307
2244
2272
2226
2267
2292
2299
2248
2339
2273
2306
2233
2237
2185
2204
2276
2241
2204
2246
2235
2258
2244
2272
2231
2242
2188
2241
2336
2241
2214
2245
2229
2263
2215
2174
2263
2208
2275
2196
2221
2138
2212
2082
2129
2088
2109
2183
2190
2183
2160
2171
2241
2066
2161
2160
2093
2190
2070
2103
2123
2099
2046
2106
2121
2120
2097
2063
2083
2062
2091
2033
2039
2104
2006
2078
2036
2093
2070
2058
2100
1982
2054
2065
2008
2028
2055
2044
1981
2065
2071
2052
1982
1873
1950
1991
1936
2036
1938
1988
1950
1977
1943
2056
1973
1984
1893
2007
1940
1936
1863
1962
1999
1965
1907
1791
1917
1885
1993
1929
1912
1945
1842
1943
1898
1916
1910
1929
1870
1914
1950
1883
1885
1871
1885
1765
1930
1899
1853
1815
1818
1830
1847
1869
1814
1810
1810
1797
1792
1795
1845
1863
1860
1747
1788
1829
1765
1758
1822
1828
1837
1823
1760
1787
1838
1769
1649
1788
1669
1710
1760
1806
1781
1658
1712
1711
1768
1788
1764
1729
1730
1652
1726
1726
1770
1655
1692
1714
1630
1668
1804
1742
1742
1724
1680
1744
1716
1770
1731
1771
1751
1689
1701
1747
1701
1653
1713
1730
1694
1672
1690
1764
1686
1701
1695
1750
1707
1661
1664
1595
1703
1614
1657
1698
1660
1646
1688
1744
1638
1607
1664
1614
1657
1679
1606
1614
1703
1698
1681
1620
1568
1703
1635
1666
1669
1581
1562
1600
1662
1562
1572
1621
1569
1609
1625
1597
1618
1628
1603
1597
1526
1584
1546
1608
1582
1599
1569
1639
1585
1585
1538
1549
1514
1608
1583
1560
1546
1590
1495
1518
1553
1536
1500
1525
1574
1532
1529
1496
1543
1507
1405
1527
1520
1527
1481
1395
1444
1455
1476
1426
1487
1496
1434
1419
1484
1468
1480
1468
1461
1486
1461
1455
1434
1433
1448
1419
1355
1380
1456
1375
1430
1390
1405
1474
1450
1338
1399
1420
1444
1468
1392
1369
1322
1348
1400
1415
1379
1375
1416
1409
1304
1362
1426
1409
1415
1386
1376
1299
1370
1410
1378
1338
1333
1367
1376
1338
1335
1331
1395
1335
1336
1386
1294
1322
1310
1293
1301
1357
1271
1344
1333
1333
1328
1313
1343
1292
1317
1318
1350
1246
1365
1293
1271
1306
1309
1346
1258
1261
1291
1316
1295
1298
1283
1245
1292
1346
1264
1278
1379
1246
1258
1266
1310
1256
1283
1230
1188
1266
1270
1319
1280
1259
1233
1236
1239
1236
1231
1260
1244
1316
1207
1212
1126
1161
1213
1257
1223
1257
1242
1184
1229
1218
1237
1175
1203
1177
1265
1207
1252
1286
1155
1278
1211
1189
1301
1262
1210
1211
1190
1242
1221
1247
1231
1193
1280
1281
1146
1278
1242
1227
1256
1268
1200
1251
1275
1206
1288
1255
1246
1234
1208
1264
1245
1253
1293
1243
1263
1229
1207
1231
1302
1270
1309
1262
1274
1290
1365
1332
1276
1277
1304
1272
1261
1287
1299
1283
1277
1276
1307
1231
1227
1276
1276
1276
1297
1353
1289
1336
1330
1279
1293
1302
1319
1253
1346
1344
1288
1265
1274
1370
1289
1224
1251
1254
1266
1296
1230
1244
1226
1250
1209
1263
1210
1266
1254
1239
1267
1203
1247
1249
1243
1241
1238
1196
1230
1133
1269
1212
1209
1144
1183
1205
1169
1162
1208
1148
1192
1127
1189
1193
1141
1150
1162
1091
1116
1079
1143
1059
1071
1102
1088
1095
1142
1151
1078
1045
1097
1052
1017
1084
1034
1043
1010
1012
1071
1060
1004
1017
934
1002
1000
1007
963
943
964
965
937
989
906
968
953
894
923
963
916
941
888
912
892
935
942
897
925
898
917
872
904
877
905
880
900
879
826
895
827
884
895
860
893
817
876
805
869
798
839
797
823
776
805
852
868
842
830
759
781
837
782
775
880
831
789
842
772
786
859
797
799
792
807
785
809
768
833
769
806
808
748
863
822
769
812
804
816
829
768
761
807
787
778
749
765
760
793
766
795
772
751
781
775
785
812
734
740
766
776
810
820
768
763
722
724
814
767
775
758
736
760
758
763
731
748
790
750
781
767
755
757
753
719
750
726
771
763
758
785
725
768
782
758
746
777
742
763
752
729
721
726
729
712
736
739
748
752
743
706
738
705
728
725
737
712
706
769
788
679
708
728
728
693
675
716
767
721
727
712
700
677
728
786
739
708
700
739
784
765
731
759
728
727
768
731
769
741
694
717
783
680
744
743
739
727
695
769
713
711
752
740
744
725
741
732
750
729
686
699
735
707
689
732
694
741
745
705
720
725
660
720
728
672
708
712
709
721
715
680
694
681
710
735
693
668
729
720
723
742
707
686
705
718
675
693
653
634
677
627
683
700
660
642
654
668
691
704
648
665
663
633
640
681
659
686
658
601
631
691
648
619
644
656
671
633
642
630
631
662
646
664
577
632
647
625
657
618
577
606
622
619
594
639
563
607
645
610
609
626
591
593
601
595
594
480
568
581
567
597
555
580
592
560
598
581
592
592
606
590
558
532
569
548
549
548
566
578
566
597
564
541
588
575
554
601
576
520
564
542
538
551
553
566
543
561
543
495
526
512
533
524
522
541
536
536
511
539
553
502
563
514
550
556
512
512
500
556
540
522
500
542
514
522
512
552
483
518
530
516
541
501
526
552
530
485
525
568
526
535
524
486
513
519
548
520
497
496
550
524
533
519
538
518
539
577
557
520
490
544
552
544
504
520
529
524
567
549
581
537
545
551
536
534
542
533
562
540
591
542
547
535
544
526
546
553
607
557
570
567
576
544
571
554
561
543
530
573
580
546
545
578
537
582
564
522
585
591
545
572
596
582
568
556
573
588
533
568
580
624
556
609
590
581
563
594
605
607
630
568
571
611
567
535
547
551
576
578
585
549
583
590
613
588
574
550
599
591
563
590
614
597
587
586
534
579
604
565
554
606
593
561
585
599
567
570
543
592
556
603
595
562
602
543
591
575
555
556
572
529
549
559
525
521
552
524
556
533
564
524
568
566
591
599
523
517
525
604
555
532
544
558
521
567
555
508
521
569
552
537
546
482
526
545
515
545
510
526
543
525
491
527
529
546
529
580
459
491
531
491
491
474
471
463
484
452
515
472
465
497
443
465
430
487
473
489
463
469
474
445
478
454
477
421
450
425
485
401
428
417
409
465
421
402
428
373
418
456
402
399
393
424
394
446
412
348
381
405
393
384
419
365
416
357
403
358
383
389
392
385
393
366
407
349
343
346
379
380
362
372
327
365
364
377
369
361
324
359
364
361
344
342
344
367
366
357
367
380
344
328
343
362
330
333
359
353
350
352
333
306
329
327
330
338
324
329
350
344
317
328
359
325
330
297
360
330
323
332
322
315
355
327
342
325
340
339
331
328
323
322
308
372
339
326
336
341
349
316
303
323
323
354
333
355
356
337
329
327
351
322
331
330
340
333
342
355
354
296
331
344
325
367
367
350
336
360
332
350
353
352
337
354
365
355
354
335
343
384
335
401
398
357
349
371
348
344
388
370
365
368
365
418
375
362
377
381
393
390
352
413
364
344
326
378
426
382
393
385
414
376
406
345
416
355
360
384
401
363
376
407
401
410
388
382
416
406
371
401
380
366
366
446
373
387
433
406
404
389
402
388
434
435
432
390
419
377
400
397
394
392
414
416
436
402
442
433
422
444
388
402
418
416
391
422
429
405
431
437
390
394
422
471
428
437
411
422
419
422
411
444
416
392
407
403
420
421
428
435
424
411
419
428
402
432
428
416
413
422
448
431
389
407
456
424
410
372
417
407
391
441
381
434
384
370
374
405
383
421
378
403
415
390
412
385
411
411
380
406
388
396
405
408
373
332
347
391
364
372
420
394
351
389
369
368
356
340
378
341
361
357
329
392
357
358
334
348
363
378
358
326
325
326
335
325
348
351
303
330
335
316
297
309
312
324
298
337
298
327
302
313
329
307
307
320
271
334
293
315
270
335
311
298
294
297
279
306
291
292
300
284
277
304
285
263
281
266
285
281
270
285
291
308
290
266
259
243
286
235
277
252
240
258
283
250
253
234
285
257
235
237
243
262
255
249
213
264
252
256
243
277
258
238
239
254
236
251
222
250
236
237
257
236
235
240
259
240
256
246
218
249
255
248
245
246
255
267
232
242
235
242
232
240
234
232
241
280
269
249
256
236
224
233
221
244
233
223
246
225
261
247
238
237
204
251
218
234
254
210
243
216
246
239
231
244
244
234
241
259
263
244
240
201
258
225
245
238
224
249
218
226
217
250
250
220
218
232
229
223
219
276
229
207
204
215
229
218
231
230
238
212
239
222
225
231
228
258
209
225
244
214
234
214
225
217
229
215
229
232
215
230
233
222
245
232
250
204
218
260
235
204
203
228
211
237
240
249
218
218
203
228
235
200
239
218
224
227
211
225
221
225
221
228
217
191
227
232
223
224
252
196
227
249
235
200
200
219
230
250
205
231
212
215
207
231
206
233
217
225
214
217
244
217
234
250
217
224
191
207
225
217
216
204
209
215
228
219
233
214
213
221
218
226
205
223
203
204
210
219
227
231
218
221
220
213
207
205
221
204
213
217
208
215
210
248
205
212
212
183
208
221
205
200
217
234
189
199
206
200
201
192
195
217
215
229
217
202
216
208
217
209
220
227
230
221
193
185
229
202
222
188
226
194
229
219
198
221
210
234
205
233
226
238
211
196
203
201
224
241
214
194
219
217
211
190
211
196
188
203
216
230
185
215
210
199
211
220
204
222
255
235
208
231
176
231
216
208
184
212
224
219
191
228
203
232
213
233
241
177
206
256
214
208
236
222
175
209
197
201
220
214
214
224
208
204
215
220
252
199
227
221
204
229
231
212
222
231
205
213
229
244
213
214
237
228
220
205
231
195
223
222
206
240
209
239
240
201
212
231
229
222
205
219
228
223
213
228
196
199
225
218
201
192
222
208
205
218
221
224
203
236
196
217
196
199
201
218
199
206
206
203
194
211
222
190
192
206
198
238
195
223
233
234
188
203
163
187
205
205
209
206
192
200
208
207
236
197
196
210
194
205
211
148
210
186
202
204
175
194
216
207
195
197
179
209
214
201
186
185
200
195
204
191
193
182
194
171
186
176
184
170
192
201
187
190
182
217
200
202
167
178
191
195
157
182
177
172
192
188
181
191
194
182
189
178
177
175
192
207
195
166
170
185
170
155
197
210
165
205
170
177
173
167
185
173
183
176
160
173
180
170
175
185
174
193
191
149
180
188
183
189
206
161
179
169
200
176
180
177
168
171
150
175
172
183
180
169
179
179
176
182
154
166
200
202
188
158
210
206
198
164
170
175
198
162
189
149
184
177
178
177
176
166
199
178
165
196
210
182
157
192
198
209
172
177
178
175
188
206
169
191
169
181
193
186
186
223
206
166
177
189
188
172
194
196
214
188
193
201
203
194
194
184
220
209
169
183
176
199
195
171
180
198
181
191
189
190
193
177
170
185
188
183
168
172
202
187
201
207
206
168
187
171
161
198
186
195
194
175
186
213
185
199
214
194
197
205
208
234
191
186
195
200
182
188
208
200
207
216
188
222
179
213
197
204
218
178
203
221
208
228
175
192
225
190
205
220
214
216
206
217
209
213
221
195
215
243
213
206
209
238
219
211
257
191
214
230
244
211
205
221
213
215
231
233
219
240
249
250
256
222
226
219
240
220
266
229
219
228
245
236
244
236
229
247
251
249
245
234
243
233
255
250
244
269
261
248
230
242
262
240
227
239
257
255
236
249
243
248
269
269
258
276
243
242
247
272
248
270
256
269
237
268
274
262
241
234
250
254
248
268
260
297
250
249
265
274
301
245
244
249
274
279
273
282
247
248
234
247
288
285
252
271
254
267
273
257
275
251
248
230
256
224
232
265
257
257
260
257
285
279
275
251
266
250
263
279
277
253
277
247
269
286
293
265
286
257
247
302
289
265
287
257
288
261
265
251
269
239
269
259
274
271
253
296
269
269
252
290
285
261
275
256
261
270
273
250
271
271
263
260
266
239
254
237
271
241
257
269
269
244
268
283
248
233
244
238
245
264
254
277
260
246
244
250
224
230
250
251
247
254
250
236
230
286
249
237
228
226
227
251
280
225
219
234
225
215
232
245
265
256
224
210
252
233
244
255
226
215
217
205
211
221
242
229
210
230
194
233
211
235
214
229
217
226
205
204
207
191
231
233
201
225
218
203
201
199
209
206
180
193
206
162
189
191
205
212
210
195
182
199
224
175
212
209
202
180
189
213
183
192
198
184
187
192
159
170
179
160
199
189
189
179
156
172
170
183
167
184
163
176
147
173
171
161
175
164
159
158
175
136
136
149
166
140
177
136
179
142
150
142
130
152
158
149
152
126
164
168
142
133
150
136
149
133
149
132
134
152
149
142
139
158
137
143
134
130
144
116
125
132
136
122
116
131
127
120
136
125
144
132
123
140
126
154
138
103
135
110
123
150
140
116
130
123
138
126
124
124
125
125
119
123
112
127
113
114
113
113
128
128
124
109
107
125
131
89
115
126
113
118
110
110
132
108
131
88
123
117
124
131
119
120
124
113
118
90
128
117
133
134
122
118
122
111
116
120
110
111
128
90
120
130
123
105
108
100
139
136
82
107
100
100
112
102
121
112
88
117
106
122
93
106
134
107
128
117
108
104
96
101
99
118
127
121
123
104
88
88
108
107
136
111
105
100
103
105
111
114
101
120
114
128
103
102
94
105
120
112
94
132
116
116
96
109
96
89
109
110
118
109
115
111
121
90
98
107
107
113
89
94
114
109
105
100
104
108
104
98
109
111
118
116
97
114
109
103
103
120
100
118
92
92
109
109
112
111
108
99
101
112
99
108
101
93
106
111
89
107
91
89
95
107
101
87
114
98
104
100
95
105
111
98
114
103
113
112
98
112
99
96
85
95
93
95
89
90
108
105
108
107
99
104
97
112
101
101
100
119
101
94
109
99
81
80
102
105
94
93
107
108
109
108
91
107
114
78
101
94
82
76
101
101
88
93
107
100
113
106
75
87
107
81
114
92
92
86
114
84
102
83
89
101
78
99
85
100
97
89
92
100
115
94
97
99
76
106
95
105
93
98
94
108
88
103
80
98
96
87
107
103
93
83
103
87
105
106
88
95
97
89
107
91
98
103
93
96
98
105
95
107
99
97
91
112
98
93
105
108
111
83
84
92
88
83
106
98
96
111
97
97
105
105
86
111
100
87
88
96
97
83
93
91
107
80
81
91
112
90
105
98
90
118
92
77
100
103
100
121
100
93
102
108
109
118
92
112
85
97
101
101
123
113
110
103
101
109
92
101
77
97
101
108
92
93
113
93
112
98
95
93
119
107
93
108
103
98
117
102
101
99
115
106
104
103
107
103
110
93
92
96
100
126
113
100
89
86
97
100
105
108
106
99
95
128
96
114
109
113
95
83
103
108
102
93
110
91
101
109
110
98
88
86
109
83
113
101
98
89
103
100
86
88
90
107
103
100
95
109
101
116
98
91
105
106
100
106
109
91
99
104
111
102
86
92
94
86
110
94
86
100
89
86
89
99
96
111
92
93
111
88
97
95
93
89
96
98
97
95
84
97
98
110
109
91
108
90
88
107
100
88
92
94
98
110
91
90
83
100
104
96
104
110
108
95
101
99
120
97
102
96
102
77
84
95
92
106
78
102
80
101
109
88
79
109
122
96
102
109
97
71
111
95
125
108
86
100
85
108
104
103
111
95
83
97
103
81
79
112
88
88
85
100
103
100
85
104
112
102
100
98
78
99
96
82
110
105
100
100
105
102
103
89
83
115
96
104
101
84
96
96
104
98
104
102
84
102
84
92
101
88
86
79
86
96
107
84
93
101
107
98
87
104
114
108
105
99
99
121
91
105
93
93
100
100
87
95
90
88
82
93
86
107
82
88
97
70
91
91
71
80
100
92
86
92
80
107
97
99
92
97
84
108
89
87
85
92
88
79
104
95
98
106
106
96
98
88
96
105
88
83
87
96
92
78
88
109
110
122
87
89
94
101
99
84
91
93
100
89
102
87
86
95
116
104
88
87
87
106
85
112
84
100
75
84
106
104
101
103
84
97
84
102
107
87
94
95
90
82
82
103
86
87
112
87
83
94
82
99
100
102
90
90
101
102
102
75
95
93
67
95
103
106
83
91
95
102
86
75
98
84
91
94
90
102
70
96
93
72
98
115
74
94
99
85
75
99
90
99
81
96
102
85
106
82
83
112
86
81
93
86
71
80
88
76
95
91
83
86
73
76
89
79
94
86
74
87
73
80
96
84
97
77
64
82
81
80
70
76
85
77
74
87
80
71
97
75
71
77
83
81
81
105
76
81
89
77
93
85
90
86
84
87
86
85
87
86
79
90
87
78
80
89
101
85
109
81
83
83
80
59
77
74
72
95
91
73
95
75
82
71
66
69
71
82
86
72
84
88
67
102
65
97
91
91
89
73
72
76
69
82
73
84
63
76
82
70
72
87
66
79
90
89
69
79
78
75
75
73
98
78
70
75
84
71
65
71
94
71
77
79
78
66
79
85
77
81
78
60
97
77
86
93
81
91
79
80
77
74
62
67
74
64
59
65
66
80
84
74
63
92
77
69
70
78
85
66
75
106
70
66
74
65
75
76
81
63
67
73
66
69
75
75
76
71
71
63
81
81
88
72
61
75
82
91
86
64
90
69
73
70
77
76
74
81
68
65
81
88
78
68
67
74
64
65
80
75
69
64
81
59
68
67
76
78
64
57
59
72
76
67
81
65
87
67
81
64
79
60
72
74
69
90
85
79
77
77
73
99
66
74
75
72
73
74
68
81
73
81
63
67
82
73
68
70
76
66
88
77
73
86
85
65
57
85
59
66
72
75
72
67
72
77
72
75
82
85
79
73
80
80
80
74
65
78
71
65
80
79
71
79
70
75
50
87
73
73
75
71
66
83
80
80
69
68
67
76
73
88
89
71
80
65
61
85
73
78
72
67
76
66
75
73
90
70
71
91
80
58
80
79
93
69
86
77
76
79
87
67
70
64
70
68
91
91
84
82
83
67
69
67
88
73
79
87
78
78
70
75
76
81
62
90
71
68
90
71
78
76
73
74
80
69
72
64
78
77
70
60
73
69
93
82
80
84
64
69
85
89
83
69
89
78
55
72
75
76
92
49
80
67
67
80
82
66
75
90
71
85
70
83
87
94
65
57
81
79
76
84
82
74
84
76
80
72
91
86
95
84
65
82
94
80
76
88
100
93
74
86
71
68
76
70
73
80
75
79
59
77
89
74
72
89
85
74
95
83
72
87
101
66
76
90
93
92
83
75
93
79
96
109
92
89
84
85
99
95
89
91
92
100
74
98
75
102
88
89
91
77
96
90
90
97
70
76
106
95
75
109
86
82
97
88
91
93
91
78
80
93
85
83
88
94
94
94
85
101
87
109
99
105
95
99
100
108
93
107
90
86
99
87
108
89
100
88
111
82
98
85
97
106
96
115
84
103
101
76
95
114
95
79
81
93
87
99
104
109
92
84
90
88
87
94
87
100
91
92
88
82
95
103
94
115
91
87
94
93
92
101
98
94
92
107
111
93
93
87
81
102
103
88
90
86
98
110
98
76
94
97
95
89
98
93
90
99
78
115
77
109
111
89
85
90
88
103
89
94
85
96
106
108
103
97
95
102
100
88
78
89
89
91
79
96
88
83
99
99
81
93
87
85
89
104
98
70
96
96
83
100
97
89
74
82
96
104
96
94
94
100
75
83
93
102
88
107
78
83
94
88
105
83
73
83
108
120
86
80
88
77
79
92
86
96
98
85
84
72
81
87
96
84
108
86
100
78
104
88
84
77
85
94
87
82
91
78
81
83
72
82
87
81
96
84
80
88
83
104
94
66
85
88
93
89
70
72
97
84
99
92
78
105
82
74
80
86
85
66
71
91
70
91
80
95
85
85
81
97
93
66
72
81
85
69
74
101
87
70
87
87
87
92
79
68
80
82
86
86
88
82
89
77
88
83
82
90
87
87
83
86
61
70
88
79
83
86
77
92
79
79
91
68
67
76
88
92
71
68
88
80
72
64
68
99
75
77
88
67
91
86
83
85
58
73
85
67
77
78
66
91
79
69
89
73
109
72
83
69
83
78
79
56
88
88
90
86
92
55
66
81
94
73
76
66
94
81
78
83
71
76
96
78
85
83
78
57
77
79
79
72
67
84
89
84
85
76
78
68
72
62
88
89
86
67
85
95
82
81
79
76
66
88
90
75
75
64
64
55
70
74
95
70
62
70
82
66
70
84
76
82
75
77
78
70
80
67
73
70
80
91
75
68
54
72
81
78
70
67
65
69
67
58
78
85
73
80
68
75
71
81
72
74
72
58
63
60
64
84
70
77
82
69
63
75
65
72
64
70
73
68
59
57
77
71
54
74
77
79
70
73
73
52
61
62
56
54
75
80
56
71
62
58
63
56
63
70
62
61
53
67
64
71
63
63
66
60
51
65
58
62
61
76
52
59
62
71
84
53
53
58
63
74
62
60
46
62
57
66
56
65
48
54
50
60
46
77
62
64
56
51
60
67
58
57
51
54
53
47
52
57
62
63
64
66
47
59
58
44
69
57
53
46
57
46
53
42
48
56
63
49
38
63
54
49
50
35
62
58
49
52
44
43
47
41
47
45
60
47
58
48
47
53
54
40
55
49
44
61
50
49
52
47
55
42
43
46
50
55
51
50
46
40
48
36
50
45
47
49
50
42
45
46
48
44
50
47
40
33
40
42
38
40
51
39
48
38
46
42
43
42
42
51
49
44
42
59
55
40
57
45
42
47
43
51
42
49
38
36
42
45
45
43
40
44
48
33
50
46
32
48
38
51
46
46
40
55
41
39
47
45
40
39
45
49
35
41
41
50
49
40
41
48
45
39
42
28
37
37
38
54
43
51
42
41
47
34
43
40
33
48
47
45
51
43
33
33
48
38
47
44
43
38
42
46
37
52
55
49
36
48
44
53
36
39
41
43
44
46
50
41
42
36
39
53
47
41
51
41
47
37
39
41
46
46
57
46
40
46
37
41
52
38
46
41
47
38
47
48
38
39
42
33
48
58
40
34
47
38
41
42
31
49
47
48
38
47
68
40
45
44
44
45
48
44
47
46
37
31
41
44
44
49
40
43
43
39
50
46
49
54
47
41
38
37
44
57
41
44
49
55
45
51
41
32
42
39
38
51
35
28
27
46
45
39
36
34
36
46
46
49
34
52
52
42
48
37
44
40
45
38
48
39
48
38
38
47
46
43
45
39
36
57
45
46
27
36
48
33
42
54
49
46
45
45
54
38
33
50
36
50
37
45
39
37
45
39
47
53
40
50
40
46
29
48
43
37
39
42
39
46
37
45
33
51
48
45
41
36
52
38
54
54
47
51
55
43
39
41
43
40
45
42
54
43
36
56
46
41
47
42
41
49
47
47
39
33
42
52
45
50
41
48
43
45
33
61
52
49
46
44
40
36
46
46
58
54
50
39
57
39
48
57
52
37
58
57
66
49
50
43
40
46
46
55
46
56
42
48
55
49
56
37
50
59
47
46
44
53
48
52
45
57
53
46
49
47
52
50
53
43
52
45
50
43
54
60
36
54
66
49
57
46
48
33
62
63
52
58
36
53
58
73
58
49
61
52
63
56
52
56
38
48
44
61
60
53
49
57
45
71
62
56
63
39
53
52
49
43
46
78
62
73
65
44
64
46
75
65
63
40
56
62
39
43
53
46
68
52
59
43
57
52
54
62
46
59
52
57
39
50
50
50
52
52
63
60
55
63
60
68
63
54
69
57
62
60
63
51
55
70
51
58
55
60
61
50
63
72
57
46
81
67
56
52
47
69
81
69
58
57
68
56
57
52
51
72
48
50
78
53
70
66
62
66
61
53
64
37
62
58
50
70
54
60
58
64
51
75
48
65
66
54
45
66
51
52
77
55
52
69
73
64
61
64
66
64
56
64
73
67
56
57
55
62
55
64
61
52
68
64
51
57
66
61
62
60
58
60
45
59
82
61
47
58
63
59
64
66
66
61
69
78
71
50
61
62
54
60
44
63
67
71
64
64
55
56
63
47
64
65
57
55
58
53
60
53
56
60
77
47
67
44
60
45
69
54
40
59
56
59
50
58
58
55
57
61
63
42
45
46
60
50
46
53
72
51
63
44
52
54
57
69
47
69
45
64
62
45
56
49
64
49
47
40
67
53
52
54
65
55
70
61
43
54
63
70
42
62
56
53
56
50
56
56
47
62
41
55
56
60
42
51
48
42
44
41
49
40
53
73
62
52
47
53
44
50
46
30
49
49
50
52
53
45
43
49
32
42
43
50
48
51
51
55
44
48
43
51
49
50
49
53
44
38
49
40
44
38
47
56
43
54
45
50
53
51
50
29
38
50
41
56
54
39
59
41
40
50
43
32
50
40
38
28
50
50
49
52
49
21
36
38
43
42
49
47
34
42
42
33
44
47
44
44
33
56
42
49
51
36
43
39
37
41
35
51
33
44
46
39
44
40
39
57
48
43
48
35
40
40
37
40
49
44
45
33
39
44
36
37
52
49
49
42
40
40
35
32
32
37
50
37
36
30
34
33
37
32
33
36
33
31
40
36
37
39
38
35
42
43
36
32
34
40
37
36
54
47
48
41
45
40
38
38
39
29
29
42
29
43
39
36
42
48
29
26
41
37
41
34
33
35
41
33
31
43
43
36
36
37
31
38
35
35
42
34
34
30
43
25
43
33
32
34
38
23
28
36
36
27
32
27
30
39
29
36
25
34
42
26
34
31
30
35
41
35
38
27
33
28
43
42
48
35
27
43
39
34
24
31
38
46
36
41
27
28
35
46
34
33
41
43
39
28
41
33
33
39
32
39
31
37
34
33
33
30
24
44
22
32
49
28
44
35
40
40
34
42
33
35
33
35
20
28
26
40
34
33
41
33
40
32
31
38
39
40
39
35
30
33
36
36
39
36
42
38
39
37
49
35
31
38
27
37
27
30
53
37
29
45
41
47
30
35
38
27
37
54
44
36
39
39
33
35
36
36
39
34
31
39
41
27
43
30
45
43
35
42
35
40
43
35
27
43
31
29
35
30
32
32
47
47
44
37
37
36
40
39
34
31
40
39
30
38
36
36
34
28
44
44
35
29
34
32
52
29
41
34
40
35
35
41
34
47
50
31
33
38
36
32
40
33
26
47
47
42
39
53
30
40
33
41
32
29
35
44
52
45
39
41
31
39
27
35
28
37
31
37
29
21
38
27
40
48
30
30
41
44
49
42
44
40
39
32
38
33
34
29
38
34
46
38
35
29
26
37
42
38
37
50
31
33
43
38
40
34
38
44
46
33
43
32
43
36
28
38
29
37
42
28
31
32
42
45
56
26
45
43
36
46
31
41
36
31
43
35
37
40
31
37
45
24
34
30
31
42
38
33
35
48
50
39
41
42
41
41
40
39
24
38
42
33
33
30
32
42
41
41
30
38
43
38
31
33
35
41
31
34
33
38
37
34
34
39
25
39
44
37
31
37
36
38
30
37
36
32
32
32
26
35
27
44
42
32
31
44
25
39
30
31
43
24
38
38
32
45
34
26
35
28
33
37
41
32
32
42
46
32
34
37
33
43
39
43
26
34
27
35
32
27
30
39
27
33
37
35
33
28
31
27
31
38
34
45
27
34
32
31
31
25
30
35
26
22
32
36
28
34
34
31
32
30
23
33
38
39
25
33
36
29
32
36
35
33
33
24
22
25
34
37
31
29
25
35
34
34
38
29
31
27
31
34
39
21
26
28
38
23
33
27
25
17
36
30
35
32
36
23
32
31
37
31
25
35
26
26
30
29
26
36
27
26
30
33
28
29
31
27
32
26
24
27
24
33
18
29
34
35
32
31
35
29
35
27
28
27
32
26
28
28
23
40
26
30
20
28
21
28
19
29
25
22
25
29
35
23
20
32
22
29
29
30
30
30
36
26
33
31
27
28
30
33
35
26
31
31
28
28
34
23
30
27
27
35
23
23
28
13
16
27
25
24
24
20
19
27
26
27
33
25
25
24
24
27
32
26
34
29
26
31
25
24
22
29
33
31
24
20
22
27
24
18
36
20
28
28
22
24
26
26
30
12
27
23
27
29
20
25
30
24
17
25
35
18
19
21
31
27
27
19
32
30
32
23
24
28
22
33
24
27
29
26
36
24
18
24
19
25
18
25
24
40
27
26
31
21
25
26
21
29
30
34
25
23
27
29
24
32
25
28
29
25
24
29
20
25
22
31
21
24
22
25
34
33
27
29
26
28
27
27
33
20
25
25
27
27
25
28
28
17
31
25
18
32
22
32
28
24
31
27
28
28
30
30
25
22
20
32
28
28
29
23
28
25
34
31
19
23
30
28
27
33
21
21
25
26
26
22
26
34
31
35
29
17
31
31
30
31
33
27
34
21
27
27
26
26
28
27
22
31
25
41
26
24
25
26
41
28
27
29
29
29
23
28
20
23
30
19
25
27
35
30
30
25
16
30
27
25
14
24
29
30
28
38
27
18
24
18
20
27
25
22
28
29
20
24
30
27
21
27
23
32
28
36
24
36
39
22
24
23
27
25
36
26
25
31
21
16
28
30
33
29
30
41
29
36
34
19
33
38
31
20
24
27
26
28
19
24
19
30
26
28
36
26
24
18
29
21
29
35
28
25
25
42
25
33
27
17
28
31
26
25
29
32
33
24
28
25
35
29
23
22
33
27
25
27
28
23
25
36
28
22
36
26
21
23
29
34
35
33
23
22
26
37
36
27
27
30
26
31
25
18
26
27
25
31
25
38
31
23
40
31
29
25
35
31
27
32
32
39
19
22
28
40
26
34
34
24
29
26
28
20
28
39
31
26
27
31
29
28
30
28
24
27
38
37
31
29
27
33
32
31
35
28
25
28
37
25
37
34
28
19
24
29
38
29
37
33
29
31
30
23
34
44
29
25
31
36
26
33
37
37
21
36
31
30
31
32
27
24
40
32
29
36
26
44
25
30
32
29
23
29
30
31
31
33
31
25
27
39
34
27
33
26
23
22
36
34
35
26
28
31
32
46
38
31
30
31
30
38
38
27
38
35
26
34
29
40
29
31
25
32
28
29
39
34
38
38
36
29
31
38
30
38
29
25
32
28
36
40
26
31
36
47
34
39
31
38
42
36
32
33
26
29
32
41
36
34
31
50
39
31
37
40
32
40
40
37
37
42
35
29
37
30
36
37
43
36
32
41
31
27
37
50
33
35
40
33
44
34
43
36
39
38
35
43
40
34
38
45
44
41
54
37
40
32
38
50
37
30
51
49
46
40
38
38
35
43
43
33
38
38
30
30
29
32
30
37
60
39
40
54
36
49
34
37
28
47
44
45
33
40
45
43
44
36
46
40
44
36
44
33
36
36
47
44
36
42
43
37
47
41
40
35
49
50
52
44
48
42
42
39
41
55
47
47
49
41
38
55
50
45
42
48
35
48
49
38
51
46
60
43
52
33
45
49
56
46
44
38
49
38
57
46
39
42
55
33
43
40
48
56
42
56
49
56
49
51
51
38
58
41
58
56
56
62
66
50
51
55
53
53
60
58
48
49
45
59
57
47
53
45
55
54
71
61
50
55
49
49
45
51
56
62
48
47
51
52
52
66
55
58
55
54
59
47
51
50
67
48
54
52
65
66
52
57
59
42
57
50
49
58
52
65
63
61
44
48
54
64
53
47
63
63
66
60
61
63
65
69
60
56
48
43
46
72
53
77
56
62
52
63
47
51
65
50
56
61
51
66
51
63
61
61
59
54
53
63
55
57
54
65
42
72
59
62
69
53
53
54
54
56
67
55
66
76
55
58
51
65
47
50
60
68
58
56
53
62
57
59
63
58
68
62
55
65
61
62
69
63
68
52
65
63
47
49
72
54
61
56
48
58
63
68
60
60
69
51
71
65
53
63
62
62
67
55
57
58
57
60
63
55
56
53
59
55
38
58
53
55
56
39
52
55
57
47
58
44
58
48
48
49
65
59
51
59
37
57
48
71
57
52
63
57
64
43
51
47
63
59
50
51
50
63
39
56
63
51
41
47
50
42
38
56
47
57
55
41
60
48
46
50
47
47
50
57
56
32
56
52
43
53
49
36
45
37
50
54
39
29
51
62
50
49
53
45
48
51
51
58
48
48
42
37
51
38
39
43
47
59
32
48
45
47
34
35
49
55
40
35
57
36
54
45
45
48
42
40
45
36
31
34
51
44
42
48
37
39
35
42
43
43
39
40
43
33
32
62
31
34
33
40
35
35
38
23
24
34
38
31
29
41
41
41
31
42
29
33
30
29
27
38
34
32
34
42
23
45
31
33
34
30
35
30
34
34
37
30
23
30
36
29
25
24
38
23
41
29
24
33
23
38
33
27
30
30
28
32
34
31
29
30
26
31
40
24
34
32
27
34
26
26
27
32
17
20
23
23
19
28
28
25
23
30
26
22
29
19
25
18
24
30
25
26
20
29
23
20
28
34
25
29
27
29
28
16
30
23
25
20
23
26
26
19
20
19
24
22
29
20
22
16
25
22
20
15
28
23
37
27
20
21
20
34
14
21
29
24
18
17
18
22
16
24
13
32
28
25
18
23
22
23
27
12
17
21
20
25
27
18
26
14
21
16
16
34
19
37
16
22
27
18
15
19
25
20
19
26
15
21
18
14
24
21
16
20
19
19
14
19
14
20
17
17
22
16
14
17
26
17
21
21
28
20
25
17
20
18
20
12
17
17
13
21
12
17
21
18
23
26
22
23
19
18
10
20
49
79
80
88
62
71
98
85
73
64
62
74
64
67
78
65
73
64
78
67
62
53
69
72
89
67
65
70
73
75
66
58
65
84
85
68
72
78
85
64
69
88
68
61
74
65
77
70
71
66
77
66
59
56
60
69
78
70
64
63
68
65
71
59
55
74
49
66
56
79
68
67
64
57
66
64
69
63
63
59
62
83
55
53
61
52
52
55
62
61
65
53
56
66
61
54
55
43
41
60
54
61
59
54
58
69
43
66
70
52
69
49
65
55
47
50
69
70
50
43
54
56
44
53
47
48
46
49
50
45
48
47
53
49
62
48
62
59
40
48
51
45
48
44
58
36
41
49
51
38
57
44
54
42
46
53
39
41
49
53
51
48
34
51
39
44
51
47
48
49
46
45
44
55
48
43
52
51
35
38
37
35
41
42
20
