# Filename : TXT_Files/Acq14400sec_000.Chn
# MCA detector ID: 1
# Start time : b'00':b'00':b'05'
# Start date : b'29Sep221'
# No channels : 8192
# Live time : 716273
# Real time : 720000
# En cal factors A + B*x + C*x*x
# A : 0.0
# B : 1.0
# C : 0.00
0
0
0
0
0
0
0
0
0
0
0
0
0
0
0
0
0
0
0
0
0
0
0
0
0
0
0
0
0
0
0
0
0
1
1
7
13
60
248
357
417
424
430
445
430
439
454
438
430
472
441
448
480
459
469
444
478
456
455
453
474
459
517
454
449
496
435
458
501
488
483
472
498
477
484
455
480
475
531
539
525
496
516
543
518
530
508
533
559
533
545
589
591
579
566
620
585
572
571
581
560
653
622
634
632
682
697
678
650
597
671
686
697
648
673
686
703
749
735
730
718
748
753
774
745
783
799
768
782
800
760
761
796
847
820
827
834
803
830
845
845
860
816
914
857
829
812
818
865
852
787
821
780
802
806
798
773
746
815
831
806
799
821
828
778
743
779
776
797
837
806
775
750
784
757
836
772
793
791
855
832
805
852
810
864
892
831
855
862
865
806
890
839
852
906
868
870
892
869
906
856
941
948
1009
960
956
976
978
948
967
980
1001
971
958
972
1055
1065
1067
1127
1139
1043
1089
1124
1087
1131
1120
1134
1099
1229
1171
1212
1149
1199
1151
1117
1195
1224
1206
1209
1285
1260
1278
1283
1296
1300
1281
1288
1279
1304
1398
1311
1331
1436
1359
1415
1425
1499
1472
1444
1487
1497
1448
1476
1540
1533
1564
1478
1556
1531
1616
1621
1552
1676
1696
1653
1625
1662
1699
1677
1751
1745
1773
1713
1738
1733
1782
1804
1857
1890
1847
1849
1929
1955
1925
1972
1983
1895
2012
1974
1944
1995
1988
2011
2017
2060
2085
2140
2105
2127
2129
2204
2204
2193
2143
2272
2244
2206
2274
2280
2239
2290
2256
2348
2328
2310
2327
2412
2373
2439
2428
2444
2400
2424
2440
2497
2398
2544
2561
2578
2486
2470
2591
2538
2517
2608
2699
2700
2709
2705
2648
2678
2794
2695
2718
2790
2757
2762
2768
2761
2886
2824
2847
2785
2873
2982
2955
3029
3049
3029
2937
3001
3092
3056
3034
3017
3250
3190
3155
3158
3212
3218
3270
3355
3246
3237
3178
3264
3288
3393
3336
3409
3261
3302
3312
3422
3355
3397
3295
3333
3258
3422
3355
3302
3404
3378
3361
3411
3291
3362
3304
3267
3389
3296
3208
3329
3336
3239
3275
3364
3355
3297
3256
3229
3245
3209
3216
3255
3324
3367
3267
3195
3145
3243
3262
3253
3234
3099
3185
3161
3182
3196
3127
3277
3260
3144
3192
3178
3288
3186
3176
3205
3190
3209
3215
3327
3160
3165
3204
3240
3251
3130
3209
3262
3186
3310
3294
3105
3162
3150
3281
3262
3245
3273
3217
3191
3241
3212
3179
3235
3333
3178
3293
3155
3093
3247
3259
3210
3172
3263
3222
3171
3193
3113
3078
3171
3099
3147
3098
3129
3026
3064
3167
3124
3189
3079
3124
3163
3120
3060
3180
3078
3158
3059
2915
2947
3135
2941
3049
3059
3055
3088
2962
2976
3013
2999
3018
3055
3003
2968
3069
2958
2915
3013
2962
2921
3075
2978
2934
3000
3058
2969
2918
2957
2986
2977
2977
2989
3061
2914
2861
2976
2876
2999
3010
2970
2953
2895
2813
2939
2984
2827
2982
2852
2976
2989
2920
2968
2849
3038
2906
2943
2917
2919
3000
2950
2917
2949
2962
2872
2918
2959
2871
2863
2959
2853
2803
2840
2893
2901
2921
2868
2802
2821
2931
2842
2824
2823
2824
2830
2837
2847
2941
2789
2837
2842
2845
2695
2735
2854
2887
2804
2731
2847
2775
2752
2774
2674
2765
2818
2807
2777
2838
2740
2867
2740
2739
2794
2777
2731
2754
2793
2716
2713
2763
2817
2740
2760
2762
2725
2709
2657
2601
2810
2689
2672
2615
2724
2691
2668
2786
2539
2711
2713
2663
2682
2601
2566
2589
2627
2717
2651
2672
2625
2652
2681
2700
2625
2633
2609
2569
2519
2658
2660
2670
2676
2606
2577
2621
2652
2566
2590
2565
2567
2650
2577
2614
2543
2516
2533
2585
2544
2453
2559
2500
2429
2549
2516
2499
2498
2539
2447
2458
2523
2541
2451
2500
2401
2529
2337
2504
2427
2372
2437
2451
2494
2421
2456
2416
2400
2336
2461
2451
2497
2321
2398
2341
2378
2428
2382
2429
2223
2487
2459
2404
2330
2352
2324
2340
2363
2331
2278
2402
2406
2312
2234
2245
2272
2318
2302
2299
2324
2332
2279
2211
2315
2226
2309
2206
2277
2233
2257
2256
2298
2193
2176
2272
2232
2266
2310
2189
2168
2157
2189
2199
2159
2190
2237
2283
2243
2214
2212
2188
2300
2121
2146
2263
2201
2169
2162
2168
2151
2273
2200
2121
2156
2222
2153
2113
2213
2176
2235
2177
2189
2159
2211
2094
2168
2121
2128
2094
2178
2164
2084
2091
2069
2094
2075
2069
2142
2135
2096
2175
2082
2096
2072
2091
2064
2087
2059
2073
2011
2064
2030
2088
2072
1987
2019
1976
2088
2094
2115
2049
2004
1982
2028
2021
2051
1964
1984
2062
2043
2032
2007
2023
2088
2010
1976
1975
1939
1995
1844
1911
1986
1921
1947
1974
1950
2031
1995
1942
1913
1948
1892
2014
1841
1917
1864
1924
1877
1919
1845
1798
1868
1864
1857
1898
1933
1914
1887
1841
1879
1850
1794
1780
1912
1900
1828
1820
1843
1859
1797
1696
1768
1864
1788
1813
1819
1843
1740
1816
1832
1875
1764
1744
1802
1744
1784
1828
1862
1737
1788
1800
1768
1755
1735
1776
1798
1760
1780
1793
1747
1700
1735
1701
1696
1684
1784
1736
1805
1709
1792
1732
1732
1676
1753
1751
1742
1722
1741
1687
1697
1737
1665
1688
1640
1662
1724
1664
1645
1694
1709
1681
1661
1675
1687
1703
1711
1673
1638
1710
1699
1718
1711
1728
1648
1733
1628
1647
1705
1677
1619
1593
1680
1632
1685
1627
1673
1627
1650
1565
1654
1649
1651
1627
1651
1667
1623
1698
1597
1665
1690
1653
1653
1662
1647
1604
1589
1587
1584
1575
1633
1638
1590
1616
1640
1598
1609
1583
1607
1593
1546
1550
1621
1549
1575
1593
1589
1623
1487
1548
1533
1529
1563
1515
1535
1567
1574
1515
1546
1482
1430
1523
1557
1518
1566
1462
1487
1537
1469
1533
1396
1463
1505
1493
1450
1415
1477
1538
1512
1378
1459
1436
1453
1455
1505
1478
1456
1437
1438
1435
1480
1358
1406
1417
1392
1447
1396
1429
1417
1372
1498
1472
1384
1398
1412
1384
1417
1430
1428
1423
1387
1396
1370
1364
1401
1353
1380
1367
1312
1383
1400
1392
1327
1389
1380
1367
1316
1351
1327
1374
1343
1304
1354
1322
1378
1361
1306
1323
1281
1276
1360
1385
1325
1329
1344
1332
1357
1266
1288
1323
1365
1301
1273
1273
1251
1268
1296
1345
1313
1304
1292
1226
1280
1307
1272
1335
1300
1292
1255
1386
1273
1330
1254
1336
1283
1267
1256
1280
1302
1251
1300
1240
1326
1303
1239
1223
1275
1207
1299
1214
1246
1237
1257
1227
1267
1284
1289
1266
1243
1215
1191
1251
1268
1177
1239
1271
1303
1228
1243
1261
1235
1231
1218
1284
1250
1251
1268
1283
1280
1198
1191
1318
1254
1266
1213
1294
1306
1321
1226
1269
1220
1252
1245
1212
1317
1314
1233
1240
1239
1280
1251
1230
1320
1325
1256
1267
1303
1281
1290
1275
1300
1299
1284
1214
1252
1350
1339
1340
1282
1301
1327
1276
1293
1320
1356
1273
1244
1281
1350
1198
1315
1285
1258
1298
1333
1330
1311
1315
1277
1305
1359
1346
1335
1326
1332
1284
1280
1333
1351
1339
1303
1310
1247
1280
1268
1254
1226
1295
1277
1266
1307
1307
1313
1239
1248
1248
1261
1208
1287
1293
1234
1281
1228
1209
1206
1258
1219
1161
1165
1136
1230
1167
1233
1141
1173
1157
1190
1155
1123
1206
1196
1097
1140
1147
1143
1113
1080
1117
1114
1134
1118
1065
1134
1059
1064
1118
1029
1023
1077
1087
1022
1031
989
1036
1043
1028
968
1021
959
999
990
1048
937
923
1030
943
970
916
979
964
944
942
986
1001
944
953
992
975
895
936
886
884
921
924
896
842
934
814
934
900
833
852
878
837
855
848
866
883
887
886
902
827
868
876
868
856
840
903
856
879
836
833
844
815
856
881
823
801
791
854
871
854
840
825
811
794
821
839
801
790
850
879
845
836
831
791
829
784
766
784
811
780
767
839
801
821
813
797
762
810
792
817
820
762
800
754
804
754
791
794
775
720
767
771
765
768
747
753
735
723
775
791
754
747
785
809
779
762
786
813
800
764
775
764
742
778
782
755
766
755
762
724
760
732
713
787
750
700
774
726
728
684
703
749
801
732
750
751
747
785
767
738
769
748
751
744
724
747
745
727
749
715
749
738
719
738
746
767
717
747
775
815
764
713
742
746
788
731
759
710
723
747
744
736
721
750
752
745
742
730
716
757
727
732
744
760
725
660
752
762
752
737
696
738
726
670
726
753
689
704
717
728
687
743
735
751
736
715
713
747
698
695
690
759
722
711
702
760
721
739
697
733
704
685
768
688
708
726
688
704
711
711
696
717
667
689
710
707
702
710
704
687
685
686
701
655
643
648
672
666
685
627
696
664
640
704
671
686
669
639
636
671
700
669
649
611
675
647
658
656
646
633
650
649
641
635
657
662
676
650
644
644
605
599
606
628
580
621
602
602
631
619
589
623
623
597
572
625
563
627
607
603
606
600
560
574
576
530
622
525
560
610
540
576
566
571
543
603
584
539
558
589
582
576
528
546
574
545
555
532
556
528
536
548
542
535
545
518
554
564
523
532
580
530
585
501
589
579
532
576
560
538
553
543
570
534
590
543
528
545
515
528
509
553
531
547
530
558
536
521
528
506
552
538
548
575
549
542
533
518
521
534
518
530
571
518
544
540
559
489
524
539
536
520
548
540
519
534
569
558
521
520
486
590
570
550
605
555
514
553
525
561
572
517
540
498
559
521
549
540
579
514
545
546
562
579
545
541
539
602
527
585
584
536
551
546
558
537
577
616
619
539
573
573
587
582
600
573
580
555
619
526
582
596
571
544
592
565
539
534
591
588
587
622
613
564
573
631
592
563
588
596
630
536
604
600
563
600
608
577
558
556
622
596
552
561
564
612
586
619
585
596
577
614
571
571
599
587
599
534
593
608
580
587
592
586
574
589
574
581
586
585
622
582
557
613
574
569
578
536
577
604
572
569
575
550
607
496
563
570
588
568
543
542
614
568
535
523
608
545
567
511
550
558
510
565
514
516
518
520
548
568
525
553
529
520
521
511
527
544
536
515
507
557
529
483
528
490
550
553
521
531
496
516
473
517
512
512
481
489
462
482
493
516
502
439
550
470
457
483
466
468
404
426
434
436
484
438
415
437
449
447
472
455
449
444
406
444
405
404
458
407
430
417
404
422
391
406
420
434
415
406
404
419
388
383
395
375
415
381
382
364
400
423
350
381
358
384
374
394
363
384
378
373
335
341
360
382
339
365
361
382
355
396
364
364
354
377
389
375
358
364
348
352
370
335
365
321
361
363
346
370
370
343
321
323
359
346
321
350
364
331
365
351
347
330
355
369
367
331
370
368
331
317
355
371
327
337
359
339
363
343
344
338
350
360
369
360
323
377
370
410
340
364
409
361
401
380
368
355
374
376
379
384
387
371
370
374
353
375
387
368
401
410
374
395
405
406
436
397
391
379
395
373
419
433
409
427
411
376
426
385
402
400
431
398
418
396
423
449
440
421
440
409
395
467
455
437
477
430
442
463
444
437
464
472
489
506
457
469
463
464
468
465
472
510
425
509
458
498
504
511
508
507
500
525
520
538
516
482
519
489
516
458
519
548
533
510
521
533
530
523
536
517
486
547
546
511
519
523
568
548
535
564
517
536
595
581
560
530
544
534
562
555
549
540
598
572
558
577
592
538
577
550
561
532
596
614
547
592
610
575
599
556
553
628
575
613
599
527
607
573
595
575
566
607
582
570
554
595
567
609
568
570
531
587
564
529
560
546
589
542
571
598
571
549
543
574
531
581
553
560
528
525
520
564
539
562
510
534
529
476
566
496
511
531
505
519
488
496
492
543
526
484
476
510
532
490
504
513
468
515
478
455
468
468
427
433
451
461
442
432
450
439
458
436
458
410
430
416
403
414
423
402
439
391
411
392
383
350
388
389
390
369
377
412
375
351
387
359
382
358
370
352
357
371
372
335
319
346
359
345
327
348
305
315
357
316
332
313
300
330
320
306
293
296
275
297
286
290
292
301
289
285
287
277
270
273
303
259
275
256
269
247
304
282
265
286
261
292
254
281
270
277
269
278
241
274
259
265
264
290
265
265
256
277
285
237
253
283
266
233
267
262
256
233
254
260
256
241
258
238
252
246
241
247
250
245
259
236
229
251
245
243
238
258
243
229
247
250
260
236
246
252
237
249
243
233
242
262
243
237
246
233
238
233
248
254
237
211
248
228
252
278
228
212
234
228
220
232
254
224
231
223
253
232
214
231
242
234
232
273
202
215
236
232
229
218
230
268
231
267
222
238
198
215
233
239
195
241
250
218
245
210
216
249
211
211
235
224
230
238
225
229
210
230
209
208
234
188
249
230
250
219
230
212
217
220
264
221
214
228
243
224
245
232
209
214
219
211
220
203
192
242
238
224
227
207
226
214
211
226
184
212
216
241
219
216
225
229
226
245
234
226
228
212
197
211
233
242
242
221
234
209
228
207
217
199
206
218
244
201
216
201
219
225
218
215
204
209
191
232
198
202
204
214
211
199
215
202
205
234
220
249
213
203
240
215
225
188
198
259
223
222
208
212
222
197
212
217
195
238
220
211
217
196
210
211
247
232
237
220
226
217
192
186
214
219
205
189
191
225
225
196
234
227
202
228
228
235
234
218
201
207
223
232
210
229
210
226
217
194
238
197
242
198
212
203
204
228
235
206
213
195
231
219
227
189
206
201
217
234
237
239
222
223
207
223
185
205
213
233
213
221
249
218
227
226
226
214
201
215
198
222
216
216
216
211
238
255
211
227
204
203
228
223
242
234
200
233
261
208
227
201
220
201
219
242
224
211
200
211
223
241
219
249
200
234
206
224
235
211
206
211
196
208
217
207
199
242
194
219
228
200
228
239
251
230
217
231
218
248
217
240
237
212
216
202
230
229
201
223
194
212
211
203
189
227
235
221
218
214
224
216
212
190
181
216
202
227
227
218
199
208
204
221
208
198
212
217
194
238
225
181
215
216
201
217
182
208
220
193
217
210
206
216
218
181
207
180
199
188
201
201
194
187
221
184
201
205
198
174
188
196
174
201
197
199
176
188
175
193
184
206
176
193
184
198
193
183
178
190
206
191
185
194
217
205
177
187
180
191
178
182
167
184
170
191
173
175
185
171
159
192
176
202
187
189
173
174
182
198
165
174
197
187
183
165
204
198
185
178
159
194
175
188
171
167
183
196
185
171
183
170
183
170
177
164
176
194
173
198
163
194
182
172
175
177
161
178
172
164
182
170
178
181
167
174
188
150
202
170
177
182
192
174
178
163
172
174
128
181
179
178
164
163
185
186
180
199
178
162
183
161
165
163
184
170
173
174
145
155
153
183
162
193
178
193
165
176
187
181
182
165
186
165
189
171
197
180
188
202
198
173
179
202
181
161
158
158
171
153
179
190
210
193
174
184
193
191
174
175
204
186
182
205
196
193
187
211
179
190
167
194
199
194
222
174
189
171
175
205
191
168
198
196
197
213
181
203
185
184
161
219
191
189
211
196
171
176
194
213
193
201
194
205
200
212
207
194
218
213
206
199
205
197
205
191
203
200
201
208
211
212
229
204
228
195
210
194
234
225
217
220
213
246
212
228
216
229
238
217
238
223
218
211
221
238
219
230
214
216
232
227
220
219
224
218
214
220
222
237
247
216
224
246
224
221
239
243
250
225
248
219
240
247
237
229
232
250
244
251
238
259
242
249
239
237
259
215
246
268
226
234
226
259
259
246
249
251
232
267
258
249
207
259
254
252
244
253
254
263
263
272
254
224
280
262
262
250
270
248
257
246
225
244
236
259
244
261
267
254
269
265
243
258
261
248
269
242
272
264
258
270
291
280
256
262
270
280
246
272
255
247
276
287
264
266
264
261
275
323
261
235
299
262
271
285
279
243
230
274
236
249
249
270
239
268
263
277
281
251
268
255
283
264
280
274
251
283
287
275
257
274
277
246
296
254
263
276
265
268
252
261
247
295
249
265
269
288
253
255
243
259
282
262
283
240
264
267
254
236
285
283
245
264
233
281
293
257
241
278
241
257
274
226
233
259
251
275
235
279
242
254
271
223
236
226
266
246
258
251
252
242
253
276
228
238
207
239
200
243
217
241
245
237
229
227
218
237
220
222
219
225
256
251
234
211
235
210
237
220
201
224
216
232
230
226
211
229
223
226
208
213
212
215
197
203
211
241
233
227
184
234
209
216
221
194
184
211
215
192
181
211
201
187
202
206
206
203
191
208
207
195
212
165
193
180
184
187
214
220
182
190
164
190
165
166
199
187
158
155
171
186
149
199
173
153
178
174
172
160
156
180
153
156
134
147
154
150
161
166
160
171
143
143
143
126
154
149
154
158
161
155
133
168
150
156
158
152
148
148
130
148
157
155
135
132
170
138
155
140
148
122
136
126
146
140
135
135
151
150
125
125
135
107
151
125
115
117
144
134
139
100
131
116
129
114
112
122
126
118
153
109
125
136
127
133
123
146
126
124
128
116
129
108
134
124
112
119
121
134
119
118
137
110
139
108
121
131
129
132
107
131
98
118
115
117
134
110
102
102
123
112
104
112
121
131
111
131
114
106
86
122
123
115
115
98
127
115
106
103
118
126
115
105
101
105
127
118
116
99
117
129
120
111
115
117
118
123
106
134
115
111
111
127
102
105
124
118
121
101
106
106
109
101
119
104
98
100
110
132
111
102
99
111
115
107
117
118
126
106
103
106
113
103
108
117
120
100
96
108
109
105
108
117
120
116
118
116
120
121
103
117
104
115
106
125
81
144
95
122
107
121
105
105
112
82
103
110
99
111
108
98
107
102
103
107
102
96
104
111
107
101
108
119
110
100
106
103
108
120
109
111
109
99
103
95
111
108
102
105
107
94
112
87
94
113
84
109
112
99
100
111
111
91
102
97
124
98
93
120
101
86
103
95
109
83
112
94
97
92
100
102
86
97
101
113
89
109
100
112
94
94
109
103
108
102
108
104
119
95
123
87
87
97
82
91
111
104
102
94
90
104
90
97
89
112
91
89
103
104
93
92
93
100
112
92
109
114
96
136
91
89
92
83
108
106
86
109
103
105
90
96
67
103
100
89
94
112
84
98
92
98
96
98
97
108
91
94
90
97
92
85
82
101
87
110
98
96
93
81
95
107
84
98
84
94
93
98
89
89
86
98
91
109
74
96
93
87
91
110
84
103
85
118
106
81
98
112
109
87
71
110
109
100
91
119
105
99
92
91
105
93
85
104
81
91
110
80
108
88
97
101
104
80
102
115
94
122
106
100
111
91
92
83
100
89
109
94
94
91
99
99
105
101
111
96
91
97
101
92
96
101
123
108
103
87
104
99
80
110
109
92
86
99
105
105
97
90
100
113
102
88
128
105
97
105
91
102
102
101
110
105
111
102
110
107
100
93
117
95
82
114
107
92
110
121
112
109
96
100
100
99
89
90
98
100
115
93
84
106
93
96
91
110
99
100
109
94
110
95
110
77
117
114
89
106
108
92
95
94
93
82
100
103
98
102
91
111
84
85
101
90
97
88
113
87
98
82
101
97
102
90
91
100
86
99
101
103
98
99
107
86
100
102
100
99
104
105
103
111
82
95
96
111
101
87
105
102
121
111
102
90
77
100
118
90
98
111
92
92
98
99
114
85
121
99
85
92
90
91
86
97
99
118
97
97
101
94
88
98
107
89
84
96
104
92
107
96
99
104
86
79
97
93
102
98
99
91
107
95
106
88
79
103
95
102
100
99
95
94
96
118
95
111
99
87
111
105
89
96
95
110
95
102
109
94
98
92
111
98
99
89
91
98
102
88
101
94
101
97
105
97
85
87
94
94
101
91
111
106
112
77
101
104
94
102
109
103
93
97
89
87
90
103
100
71
88
105
103
96
92
92
92
102
103
104
85
79
102
106
109
102
102
93
93
83
100
87
102
106
100
115
93
90
92
109
96
102
101
94
97
89
80
108
101
99
83
107
101
101
97
100
97
86
103
88
109
100
101
97
83
95
89
88
94
99
86
96
95
116
78
92
97
103
104
92
80
93
95
93
119
88
91
99
98
95
94
100
89
91
87
68
105
87
107
105
85
90
102
102
92
86
75
94
97
106
98
89
96
85
80
84
88
95
118
88
88
81
91
87
90
100
96
93
80
96
74
78
99
88
106
78
83
84
80
95
92
93
101
124
102
81
98
92
80
78
85
81
77
100
98
110
95
89
77
91
94
87
80
82
104
99
83
97
94
83
90
96
104
82
92
77
85
88
93
85
78
93
93
87
85
89
89
91
87
84
94
89
90
87
90
86
78
81
72
94
90
82
70
97
84
70
92
77
89
74
86
92
87
94
67
80
81
95
68
72
91
84
77
80
72
81
84
76
65
81
83
97
90
89
100
80
79
78
85
73
80
74
76
70
83
62
90
85
59
81
75
75
70
79
77
79
79
81
86
85
82
76
76
75
67
88
73
92
83
87
78
84
82
60
64
85
85
84
83
95
72
87
82
91
86
73
75
67
83
68
69
75
82
89
81
90
87
68
79
72
85
81
76
70
78
69
82
76
83
85
69
62
78
84
85
74
102
75
73
73
92
69
85
72
80
71
67
76
76
87
59
79
66
86
70
79
80
65
70
86
59
70
77
70
77
70
92
61
75
65
68
66
82
70
86
57
72
78
71
77
96
80
88
70
59
73
75
69
77
64
81
84
79
79
89
78
65
69
77
72
64
70
60
60
68
78
73
69
52
81
71
76
72
77
61
69
70
73
66
69
76
82
67
83
85
76
91
77
77
70
80
63
71
75
66
72
78
89
64
80
70
72
55
71
68
72
78
68
73
59
80
70
76
69
70
69
80
69
64
76
77
80
82
85
76
81
60
69
93
91
71
75
63
73
72
64
71
82
72
77
90
75
65
79
68
73
76
70
74
85
79
74
79
75
77
82
72
62
72
78
74
78
60
87
86
79
77
67
76
69
77
94
67
75
73
68
72
71
90
79
75
61
68
88
73
63
60
74
95
82
86
86
68
92
73
82
74
75
63
75
79
77
80
61
79
86
96
73
73
71
85
68
83
82
68
83
67
66
75
74
72
79
72
70
82
82
72
85
78
78
94
83
76
71
70
80
69
78
89
75
70
79
93
77
64
73
80
72
82
76
80
96
94
87
89
80
95
86
87
98
84
76
78
83
75
64
73
74
79
67
74
85
82
80
80
77
78
90
87
68
72
70
93
86
83
74
75
87
78
91
80
83
76
82
81
68
72
72
100
78
87
92
78
70
65
84
83
99
85
65
82
70
76
71
83
93
88
82
79
89
81
91
91
80
88
83
71
86
81
82
70
90
86
85
96
85
89
75
83
69
68
75
94
90
75
103
101
84
94
71
78
89
67
87
92
95
83
110
79
84
78
80
90
88
85
89
85
80
87
87
76
91
100
97
98
77
77
99
91
101
105
78
94
108
81
92
97
87
103
100
99
78
104
94
83
88
86
96
103
98
95
85
103
98
90
96
87
108
84
92
102
100
98
94
99
100
94
94
103
88
106
104
104
82
86
88
85
100
102
109
103
91
90
103
92
89
105
78
86
99
116
88
102
112
89
101
109
100
89
105
105
101
73
97
104
82
101
109
85
99
104
97
107
84
78
89
98
102
121
74
99
93
116
110
77
109
107
113
94
90
78
102
109
85
93
107
100
79
84
79
95
95
97
94
97
103
92
85
91
92
99
104
98
97
88
110
98
97
101
83
83
117
91
113
87
87
94
104
91
85
95
97
72
92
103
85
87
93
102
95
91
79
89
85
109
90
93
103
78
93
79
90
88
90
86
88
85
100
96
87
85
92
90
82
91
107
84
97
79
81
98
75
104
89
103
82
80
84
83
100
85
108
82
88
77
82
83
89
105
70
73
88
85
91
82
85
88
78
74
91
86
78
86
86
86
85
84
84
70
65
78
84
96
75
95
74
81
102
76
79
93
81
89
93
89
100
103
91
81
78
94
72
80
67
81
82
84
67
78
86
86
89
92
91
78
86
75
76
97
79
86
73
84
78
84
84
77
86
95
78
82
85
78
92
65
70
75
83
85
85
100
91
84
84
80
95
79
92
76
82
92
71
91
96
98
101
78
81
87
79
82
77
83
87
86
116
91
72
77
73
68
92
85
79
69
80
81
81
85
77
77
69
94
81
76
76
83
82
77
63
75
89
82
74
99
78
76
75
69
81
81
95
90
90
63
75
78
79
78
85
72
62
76
77
83
104
66
79
67
68
67
89
82
69
83
69
74
68
61
82
90
79
83
84
74
63
79
84
67
68
86
77
66
75
70
94
74
82
73
84
84
85
57
65
75
77
75
84
88
77
69
73
87
77
73
63
77
62
58
64
72
76
64
76
70
65
68
60
78
69
75
67
63
71
63
59
68
73
56
65
66
70
79
60
78
59
70
80
69
80
72
60
57
74
67
69
83
55
58
72
59
64
77
73
77
68
59
71
56
68
70
65
67
78
51
54
60
65
49
62
64
51
63
76
55
72
57
71
68
62
65
59
70
64
69
59
63
60
61
51
66
64
66
56
43
56
76
57
43
48
67
70
59
55
55
50
65
55
49
45
60
54
58
54
60
47
65
57
54
60
57
43
43
57
54
48
59
59
52
64
61
60
67
53
49
55
47
52
53
58
43
43
52
44
48
63
44
46
51
57
58
57
48
42
51
51
45
56
57
45
49
51
48
43
39
59
40
43
64
54
44
50
63
37
62
45
52
44
51
49
48
38
50
49
46
49
32
57
47
39
37
50
47
46
37
39
52
51
51
48
55
41
48
43
54
46
52
55
60
41
40
41
40
44
34
42
48
39
34
39
44
45
49
44
39
45
43
57
33
51
39
45
40
47
47
43
50
45
49
46
37
45
46
39
49
57
58
53
44
59
42
41
39
33
39
54
46
34
34
41
33
49
46
43
44
54
53
46
56
40
38
41
43
41
48
42
45
48
27
52
45
49
60
52
49
44
39
31
45
46
40
48
52
46
42
31
49
45
42
37
35
40
49
42
43
46
47
44
40
45
42
29
42
46
43
44
49
46
41
44
45
53
40
46
36
47
39
57
45
43
37
47
36
32
36
48
38
33
41
33
44
42
37
40
40
42
44
39
48
45
46
50
38
45
50
48
40
37
52
36
56
47
37
42
40
33
35
55
43
36
45
46
22
45
35
43
40
42
52
40
55
38
39
36
48
46
39
46
35
50
44
45
55
43
39
34
45
45
42
71
47
39
45
53
40
47
41
42
44
36
35
45
43
48
46
52
43
51
46
43
49
38
42
48
52
48
41
33
51
35
37
44
42
53
49
41
57
45
58
45
54
40
45
52
34
44
45
41
60
44
51
46
42
47
32
46
46
53
46
51
39
53
55
45
37
35
41
49
43
50
45
40
37
39
53
51
62
61
51
51
52
61
47
42
40
57
46
54
62
41
39
47
46
44
63
64
37
57
41
59
44
47
52
52
50
54
53
40
42
53
58
51
36
40
51
50
42
52
53
43
42
43
53
47
56
42
47
45
52
42
49
40
44
60
62
46
58
39
58
53
53
44
55
56
59
47
48
57
49
40
57
62
54
41
54
59
53
45
60
50
49
45
59
58
52
53
47
44
56
47
53
48
51
56
45
45
54
62
50
58
57
58
59
63
61
50
52
63
53
59
50
59
55
51
39
45
52
41
49
70
63
69
61
48
54
49
62
65
55
60
58
52
64
63
56
58
55
56
55
52
60
62
42
55
52
56
55
43
41
57
51
65
62
49
60
56
58
58
54
77
66
48
58
59
58
60
57
68
51
67
51
62
56
66
49
50
60
53
57
59
54
62
58
62
75
55
68
63
70
65
66
68
77
53
62
69
60
65
47
66
58
55
67
77
67
52
70
63
59
61
87
62
65
59
57
55
54
66
57
52
59
63
52
63
46
60
58
48
52
71
67
53
58
62
60
63
55
67
83
60
50
59
52
48
64
72
54
64
64
71
63
58
70
46
66
57
61
56
58
67
55
55
53
60
67
53
71
63
62
57
70
52
63
64
53
63
74
58
61
43
60
59
59
52
48
67
51
63
72
54
56
68
46
63
52
57
58
69
64
59
51
62
67
60
69
65
69
62
49
68
46
60
61
52
49
44
69
52
52
69
53
51
65
51
63
59
53
69
41
48
58
62
60
65
52
54
49
45
70
40
57
50
58
46
43
57
41
58
48
52
55
63
59
55
57
49
59
45
50
50
51
68
65
50
40
55
66
51
62
45
48
46
50
51
51
57
48
62
49
39
46
45
57
51
48
51
58
58
55
53
47
52
48
56
55
56
59
51
51
37
53
49
45
42
51
47
48
47
48
52
52
52
52
47
41
52
49
40
43
48
48
50
37
53
40
41
50
39
44
38
46
59
64
45
32
41
63
51
38
40
64
43
48
51
51
44
42
60
49
48
51
59
44
47
57
47
57
45
46
49
55
33
53
45
58
38
42
39
42
46
50
42
37
39
43
35
34
41
36
50
32
40
45
41
34
56
45
40
38
56
41
36
40
42
48
42
49
39
39
61
22
34
38
44
50
40
48
46
40
39
39
46
37
41
32
52
33
48
46
46
40
37
40
36
45
35
39
32
42
44
57
26
33
34
39
34
36
37
40
51
46
35
41
42
43
35
35
42
36
42
34
38
40
42
47
42
38
36
40
35
36
42
39
44
33
48
39
43
34
27
32
44
40
30
46
31
43
41
46
29
21
37
36
40
37
39
38
39
23
38
31
37
33
37
42
41
24
32
45
37
28
32
44
38
35
35
33
34
36
34
41
35
33
42
35
33
40
34
31
30
30
32
36
41
51
29
30
39
34
44
30
46
34
39
44
38
39
28
37
46
31
42
33
33
30
31
30
36
30
36
30
31
38
31
45
41
33
36
51
33
34
25
32
36
38
35
36
49
40
40
35
27
43
25
36
43
33
35
27
35
35
36
38
35
34
26
34
33
36
40
46
42
38
40
29
30
36
36
38
42
43
38
33
41
41
36
39
26
37
29
29
33
46
29
34
35
34
36
32
46
28
29
30
33
40
41
42
40
38
35
36
40
34
37
39
36
39
32
41
41
39
42
39
33
39
33
36
29
54
41
53
35
35
40
41
44
26
38
38
46
40
41
41
30
28
31
38
40
30
33
29
36
45
35
39
37
38
38
35
37
46
31
44
25
38
36
35
33
34
43
32
38
41
41
36
33
37
32
41
37
43
39
34
44
43
34
37
46
40
37
46
35
34
44
42
41
44
34
37
37
38
46
38
36
36
39
49
32
36
40
48
45
38
35
41
32
30
32
26
51
33
32
31
42
34
38
29
28
44
43
27
34
35
28
40
39
36
32
30
47
37
56
25
34
40
29
44
45
39
29
31
44
29
39
33
31
31
41
39
36
35
39
36
46
34
38
37
38
35
38
40
38
39
34
38
31
41
29
32
33
37
28
32
34
38
42
56
35
27
40
41
30
46
29
43
35
26
29
51
47
31
40
37
30
29
33
38
44
28
48
32
42
37
40
44
47
29
39
29
36
39
41
37
33
36
33
38
39
32
30
30
32
34
24
36
31
25
34
25
36
34
33
29
34
32
33
29
34
38
28
27
33
35
33
43
28
36
39
30
38
38
41
26
34
34
32
30
39
40
40
38
25
43
42
37
32
29
29
34
30
37
37
32
33
31
36
37
33
35
39
30
41
30
27
38
30
29
46
32
32
34
39
34
30
36
39
34
26
31
35
36
34
31
38
29
35
25
26
25
25
43
27
32
26
29
41
48
34
28
35
30
21
27
26
41
27
31
34
27
27
36
36
34
31
31
38
39
31
25
19
30
37
24
32
23
41
36
35
26
30
29
21
33
29
40
36
27
32
28
32
33
38
33
33
37
23
30
30
26
22
26
24
24
30
28
24
36
32
28
30
17
29
33
33
21
29
30
31
31
22
24
30
31
33
30
33
21
28
29
26
23
40
34
30
37
35
30
16
29
23
29
26
24
31
27
35
17
32
20
32
34
43
30
27
28
28
28
27
26
27
24
28
23
26
34
22
31
32
28
31
22
40
35
28
30
31
18
25
19
26
26
23
21
26
31
28
28
28
16
20
28
25
18
21
28
32
23
27
29
23
30
23
31
32
27
23
30
23
32
31
27
19
29
28
23
33
39
25
27
28
29
29
18
30
30
29
24
32
19
28
30
24
29
24
27
29
19
27
30
21
20
27
33
26
22
33
26
24
39
34
29
27
32
22
32
23
25
26
26
26
29
30
34
23
27
30
28
27
24
31
26
19
29
23
32
18
27
27
18
25
18
24
28
15
39
22
33
32
29
25
34
19
27
33
29
31
33
22
23
25
27
29
29
25
32
35
28
19
26
21
28
17
21
24
25
34
25
27
27
33
31
27
25
37
30
29
20
33
32
29
32
33
30
22
34
14
32
24
23
25
32
24
20
30
23
29
25
28
39
30
33
33
30
25
37
20
22
29
37
25
32
28
28
18
35
33
26
24
22
31
22
33
24
30
27
36
37
29
31
31
26
33
36
38
28
22
23
26
22
27
23
32
29
22
30
30
32
37
29
33
24
39
22
23
37
28
24
22
22
33
25
26
25
23
29
27
32
28
38
15
33
35
29
29
35
24
34
44
25
30
26
23
29
29
38
30
34
31
27
36
25
32
30
38
30
22
35
20
29
38
33
32
37
38
27
32
30
30
30
25
31
45
23
26
38
26
29
31
26
33
31
28
33
33
29
27
49
42
24
41
36
29
40
24
43
28
33
32
25
37
36
34
21
37
35
42
36
34
35
40
36
34
36
36
37
35
37
34
39
35
41
43
38
33
31
35
35
34
28
41
34
30
26
35
32
30
50
34
34
32
31
43
36
43
35
48
42
27
44
41
33
31
39
24
35
36
31
31
34
39
28
33
38
41
17
32
36
26
40
29
24
36
29
38
32
37
41
30
37
36
29
38
35
31
38
37
32
24
30
37
41
38
39
28
37
32
40
42
44
37
34
32
29
28
28
31
36
37
40
28
36
42
41
36
41
51
34
25
27
32
36
33
39
34
48
39
32
35
28
31
43
24
37
33
39
35
30
41
39
48
34
44
49
27
31
51
33
38
43
41
41
40
28
43
49
31
49
35
40
22
35
45
35
33
32
33
46
38
30
36
44
41
33
33
36
40
46
36
28
35
38
32
36
38
42
42
31
42
27
40
41
40
36
37
34
40
36
37
31
34
32
43
36
35
49
40
25
33
33
37
32
48
41
37
41
30
35
40
45
34
35
50
34
35
36
42
46
39
37
40
46
30
42
37
29
37
32
32
34
36
42
37
41
37
43
46
33
48
48
48
53
33
41
30
46
38
45
36
34
31
32
51
38
38
46
40
37
56
40
41
38
35
32
49
40
35
43
42
43
33
28
41
59
36
57
45
46
45
45
45
35
45
49
59
51
41
40
46
46
46
40
61
49
45
37
41
31
41
45
37
52
46
42
58
34
42
40
47
42
43
43
45
50
50
49
34
45
49
41
47
51
38
46
55
58
53
53
44
49
55
49
57
46
41
46
44
48
64
52
58
63
48
44
65
60
51
44
44
44
49
43
56
58
52
51
45
53
53
56
55
52
45
41
33
53
42
49
47
47
58
57
42
55
49
44
57
49
50
42
53
49
54
58
58
50
51
63
58
58
60
51
59
52
50
59
58
53
50
47
53
70
55
45
51
46
68
55
59
55
61
61
69
58
48
60
51
64
56
49
46
49
57
65
50
68
52
57
58
58
64
53
58
64
67
60
57
67
67
61
64
64
63
68
61
56
55
82
54
55
55
69
63
57
65
50
61
59
52
51
69
71
59
46
42
51
57
58
38
56
65
60
72
64
55
70
42
56
73
60
55
60
60
49
49
70
58
57
53
71
48
61
60
60
64
64
61
51
64
63
54
50
67
62
58
54
59
54
51
62
62
65
56
53
54
51
79
49
69
51
58
65
43
55
62
57
58
57
65
63
62
62
61
64
52
44
56
56
61
64
51
63
43
50
48
59
58
51
58
51
50
39
53
49
59
53
50
50
56
43
61
63
44
53
65
37
52
52
51
55
58
62
65
54
46
47
57
45
55
39
52
41
56
47
60
64
65
62
46
54
51
57
48
53
53
55
37
46
46
37
47
56
58
44
41
39
36
55
44
49
46
45
48
40
53
37
47
50
34
67
53
36
49
45
42
30
44
38
55
44
40
48
35
56
34
55
39
43
52
48
57
48
36
37
47
40
40
40
34
37
43
36
57
53
44
32
46
47
47
41
34
32
49
40
37
34
47
31
52
39
36
44
40
34
37
49
33
29
46
43
40
44
37
39
36
37
33
38
25
37
31
33
37
33
33
35
31
31
41
31
27
33
37
25
28
32
27
28
31
30
38
35
33
32
24
30
32
27
31
50
31
32
29
31
29
30
25
32
33
32
24
22
32
39
23
41
39
36
21
32
21
30
20
24
32
33
31
32
28
17
20
26
30
33
26
27
26
31
20
18
22
26
20
30
27
33
22
21
22
24
28
19
22
24
27
27
16
24
21
35
17
26
22
25
26
21
25
19
22
30
19
32
26
25
14
27
18
20
20
13
18
34
19
24
26
17
28
16
25
20
23
22
31
15
13
22
24
23
22
31
22
18
20
27
13
25
20
17
24
19
14
21
20
19
24
25
18
20
26
25
20
17
15
22
29
19
22
21
19
16
22
26
25
18
16
18
25
18
21
18
16
13
23
16
15
20
16
28
16
21
17
9
18
23
16
23
15
16
22
61
104
88
75
99
66
77
80
87
79
67
84
93
75
67
100
59
85
65
80
84
73
76
75
76
84
61
67
93
66
83
81
78
80
67
68
68
61
75
90
91
68
68
74
62
60
53
60
81
78
79
62
64
64
67
67
61
57
60
69
70
72
64
70
69
75
78
69
74
83
70
68
64
60
69
62
63
78
80
49
59
65
48
56
61
64
61
71
58
66
46
69
64
50
54
50
52
52
70
67
67
61
56
53
54
64
52
52
65
66
57
51
44
47
65
54
48
45
39
39
51
47
48
53
65
54
45
47
61
42
52
54
53
56
63
54
38
57
51
42
51
58
57
51
60
65
44
70
43
45
61
57
43
51
55
45
49
38
50
40
37
52
47
51
51
40
37
47
41
57
54
47
40
47
37
44
43
40
47
41
39
52
48
41
16
