# Filename : TXT_Files/Acq14400sec_019.Chn
# MCA detector ID: 1
# Start time : b'04':b'04':b'07'
# Start date : b'02Oct221'
# No channels : 8192
# Live time : 716346
# Real time : 720000
# En cal factors A + B*x + C*x*x
# A : 0.0
# B : 1.0
# C : 0.00
0
0
0
0
0
0
0
0
0
0
0
0
0
0
0
0
0
0
0
0
0
0
0
0
0
0
0
0
0
0
0
0
1
1
4
4
6
51
247
381
379
412
451
405
445
430
422
414
461
444
451
411
429
466
437
466
461
461
451
434
457
483
485
462
447
477
497
506
450
495
468
483
473
488
503
524
452
486
480
533
502
522
488
507
538
546
524
541
511
528
534
523
563
551
565
578
566
570
556
579
629
614
583
579
630
634
673
653
663
669
675
648
690
697
692
719
701
700
743
752
711
687
715
742
697
759
771
759
779
767
791
783
830
822
787
804
776
780
832
812
808
874
800
824
825
810
877
814
804
793
832
767
778
802
784
793
808
782
754
805
775
813
742
788
768
782
803
825
804
765
758
760
767
813
768
793
743
826
807
788
811
790
762
868
848
802
810
819
889
881
795
920
832
859
880
871
876
932
884
929
934
938
932
945
952
916
1006
971
930
997
973
976
1028
1038
1027
983
1073
1083
1023
1101
1045
1076
1184
1120
1103
1129
1125
1156
1228
1152
1209
1111
1247
1132
1157
1134
1207
1247
1197
1249
1236
1238
1240
1278
1256
1345
1288
1317
1365
1367
1292
1354
1326
1295
1293
1382
1354
1426
1420
1475
1492
1555
1444
1540
1479
1574
1587
1540
1572
1570
1538
1587
1610
1624
1622
1648
1630
1620
1659
1678
1654
1725
1658
1680
1688
1719
1816
1767
1758
1817
1857
1845
1847
1857
1907
1943
1996
1835
1890
2004
1987
2055
2083
2064
2082
2090
2048
2086
2141
2138
2161
2181
2052
2188
2222
2146
2248
2225
2216
2278
2254
2288
2325
2304
2295
2285
2446
2381
2347
2500
2307
2391
2420
2502
2499
2468
2478
2576
2531
2506
2548
2671
2587
2626
2593
2621
2608
2691
2625
2586
2640
2692
2674
2677
2798
2645
2864
2807
2880
2861
2821
2896
2769
2895
2825
2959
2846
2883
2896
3000
3041
3094
3058
2955
3006
3173
3047
3054
3153
3024
3113
3171
3175
3278
3078
3278
3292
3279
3221
3238
3317
3252
3237
3269
3226
3355
3263
3354
3280
3332
3327
3369
3371
3320
3381
3401
3278
3469
3322
3313
3262
3229
3286
3250
3286
3284
3341
3315
3297
3249
3143
3254
3216
3245
3211
3304
3218
3182
3216
3198
3219
3216
3221
3229
3165
3226
3092
3215
3207
3179
3155
3107
3172
3147
3144
3193
3269
3196
3270
3207
3255
3132
3161
3304
3247
3341
3296
3264
3116
3126
3198
3161
3255
3224
3153
3244
3229
3185
3258
3226
3204
3219
3248
3276
3138
3153
3209
3195
3221
3168
3263
3144
3100
3156
3259
3218
3075
3061
3162
3110
3139
3270
3263
3208
3218
3100
2999
3180
3051
3187
3101
3179
2955
3126
3106
3022
3062
3184
3125
3196
3047
2964
3001
3098
3091
2977
3000
2956
3136
2938
3024
2975
3027
2956
3003
3017
2973
2965
3051
3085
3082
3004
2999
3012
2916
2913
2992
2894
3061
3019
2950
2967
2971
3030
2956
2971
2872
2870
3006
2926
2989
2943
2860
2907
2918
2969
2901
3009
2802
2944
2986
2882
2883
2954
2851
2911
2963
2949
2871
2835
2964
2942
2850
2924
2806
2796
2876
2979
2941
2809
2850
2850
2896
2920
2914
2892
2818
2872
2887
2699
2849
2902
2882
2782
2808
2915
2836
2770
2832
2792
2917
2886
2787
2729
2850
2764
2682
2891
2846
2770
2866
2792
2895
2716
2768
2784
2824
2742
2820
2810
2667
2758
2706
2695
2812
2735
2693
2715
2713
2692
2716
2668
2770
2730
2704
2759
2790
2793
2779
2660
2699
2729
2595
2725
2658
2630
2691
2667
2655
2695
2646
2678
2671
2768
2640
2635
2707
2640
2642
2667
2618
2615
2556
2612
2612
2683
2587
2621
2555
2626
2572
2511
2716
2641
2574
2657
2617
2662
2528
2518
2612
2564
2557
2630
2579
2528
2638
2528
2466
2598
2594
2510
2554
2533
2406
2465
2550
2442
2402
2582
2485
2443
2458
2450
2501
2567
2435
2501
2475
2308
2403
2386
2449
2483
2411
2481
2393
2301
2421
2407
2385
2372
2402
2356
2444
2439
2363
2287
2437
2321
2355
2318
2373
2444
2399
2351
2356
2366
2309
2386
2339
2268
2369
2380
2330
2262
2318
2304
2259
2271
2323
2264
2272
2337
2248
2255
2256
2176
2281
2243
2277
2267
2295
2266
2270
2198
2321
2340
2162
2190
2272
2268
2215
2281
2250
2206
2239
2195
2218
2175
2218
2196
2143
2127
2145
2141
2227
2182
2186
2157
2196
2149
2126
2161
2134
2141
2141
2120
2251
2036
2030
2004
2195
2130
2166
2128
2114
2150
2097
2088
2141
2158
2088
2090
2042
2056
2046
2069
2038
2068
2073
2080
1994
2001
1955
2060
2093
2095
2056
2006
1971
2053
2074
2009
1970
2026
2012
2076
1945
1918
1986
1982
2063
1958
1978
1982
1995
1878
1899
1968
1984
1900
1978
1922
1979
1882
1955
1956
1877
1965
1917
1979
1834
1946
1880
1997
1925
1861
1975
1900
1998
1860
1852
1897
1913
1905
1981
1821
1974
1791
1849
1843
1847
1814
1849
1814
1869
1931
1922
1818
1813
1809
1858
1913
1832
1920
1838
1805
1793
1823
1824
1824
1788
1843
1697
1908
1758
1693
1699
1722
1822
1741
1819
1771
1830
1802
1745
1875
1696
1646
1692
1721
1802
1749
1724
1762
1718
1712
1793
1698
1698
1754
1676
1684
1702
1712
1707
1741
1724
1675
1719
1734
1800
1689
1657
1732
1669
1696
1644
1695
1670
1658
1676
1729
1647
1694
1787
1645
1693
1687
1644
1716
1633
1652
1624
1683
1692
1739
1607
1635
1690
1619
1612
1605
1683
1610
1598
1682
1671
1686
1613
1619
1643
1653
1700
1624
1713
1681
1614
1627
1631
1630
1639
1579
1627
1640
1607
1609
1633
1638
1652
1603
1582
1592
1603
1567
1625
1557
1561
1599
1580
1581
1609
1596
1532
1574
1628
1576
1543
1580
1555
1535
1530
1601
1525
1501
1520
1500
1516
1497
1481
1473
1516
1536
1548
1516
1546
1526
1515
1537
1503
1490
1429
1444
1490
1518
1477
1430
1425
1475
1435
1514
1462
1393
1427
1448
1388
1466
1477
1408
1424
1455
1459
1492
1424
1465
1498
1449
1394
1399
1398
1412
1382
1393
1390
1311
1448
1436
1370
1382
1386
1341
1359
1396
1367
1353
1427
1377
1317
1373
1369
1408
1400
1368
1357
1363
1408
1365
1371
1300
1400
1364
1394
1295
1372
1354
1342
1317
1384
1476
1274
1290
1321
1362
1378
1355
1340
1356
1291
1378
1311
1267
1267
1324
1336
1284
1274
1275
1298
1234
1215
1296
1341
1349
1339
1260
1270
1341
1226
1264
1226
1304
1203
1326
1336
1264
1286
1257
1218
1301
1302
1262
1275
1240
1269
1238
1240
1191
1317
1244
1211
1293
1146
1156
1298
1273
1233
1298
1257
1250
1180
1238
1184
1316
1213
1267
1187
1199
1219
1146
1182
1237
1213
1173
1227
1213
1183
1223
1177
1213
1212
1225
1167
1263
1280
1229
1185
1259
1205
1335
1213
1198
1233
1257
1253
1288
1184
1262
1271
1246
1229
1235
1273
1245
1255
1207
1226
1306
1311
1274
1265
1293
1335
1307
1237
1281
1263
1235
1256
1280
1260
1276
1259
1319
1336
1263
1255
1218
1214
1333
1253
1303
1293
1315
1324
1278
1346
1360
1310
1327
1316
1279
1244
1293
1260
1311
1315
1251
1326
1282
1267
1300
1179
1303
1246
1325
1261
1294
1254
1211
1264
1288
1288
1219
1282
1259
1264
1225
1311
1223
1247
1188
1278
1249
1219
1222
1187
1293
1250
1131
1248
1238
1236
1255
1187
1210
1147
1238
1184
1162
1166
1137
1172
1145
1109
1134
1168
1162
1129
1137
1110
1095
1139
1144
1070
1123
1098
1067
1072
1046
1069
1082
1013
1080
1082
1019
1053
990
1014
1046
1024
1002
1000
1083
1031
1008
993
968
972
965
993
929
994
966
955
939
908
965
954
988
890
940
906
868
922
922
870
931
866
943
898
923
906
862
822
843
890
839
888
878
840
904
847
847
872
859
848
812
849
832
884
774
838
806
820
804
838
814
816
818
808
787
805
856
831
862
798
832
776
780
786
757
790
805
787
849
803
844
848
825
796
814
813
752
790
781
794
817
699
784
843
750
770
757
758
793
756
807
792
779
771
782
788
776
794
775
762
780
734
774
785
766
817
757
759
752
716
782
765
694
732
799
748
725
765
730
755
766
767
760
729
739
761
770
788
786
702
765
801
756
747
812
751
707
716
720
762
740
788
781
718
728
751
746
742
751
751
756
762
759
750
762
741
737
773
713
771
744
739
751
771
769
743
747
741
726
691
763
699
786
754
712
734
703
750
758
737
750
686
706
745
692
750
754
696
713
779
739
749
695
703
717
736
717
710
723
747
685
722
706
691
785
767
728
746
713
777
689
758
709
702
695
747
708
760
725
759
700
689
735
672
684
742
682
717
689
727
699
728
729
733
699
727
707
673
703
722
686
691
713
701
697
705
676
689
704
732
697
702
659
730
713
683
732
715
663
687
719
695
691
686
668
699
708
679
626
673
659
679
625
648
637
670
629
654
682
610
628
693
692
639
646
611
607
648
649
618
686
628
615
619
623
643
627
610
618
601
583
627
630
564
614
595
616
584
572
612
556
594
601
606
555
616
567
550
541
638
560
554
578
570
600
563
582
572
550
525
566
552
557
522
560
563
545
513
568
602
594
585
529
519
531
530
579
515
545
528
518
569
535
548
576
564
548
536
552
526
583
546
544
588
522
542
528
544
505
501
552
523
503
507
561
516
548
537
572
569
515
479
507
504
566
503
564
530
524
541
532
525
539
538
540
523
513
505
539
587
509
552
524
543
518
521
560
560
531
539
565
549
503
552
524
582
545
532
553
521
547
586
505
535
545
540
500
553
530
528
536
548
541
505
527
628
532
596
557
567
568
550
503
557
576
565
569
530
564
580
552
562
567
601
587
592
560
590
585
585
559
606
526
569
562
626
596
557
593
557
572
583
577
600
565
622
598
590
631
621
608
570
606
552
563
576
558
593
533
574
585
583
617
623
611
597
571
594
569
590
558
580
577
550
580
577
611
603
558
563
566
583
568
577
603
519
643
564
574
598
594
604
592
553
550
533
585
577
575
576
563
577
572
592
553
552
546
529
529
570
580
606
590
565
571
566
575
523
565
506
553
563
537
546
532
535
546
537
531
505
560
532
521
506
548
491
518
530
546
554
533
552
512
496
540
520
516
492
512
490
495
504
503
493
482
511
472
492
473
474
467
522
482
483
533
505
461
449
435
438
491
462
453
436
411
409
430
477
441
461
434
450
448
435
460
440
396
411
402
432
396
389
430
439
416
422
406
388
416
436
428
393
377
417
415
392
389
377
375
379
399
405
402
365
345
408
378
365
403
345
365
342
370
354
393
365
364
327
400
365
386
342
375
392
352
366
338
352
369
313
322
321
314
342
352
373
334
329
327
306
333
357
310
319
363
315
333
358
345
344
331
348
348
332
316
319
341
335
320
331
320
324
351
337
324
337
339
316
356
350
331
331
324
312
323
340
349
329
345
337
318
329
313
343
337
325
320
328
352
328
334
311
335
323
327
341
347
355
348
317
342
337
326
327
327
376
329
360
355
311
327
312
323
390
359
330
381
356
345
361
352
340
329
295
360
343
363
343
356
351
383
330
346
359
378
373
354
373
362
394
387
352
379
374
371
397
369
354
353
391
371
364
392
381
382
370
352
363
374
371
381
399
355
379
379
381
401
366
382
352
382
389
396
375
343
423
375
391
376
415
403
386
356
417
401
411
435
355
404
416
408
402
385
385
390
403
394
396
396
394
411
397
388
382
404
416
424
382
425
396
430
394
393
440
391
400
392
438
422
408
388
429
413
421
385
405
393
411
398
388
378
407
451
399
398
397
379
412
348
382
397
384
417
412
387
426
412
376
391
407
409
368
388
352
390
358
373
398
379
389
351
350
379
348
383
365
353
394
384
367
387
382
378
399
375
362
435
408
388
355
364
356
374
353
341
357
367
350
351
347
341
332
332
377
349
328
331
359
362
317
367
342
347
299
336
304
369
340
334
317
321
336
321
298
335
283
319
284
330
282
319
318
291
295
321
308
314
288
303
272
281
273
303
292
279
305
301
280
321
282
268
267
292
290
286
266
303
278
303
298
291
301
281
263
264
269
273
261
244
280
256
248
260
276
267
253
225
241
261
241
235
262
260
242
263
234
263
267
255
254
266
255
258
269
253
240
242
233
244
239
225
236
214
208
220
223
276
239
238
230
219
236
245
215
233
253
246
224
244
247
235
261
238
236
250
240
241
222
224
240
259
247
239
228
220
245
257
250
242
240
269
248
218
225
242
225
262
222
252
215
229
229
226
228
239
244
242
260
228
218
220
260
225
227
229
235
207
215
213
215
243
254
274
217
213
240
232
225
221
234
253
250
237
248
223
220
238
236
249
222
254
224
206
202
226
227
209
230
234
217
214
218
241
238
237
219
235
253
209
230
189
232
225
252
240
249
258
234
209
219
237
238
224
268
236
217
203
240
228
205
226
214
238
200
224
215
228
225
213
213
233
232
219
229
204
251
208
234
217
232
217
222
182
243
192
214
220
245
195
248
220
228
217
214
209
215
215
245
218
233
198
222
242
211
209
216
219
220
253
218
246
228
221
220
242
201
225
191
225
233
228
220
228
214
222
241
200
201
223
190
219
209
234
220
208
216
214
230
208
224
218
226
190
222
210
238
231
220
229
202
229
184
212
223
233
202
230
194
214
183
193
213
227
202
219
177
224
221
213
227
243
230
221
222
228
207
234
216
216
232
209
218
237
213
237
200
216
238
231
226
224
243
221
209
214
225
214
196
209
222
214
236
229
221
233
206
223
199
205
210
227
188
239
212
220
232
232
225
204
191
221
216
233
205
233
229
211
207
225
216
195
189
191
226
221
235
234
205
217
216
211
223
239
228
215
222
236
212
225
228
228
202
211
232
235
232
226
214
215
233
258
195
224
217
222
229
249
218
208
226
225
220
215
196
227
194
214
208
199
242
208
206
232
213
202
218
230
194
198
221
218
211
230
224
223
237
209
204
188
219
212
209
210
234
202
191
218
202
212
234
216
213
213
219
211
241
197
227
222
212
203
217
200
212
197
203
191
189
206
215
199
188
225
206
198
209
188
202
212
222
210
230
213
212
197
199
221
205
194
196
195
211
182
215
178
183
195
211
189
198
198
192
177
210
199
169
179
199
213
180
190
181
193
188
202
212
160
206
195
190
171
196
188
188
179
178
181
195
179
158
197
194
210
183
173
187
168
158
160
190
192
201
164
184
188
178
171
185
211
189
196
184
190
189
166
186
191
174
213
181
168
198
180
184
172
189
172
184
186
169
164
170
185
162
163
181
188
196
183
172
187
192
169
179
171
187
171
181
179
170
190
168
187
169
158
197
187
173
157
166
165
166
172
186
189
156
155
170
169
158
181
178
180
170
190
172
170
173
183
170
196
174
190
171
154
168
159
159
164
192
191
171
178
154
166
171
183
191
145
174
184
184
159
175
159
162
167
163
189
205
169
172
176
180
207
218
157
186
183
184
165
169
176
198
155
179
206
197
198
195
188
176
179
205
194
185
178
206
164
161
178
202
178
193
183
200
210
170
167
165
212
217
202
190
191
238
221
210
221
208
187
179
175
191
208
208
204
199
196
177
205
195
210
218
192
195
203
223
203
184
201
203
211
222
207
201
208
239
207
217
260
249
234
207
203
211
206
224
226
221
237
200
221
227
191
231
214
238
245
207
201
201
233
222
228
226
262
222
206
249
202
225
238
237
235
225
244
208
205
221
245
234
210
232
252
276
238
263
249
217
230
241
247
240
239
255
226
259
233
264
219
256
226
207
238
257
269
252
245
262
262
247
215
255
259
239
262
244
235
256
247
248
251
241
276
255
244
265
242
264
261
241
254
261
248
256
254
241
286
247
228
244
280
259
252
283
258
248
221
290
296
259
264
250
257
226
271
237
282
229
269
248
278
265
280
273
259
254
249
282
267
240
242
256
262
268
266
259
266
267
261
279
258
250
251
286
282
256
258
270
282
282
280
253
269
284
297
242
252
269
267
270
296
255
272
263
257
261
249
273
262
304
235
285
247
262
254
275
299
315
276
264
264
278
252
245
278
258
249
288
242
286
264
250
251
267
264
247
243
270
269
256
309
254
254
237
254
248
274
249
251
266
226
271
277
238
221
254
256
257
231
245
288
257
268
229
253
251
268
244
242
235
258
266
229
242
234
247
229
230
227
260
243
246
238
262
218
249
229
221
237
222
228
217
223
228
222
232
210
227
237
248
233
236
260
211
202
211
236
192
216
227
215
200
208
219
221
231
209
188
219
190
206
214
202
192
194
191
194
207
218
193
177
183
184
186
173
214
177
179
196
197
183
181
184
179
194
164
165
182
175
175
183
177
184
170
193
164
170
165
164
176
158
159
161
159
171
157
174
157
156
144
153
160
155
139
138
163
161
165
158
163
169
161
151
147
131
137
118
150
171
143
142
138
153
122
142
143
152
128
141
129
124
142
128
143
118
159
141
141
146
138
123
115
120
143
153
128
129
143
141
147
116
114
122
146
118
129
135
129
123
130
156
130
127
114
141
132
125
121
130
101
109
126
134
136
120
138
131
121
129
111
116
100
131
105
127
111
115
134
132
114
122
115
114
104
118
129
107
95
122
112
115
139
121
115
110
129
112
127
111
98
112
134
108
112
125
128
119
93
126
96
106
129
108
122
109
118
107
93
132
109
116
107
116
102
120
119
127
99
103
123
109
116
92
99
100
116
122
116
100
114
111
109
98
100
120
109
115
112
111
124
121
117
104
86
110
107
114
128
94
124
109
93
110
110
127
108
119
116
121
104
119
105
92
127
111
131
107
111
116
100
115
99
124
107
102
100
108
90
111
121
119
112
114
93
106
129
100
99
93
111
104
92
102
111
97
93
90
110
101
117
110
109
114
114
112
89
129
94
121
106
106
106
82
96
80
104
85
91
120
110
98
113
108
113
106
104
106
109
99
111
102
107
118
103
106
114
98
100
98
115
105
91
95
107
102
95
98
97
84
105
105
126
97
101
119
98
96
104
112
92
106
104
109
92
84
93
112
82
98
87
98
99
91
109
91
87
101
96
108
107
90
114
113
92
91
91
77
87
121
97
92
104
92
97
118
94
98
97
100
98
109
98
99
102
103
108
101
97
110
96
94
92
94
103
95
110
100
103
93
99
101
76
85
110
110
108
89
100
82
100
96
82
82
115
104
106
88
97
102
87
92
98
89
107
89
82
99
108
98
93
98
98
95
86
86
112
103
117
102
102
106
76
92
97
107
94
103
117
82
99
90
101
92
79
105
97
103
98
97
91
89
110
102
97
99
105
108
82
100
105
95
85
87
86
95
107
75
90
93
114
104
89
92
99
111
118
98
115
92
107
84
105
92
94
87
97
104
82
95
96
114
106
102
95
97
105
98
102
100
85
88
97
105
87
102
99
87
95
105
107
103
88
93
99
98
93
116
110
85
78
111
99
86
103
115
88
102
96
96
100
94
112
91
100
101
108
90
127
98
101
88
98
113
111
100
90
96
91
102
87
108
119
120
107
95
95
84
84
100
105
121
103
96
85
101
101
107
105
94
111
106
96
81
104
116
105
94
93
78
105
86
94
108
106
118
97
105
93
110
109
109
102
99
106
106
96
87
90
107
102
95
109
111
90
108
105
79
102
85
107
99
92
111
124
95
89
102
106
110
122
93
86
111
75
81
88
86
103
98
95
92
112
103
101
98
93
110
80
101
97
89
82
100
74
91
83
101
109
93
94
92
108
94
92
92
90
94
99
95
104
89
107
105
88
99
90
86
94
111
109
99
85
95
110
86
93
94
83
109
106
81
98
106
88
99
94
100
100
107
85
89
82
95
77
99
99
89
96
93
110
84
90
109
107
117
107
95
100
115
100
92
92
96
96
112
86
96
118
94
106
88
89
111
89
104
68
108
77
117
113
94
78
100
98
99
99
123
82
92
87
91
93
92
91
96
105
88
105
101
88
97
95
101
98
102
102
92
89
97
74
97
85
91
97
106
105
111
91
78
99
96
94
97
90
99
106
92
103
86
102
97
106
87
108
87
93
84
82
92
95
78
80
84
90
77
90
98
88
71
97
111
101
88
96
89
83
90
103
104
106
93
89
90
94
92
96
94
105
95
92
106
102
106
92
94
94
95
92
94
88
98
79
112
83
82
74
98
88
100
90
75
115
92
102
100
99
105
83
95
100
103
107
94
80
80
79
90
96
87
97
86
98
71
103
90
98
104
89
80
80
91
112
85
96
88
84
96
96
81
92
89
82
86
91
107
90
89
90
76
93
87
93
84
91
89
78
99
91
94
87
81
78
86
84
103
87
81
98
106
81
78
81
68
90
80
75
92
78
85
85
80
78
84
95
70
88
71
83
85
74
95
84
71
86
90
76
80
89
87
84
89
80
78
83
74
70
91
85
85
86
85
89
92
72
84
68
85
83
97
74
86
69
88
80
85
74
96
68
66
93
78
78
92
82
88
69
85
80
83
72
69
81
77
80
90
79
67
77
84
87
82
78
60
70
69
76
96
76
83
60
80
80
87
87
82
74
66
82
83
80
71
60
69
76
80
76
89
78
89
91
78
85
80
68
73
72
84
75
65
84
86
85
86
92
63
75
81
76
82
69
79
78
79
81
67
65
86
76
88
80
72
87
84
63
76
71
68
83
90
74
86
85
61
71
64
81
86
71
85
69
81
64
74
71
71
71
92
84
83
79
56
71
82
94
64
73
79
64
75
65
74
60
91
73
61
61
91
84
57
65
83
84
78
90
79
65
66
68
84
72
51
75
89
68
84
64
63
80
73
77
72
51
71
81
73
70
84
74
65
69
56
85
71
73
82
60
59
79
80
75
80
94
89
83
67
68
71
87
50
64
90
70
68
78
69
61
61
82
75
72
72
77
69
53
69
68
72
62
73
75
78
82
85
75
80
66
76
63
66
64
80
70
79
73
73
95
72
77
67
64
69
77
89
67
76
81
68
89
76
57
63
89
86
62
88
82
74
78
67
96
66
102
87
73
84
78
70
63
72
80
82
49
60
65
75
87
74
86
71
72
70
81
80
85
60
88
65
78
79
77
62
64
69
80
60
65
79
71
71
91
76
84
70
80
67
84
91
83
65
80
62
78
85
73
85
65
55
80
72
78
86
75
55
64
68
59
75
56
58
69
78
84
85
80
71
92
79
70
69
65
89
71
87
83
96
81
72
79
60
96
68
82
79
82
71
69
65
88
78
78
86
71
70
58
76
77
89
93
73
73
84
74
72
76
68
79
79
90
84
85
65
82
83
96
71
75
77
89
76
73
80
88
84
99
74
73
64
78
85
78
70
76
71
81
70
81
85
61
77
97
100
81
80
84
88
91
67
84
69
82
84
81
83
81
94
85
75
69
94
83
78
79
95
94
86
84
80
102
99
66
67
88
86
83
97
81
71
78
85
98
90
89
97
83
88
87
94
81
89
94
87
88
79
73
81
80
92
92
76
99
90
89
95
97
89
94
105
98
97
101
86
86
94
91
73
84
104
94
96
83
91
82
86
99
91
100
112
93
101
90
94
82
87
89
105
110
99
103
96
88
94
97
102
80
103
84
101
105
90
92
95
82
95
78
88
90
90
103
95
101
105
99
86
113
80
101
90
105
86
109
94
95
83
89
96
94
97
98
116
95
97
102
94
83
115
99
92
77
97
105
99
104
79
92
101
80
107
103
95
80
93
116
101
93
107
105
107
83
78
90
82
102
88
101
87
79
92
110
89
105
81
72
105
92
82
83
104
95
83
80
77
94
90
88
81
89
76
79
67
99
80
95
94
93
90
86
98
92
88
77
94
84
97
82
71
86
89
91
87
95
93
78
105
97
90
108
85
93
94
86
88
82
85
94
78
83
100
99
70
87
96
86
83
93
82
90
78
74
70
73
92
76
77
77
105
76
95
74
77
68
106
89
94
84
69
81
74
80
72
86
88
80
80
86
83
78
77
90
94
89
96
74
91
76
94
95
76
72
72
82
96
86
79
93
91
90
68
83
70
104
79
88
90
85
85
79
60
90
78
79
72
92
68
81
63
73
78
88
86
66
64
82
79
100
84
74
82
79
66
85
86
98
95
86
80
76
69
86
78
84
91
91
79
75
86
95
91
89
95
95
77
91
77
85
102
79
78
83
87
81
74
63
92
96
79
77
78
82
74
89
84
79
86
70
93
93
91
72
98
88
80
74
87
79
84
74
84
71
79
62
87
77
72
81
86
67
83
87
78
86
83
71
82
95
85
69
79
78
74
70
80
67
71
64
75
75
88
65
71
86
62
87
53
86
75
64
73
76
77
78
71
87
67
81
80
79
77
80
67
70
85
68
70
76
82
72
91
79
78
71
82
74
67
74
71
79
60
64
70
85
76
80
63
83
81
63
73
62
68
68
69
60
73
69
79
76
59
79
71
64
69
85
68
86
76
65
68
61
62
66
78
73
69
89
62
65
56
56
79
56
64
62
55
80
83
55
52
79
85
57
77
71
54
68
67
65
57
69
59
61
72
57
64
75
65
55
61
53
65
55
44
62
46
64
65
68
55
72
74
58
64
60
60
54
62
69
59
74
59
60
64
57
60
51
73
49
58
61
52
31
65
42
61
60
50
58
59
54
54
54
71
48
61
65
48
53
52
57
55
52
52
56
60
64
67
54
56
59
60
57
58
50
54
54
62
48
55
61
58
65
50
46
40
58
41
53
56
54
50
46
45
43
49
46
64
55
68
45
49
49
50
55
65
61
60
63
43
57
54
47
55
40
43
56
48
53
39
35
47
39
46
60
48
45
55
55
49
45
50
57
44
44
43
37
34
42
46
37
49
50
54
44
42
49
57
60
50
60
38
38
39
58
45
42
59
55
39
46
45
50
54
36
50
38
47
47
39
46
40
63
47
36
46
53
49
35
50
51
44
42
37
49
47
35
47
40
35
45
55
34
43
50
53
44
53
43
57
57
55
41
44
42
43
47
49
48
38
37
50
40
53
36
35
45
33
37
36
44
42
47
45
45
35
55
51
48
48
44
34
49
35
35
45
46
50
38
59
43
49
47
53
49
37
49
36
50
50
33
33
38
43
39
40
45
46
38
44
45
38
39
38
40
46
46
48
43
45
47
49
49
38
50
32
60
46
41
35
53
43
43
38
46
41
33
34
39
39
27
44
47
58
37
37
35
41
47
33
38
48
44
34
46
40
49
42
44
44
42
45
35
39
45
44
44
53
47
42
38
36
49
52
44
42
50
38
37
41
53
39
32
45
48
49
45
41
39
44
44
46
45
52
50
41
48
62
43
43
35
41
39
50
39
40
38
31
52
34
34
51
49
54
41
48
40
44
50
35
47
42
43
38
45
50
52
45
41
42
33
44
32
48
33
47
47
42
39
55
42
35
52
48
38
41
49
51
45
39
53
38
34
53
46
54
48
42
46
33
39
42
40
50
46
43
49
55
55
44
44
37
49
45
52
51
53
49
54
38
44
49
47
56
47
55
46
39
54
46
47
54
63
59
48
42
45
39
36
48
38
43
57
42
44
41
43
55
46
55
54
46
47
43
37
40
47
47
51
48
55
44
41
55
46
53
47
45
51
54
52
50
55
45
48
56
54
48
47
44
54
53
54
53
38
41
42
55
36
49
39
54
41
45
58
47
41
60
52
41
51
46
44
46
50
60
56
56
48
46
60
53
62
56
51
47
65
69
51
60
48
46
51
48
49
38
49
50
52
63
60
42
57
61
45
54
58
46
43
51
47
59
47
66
73
48
70
53
47
54
40
56
51
48
70
54
56
53
62
49
45
48
52
54
50
54
58
50
67
55
57
55
60
62
55
64
39
62
65
68
59
54
58
58
57
59
61
58
56
49
64
57
61
60
69
46
74
62
57
70
57
56
66
84
57
47
66
71
71
62
70
67
57
56
52
65
55
79
73
48
63
53
58
54
53
60
80
56
66
63
68
55
62
74
58
57
58
56
68
69
49
67
66
54
52
51
54
72
55
62
65
61
56
67
51
64
47
45
53
71
52
70
55
57
64
50
56
58
58
56
53
57
62
43
61
54
69
54
61
51
64
60
53
56
64
58
49
66
59
68
57
64
75
60
72
46
59
53
59
46
50
61
54
85
60
72
72
66
43
55
58
56
62
59
51
53
64
63
56
67
70
69
62
55
68
58
65
51
52
62
57
64
62
49
50
60
50
50
61
65
54
62
65
44
58
63
66
58
59
56
64
59
49
44
58
47
60
40
55
48
51
59
43
42
58
56
49
54
52
58
57
60
60
55
53
59
62
43
59
55
59
54
47
48
60
55
44
58
49
56
53
55
57
54
48
61
65
44
59
40
43
49
52
51
44
55
48
49
47
40
54
57
50
43
44
46
51
27
37
39
37
44
40
48
42
53
44
61
58
56
59
50
46
41
50
61
55
53
44
47
48
36
35
48
54
42
44
48
43
47
50
50
52
49
48
39
45
40
56
45
36
50
51
51
48
48
45
34
42
41
40
41
43
48
43
52
50
33
39
50
49
31
41
54
45
39
35
54
41
41
42
43
49
37
31
42
40
39
46
42
36
48
45
45
39
46
43
41
29
42
33
53
47
50
37
40
47
41
44
40
22
44
37
38
46
43
37
56
50
39
30
39
47
46
39
44
39
41
33
37
34
45
45
42
40
42
39
34
40
43
38
28
42
36
43
40
42
38
43
35
35
37
32
41
31
39
44
27
42
32
47
30
37
41
27
47
33
35
49
41
33
30
38
50
54
31
38
50
31
44
39
40
32
31
48
33
50
39
32
35
42
34
40
35
48
40
41
45
56
43
40
37
32
28
38
33
40
35
35
39
36
40
27
38
31
46
32
38
30
27
44
24
35
45
31
28
37
35
34
29
30
34
36
38
35
39
43
32
29
37
40
34
34
29
48
41
43
41
33
44
33
31
34
39
37
29
42
31
39
31
33
47
49
47
33
31
38
34
25
30
35
36
39
34
38
30
26
36
28
34
32
39
34
31
30
25
34
33
46
34
37
44
38
44
39
31
30
26
40
37
41
33
33
31
37
28
42
41
36
26
38
35
47
27
23
27
43
31
26
38
30
20
24
30
38
48
45
41
43
41
39
44
32
41
34
35
41
29
39
37
26
34
46
36
40
39
41
42
44
49
40
37
32
43
37
39
42
22
33
36
24
35
38
44
32
34
47
36
33
39
28
45
43
37
37
40
43
28
45
39
47
36
31
31
32
39
43
30
40
19
34
40
39
37
24
45
29
31
46
42
30
48
33
34
31
38
26
39
24
38
42
44
34
41
32
23
35
42
32
27
40
44
37
29
38
33
29
37
47
27
42
30
40
38
44
33
34
45
23
36
40
45
37
30
40
34
35
37
43
47
36
42
45
47
31
25
33
23
54
38
52
35
29
41
40
39
31
33
42
33
37
38
29
42
36
34
31
34
31
40
31
22
34
36
37
34
28
46
35
31
26
19
29
32
26
32
36
43
38
41
37
32
35
38
27
37
36
31
27
34
28
24
37
27
41
40
33
48
28
41
42
31
38
38
33
40
37
31
38
41
54
39
32
50
41
30
44
41
33
47
34
36
31
28
43
33
28
36
37
31
44
40
31
29
27
45
39
32
46
33
26
32
40
49
29
31
29
34
28
44
39
38
33
29
39
38
31
46
32
35
42
38
38
34
40
36
29
23
35
31
33
25
35
32
34
26
36
34
32
35
31
40
36
39
46
36
30
26
37
36
40
27
45
29
28
36
22
32
29
27
44
36
32
33
41
28
39
27
40
39
40
34
34
35
31
29
29
38
27
35
47
34
36
34
38
37
36
32
38
32
27
45
48
35
32
33
31
33
27
33
36
36
34
26
20
31
37
36
31
26
20
38
21
35
30
26
29
30
27
25
35
18
21
22
25
29
18
32
35
28
34
31
30
24
31
42
36
26
29
34
35
30
27
47
33
27
34
24
19
25
39
24
24
28
26
37
27
32
30
25
31
31
25
39
33
18
30
28
20
17
32
25
39
24
22
20
27
32
24
25
40
26
32
40
35
35
25
30
24
30
22
26
27
24
34
23
23
26
23
29
32
31
32
23
29
23
28
20
25
35
28
36
25
29
22
35
39
27
23
29
40
16
24
27
28
21
24
22
29
27
27
23
26
17
25
34
14
26
27
33
24
22
28
31
27
22
27
27
26
20
21
31
34
23
15
33
28
32
33
25
32
18
16
32
27
16
26
18
25
25
25
23
21
14
25
27
23
24
27
34
31
26
27
29
37
24
27
24
30
25
26
27
33
27
33
27
20
30
27
26
35
24
17
29
17
23
26
27
25
35
25
27
31
27
25
25
27
25
26
30
26
25
30
22
19
18
30
31
26
18
30
28
17
31
21
34
22
26
32
18
18
29
31
31
29
31
23
26
21
27
25
16
20
19
30
22
24
31
28
37
36
25
22
33
19
33
21
22
32
21
32
31
31
24
25
27
26
26
18
19
26
18
21
30
23
26
31
24
30
21
14
20
25
15
29
34
22
28
35
32
28
26
22
22
25
27
24
22
26
28
19
29
26
29
16
21
29
19
27
20
27
19
23
29
19
29
33
25
21
28
21
33
20
28
29
28
21
26
32
27
30
29
22
21
21
20
30
33
32
30
14
22
30
21
32
16
24
30
25
35
28
28
26
32
25
18
25
28
38
26
25
33
35
27
24
27
28
26
31
29
39
21
29
26
28
17
32
23
25
23
31
21
27
39
36
35
19
27
37
28
32
32
19
27
29
30
36
32
31
25
35
27
17
39
30
28
27
29
20
29
35
29
25
19
27
27
27
20
22
16
29
23
36
30
38
32
16
35
31
24
37
24
26
19
22
27
44
27
28
29
32
26
23
32
22
21
24
40
27
27
32
43
28
31
22
28
31
29
29
28
20
25
35
27
31
34
29
32
32
33
27
36
26
32
33
34
42
31
25
35
36
29
28
27
33
31
28
32
22
36
32
22
30
28
31
31
26
35
35
28
34
33
28
37
33
38
42
27
24
37
25
21
28
20
29
25
29
29
35
42
27
43
33
30
35
31
36
39
38
34
30
34
28
34
32
29
37
32
38
17
35
30
27
28
33
33
32
35
25
40
41
24
37
34
37
30
33
45
31
33
38
28
27
38
33
32
34
38
42
35
35
39
29
35
24
30
33
34
39
37
38
39
36
32
34
26
44
38
38
35
47
30
23
37
39
39
27
24
32
47
31
40
32
23
37
30
36
37
45
30
30
34
31
31
33
32
25
23
37
42
30
28
36
36
25
29
36
35
35
29
36
26
35
42
25
34
39
36
32
44
42
32
26
28
32
37
38
36
51
42
47
42
38
40
35
36
41
45
32
41
41
35
41
42
34
44
47
39
46
38
45
31
37
31
33
37
41
30
32
38
51
48
39
38
38
44
41
42
39
38
40
31
45
44
39
42
32
37
39
44
31
48
40
41
31
42
34
51
46
37
39
39
41
58
36
41
52
52
33
49
45
51
42
65
41
50
48
47
37
41
48
45
37
37
39
40
42
39
41
42
61
40
49
56
38
37
54
62
42
47
46
47
45
47
58
50
51
49
57
40
59
52
50
38
51
59
46
53
48
44
49
42
59
44
49
44
36
45
54
42
60
51
55
59
45
42
47
51
43
47
52
59
54
62
38
62
43
65
56
58
52
44
42
57
48
48
53
50
66
50
46
52
36
56
54
51
69
57
48
67
57
45
56
73
47
50
49
47
57
50
59
70
49
50
53
47
54
64
71
61
62
61
52
59
61
65
47
47
49
62
60
60
52
61
53
60
50
58
53
64
61
61
53
67
48
45
65
56
49
61
53
53
44
63
53
72
55
57
60
80
52
62
66
38
53
62
61
65
64
51
60
60
53
54
66
62
65
60
65
51
63
66
60
60
63
59
53
66
62
49
52
63
53
52
67
59
53
48
62
61
57
70
50
64
62
64
57
53
58
57
66
62
54
55
62
56
67
53
51
45
62
66
52
58
59
70
56
61
62
64
65
58
55
68
60
64
55
63
62
52
63
66
50
46
53
53
71
44
65
66
56
50
74
54
60
56
63
55
54
49
50
62
56
57
58
53
54
58
53
48
49
61
48
55
57
46
59
35
43
51
49
56
53
52
57
65
55
40
41
53
60
56
50
51
62
51
48
48
44
62
53
50
44
53
53
62
52
40
41
48
54
47
46
44
58
52
45
43
49
41
50
31
56
45
44
49
36
46
45
46
41
44
40
48
51
41
61
42
42
40
43
46
54
47
48
41
42
33
32
49
52
34
44
50
42
43
44
53
43
33
33
39
33
52
37
44
33
30
43
27
35
34
36
40
39
32
42
39
32
51
35
44
39
36
24
39
41
30
31
32
36
46
29
38
37
45
29
34
40
29
33
41
31
41
27
28
34
28
34
33
41
37
29
38
25
39
22
33
28
35
33
34
36
33
37
32
33
26
18
37
31
33
31
32
35
28
19
26
36
27
24
32
33
28
33
26
26
24
26
30
31
32
29
35
23
29
23
18
32
18
27
31
21
26
27
21
33
30
39
25
25
32
23
23
27
27
19
37
29
27
24
27
28
19
28
25
22
26
27
25
28
20
33
29
30
29
22
23
24
30
27
23
29
15
26
25
22
30
24
24
19
22
31
19
27
25
26
22
27
29
21
23
28
21
25
28
22
21
27
32
21
24
16
27
23
27
26
19
17
16
22
22
17
22
25
20
25
14
25
24
20
19
21
18
28
19
26
21
15
16
21
21
21
18
19
19
21
18
22
18
20
21
28
11
12
19
26
17
23
22
30
19
23
14
14
18
14
23
22
27
22
18
17
18
18
26
23
25
13
14
15
15
13
18
12
11
25
18
16
19
37
68
67
65
66
100
69
73
85
81
75
76
81
88
74
93
70
82
75
88
77
70
82
71
77
66
62
69
76
64
62
60
70
89
63
77
96
63
64
66
62
73
60
81
67
75
68
77
70
75
56
54
77
62
47
64
69
65
73
59
63
70
57
71
65
84
64
55
63
64
62
66
58
56
58
66
58
46
63
66
54
67
68
66
64
58
60
62
48
62
55
68
57
56
58
54
71
62
51
59
62
53
59
64
61
44
58
75
61
61
53
49
45
55
45
50
43
68
75
59
50
51
53
63
61
55
51
43
43
54
49
55
56
50
65
46
45
47
48
45
45
42
50
53
62
52
40
50
56
52
56
54
52
46
36
45
63
42
49
67
49
46
48
51
45
35
41
47
47
48
53
44
38
42
47
56
39
53
50
35
37
37
31
34
21
