# Filename : TXT_Files/Acq14400sec_005.Chn
# MCA detector ID: 1
# Start time : b'20':b'20':b'34'
# Start date : b'29Sep221'
# No channels : 8192
# Live time : 716312
# Real time : 720000
# En cal factors A + B*x + C*x*x
# A : 0.0
# B : 1.0
# C : 0.00
0
0
0
0
0
0
0
0
0
0
0
0
0
0
0
0
0
0
0
0
0
0
0
0
0
0
0
0
0
0
0
0
1
1
2
0
12
58
255
394
390
382
379
412
407
422
454
423
435
461
442
480
449
447
451
447
446
443
472
482
452
511
460
501
471
470
473
467
496
489
483
458
502
528
497
490
494
492
487
518
505
519
504
488
531
546
577
534
543
546
556
585
577
544
554
546
544
555
618
574
585
561
612
640
641
585
630
661
610
638
653
687
736
713
718
701
742
668
749
724
753
803
722
730
747
756
744
777
727
818
797
793
821
822
815
856
789
819
826
847
880
831
835
827
854
819
829
840
832
836
854
719
819
826
798
786
821
786
848
858
819
747
744
737
771
789
801
794
760
771
769
808
798
800
844
786
792
800
769
828
792
822
821
829
859
837
814
842
845
873
864
923
855
882
877
854
880
935
929
857
899
896
1012
937
955
990
985
924
997
1016
1022
1004
1014
1105
1048
1031
1034
1014
1121
1096
1116
1098
1083
1073
1143
1152
1145
1162
1161
1227
1213
1190
1197
1216
1188
1243
1194
1239
1172
1251
1232
1253
1266
1285
1290
1279
1364
1248
1303
1328
1284
1316
1391
1356
1464
1423
1409
1448
1430
1394
1431
1401
1517
1474
1529
1589
1549
1558
1561
1598
1584
1637
1627
1617
1651
1691
1702
1685
1663
1725
1761
1673
1783
1841
1797
1775
1776
1863
1870
1920
1903
1885
1907
1877
1927
1903
1953
1960
2007
2049
2059
2027
2064
2030
2048
1975
2166
2208
2116
2204
2121
2122
2087
2251
2235
2259
2212
2205
2248
2341
2302
2277
2319
2320
2355
2304
2369
2366
2435
2404
2508
2421
2314
2474
2441
2445
2508
2576
2639
2527
2530
2636
2527
2557
2556
2548
2519
2633
2677
2554
2657
2716
2768
2681
2714
2783
2773
2630
2819
2861
2970
2751
2965
2961
2894
2989
2908
2998
2970
2978
2988
3086
3052
3130
3164
3072
3163
3097
3196
3052
3123
3252
3251
3245
3301
3278
3321
3307
3285
3289
3347
3357
3392
3311
3258
3308
3348
3369
3356
3413
3208
3300
3411
3301
3385
3418
3393
3318
3361
3346
3359
3235
3266
3305
3318
3352
3338
3354
3334
3240
3165
3193
3166
3270
3219
3226
3310
3229
3123
3190
3146
3309
3270
3086
3194
3166
3173
3143
3202
3126
3181
3228
3173
3173
3198
3165
3097
3194
3092
3198
3112
3271
3186
3218
3241
3160
3299
3266
3169
3219
3201
3245
3182
3183
3263
3095
3244
3289
3134
3167
3326
3256
3251
3256
3217
3225
3335
3170
3290
3112
3146
3263
3157
3224
3174
3244
3154
3203
3266
3221
3276
3219
3018
3078
3170
3163
3177
3198
3107
3156
3117
3065
3076
3108
3203
3232
3028
3100
3061
3013
3086
3064
3113
3155
3105
3009
3050
3153
3149
3059
2963
3089
3009
3080
2991
3137
3004
2930
2974
2876
2935
3027
2952
2977
2877
2982
3038
2886
3074
3027
3001
3023
2883
2929
2942
2871
2991
3037
2949
3069
2831
2920
3012
2899
2782
3014
2983
2904
2949
2870
2838
2891
3070
2888
2880
2929
2907
3015
2896
2939
2860
2932
2917
2958
2934
2772
2902
2788
2928
2883
3006
2868
2846
2806
2889
2920
2911
2880
2926
2835
2883
2844
2894
2877
2866
2856
2800
2814
2772
2789
2885
2823
2788
2831
2853
2832
2808
2799
2879
2790
2895
2755
2667
2804
2738
2741
2735
2748
2807
2836
2890
2647
2639
2780
2663
2723
2794
2719
2702
2796
2694
2621
2612
2688
2705
2707
2735
2827
2507
2730
2750
2609
2613
2679
2619
2610
2715
2662
2811
2669
2638
2646
2659
2709
2610
2632
2599
2551
2580
2681
2657
2570
2676
2658
2630
2690
2663
2627
2698
2685
2576
2677
2555
2554
2609
2656
2630
2563
2569
2547
2599
2545
2635
2600
2554
2623
2494
2589
2593
2501
2512
2608
2489
2556
2432
2607
2475
2518
2522
2460
2528
2509
2505
2427
2427
2408
2373
2387
2428
2488
2402
2332
2386
2522
2460
2335
2341
2418
2367
2412
2373
2398
2240
2328
2383
2326
2336
2398
2260
2362
2347
2314
2327
2343
2323
2306
2256
2311
2304
2366
2300
2250
2336
2449
2248
2307
2259
2191
2386
2237
2243
2295
2290
2211
2242
2255
2187
2267
2246
2176
2250
2264
2258
2238
2240
2252
2235
2200
2270
2204
2172
2186
2313
2196
2288
2206
2158
2212
2267
2184
2211
2236
2166
2303
2278
2201
2195
2153
2151
2184
2176
2141
2153
2087
2097
2192
2146
2146
2206
2149
2149
2177
2086
2202
2056
2187
2082
2106
2145
2093
2102
2065
2023
2124
2086
2120
2140
2087
2145
2150
2082
2024
2068
2152
2040
2021
2038
2073
2021
2059
2065
2021
2059
1991
1956
2021
1997
2002
1986
2073
2063
2034
1963
2000
1985
2009
1990
1887
1996
1962
2035
1967
2006
1948
1929
2005
1948
1947
1891
1874
1907
1884
1925
1978
1904
1966
1939
1861
1909
1847
1946
1859
1960
1921
1923
1868
1934
1873
1807
1912
1883
1835
1847
1903
1918
1921
1889
1842
1857
1849
1843
1854
1806
1803
1801
1874
1805
1882
1902
1796
1760
1777
1871
1778
1746
1831
1696
1788
1788
1820
1769
1851
1813
1895
1792
1721
1791
1746
1737
1723
1853
1779
1734
1738
1708
1753
1791
1839
1764
1723
1804
1737
1786
1802
1757
1770
1756
1766
1752
1737
1742
1618
1629
1779
1688
1740
1729
1763
1714
1712
1760
1700
1684
1654
1678
1666
1687
1710
1752
1757
1676
1597
1687
1742
1593
1741
1717
1708
1626
1695
1747
1641
1755
1675
1655
1655
1683
1630
1708
1659
1642
1648
1749
1668
1736
1600
1730
1729
1715
1673
1620
1690
1612
1713
1631
1616
1660
1642
1734
1631
1648
1609
1658
1623
1681
1587
1614
1640
1562
1589
1567
1516
1598
1566
1596
1587
1541
1572
1595
1555
1569
1640
1514
1533
1597
1643
1507
1531
1550
1499
1603
1566
1498
1505
1531
1475
1530
1564
1473
1531
1483
1495
1482
1449
1545
1505
1578
1515
1474
1462
1521
1423
1432
1435
1448
1418
1489
1469
1443
1430
1467
1396
1439
1499
1416
1425
1509
1449
1427
1425
1417
1429
1359
1408
1394
1441
1463
1323
1466
1420
1348
1469
1409
1360
1326
1359
1419
1460
1424
1407
1371
1318
1339
1365
1406
1399
1366
1423
1419
1380
1378
1355
1313
1307
1290
1312
1327
1363
1377
1412
1365
1343
1334
1288
1392
1385
1382
1337
1389
1314
1286
1267
1271
1343
1355
1311
1334
1276
1305
1323
1330
1284
1291
1270
1297
1255
1301
1344
1328
1299
1362
1340
1269
1238
1201
1269
1274
1336
1272
1350
1267
1238
1265
1224
1237
1241
1255
1202
1319
1230
1272
1286
1261
1255
1280
1235
1282
1214
1224
1265
1238
1232
1214
1219
1238
1220
1195
1271
1260
1245
1246
1205
1251
1234
1264
1207
1231
1235
1180
1235
1263
1269
1174
1260
1256
1275
1229
1236
1274
1241
1224
1289
1246
1226
1225
1266
1272
1250
1225
1214
1237
1272
1191
1258
1231
1244
1227
1297
1248
1302
1286
1303
1216
1299
1281
1269
1278
1280
1256
1286
1294
1313
1234
1269
1302
1265
1352
1301
1271
1256
1257
1271
1270
1323
1357
1283
1298
1303
1287
1252
1281
1273
1297
1282
1327
1254
1291
1329
1363
1337
1291
1331
1286
1368
1317
1261
1279
1263
1249
1275
1316
1280
1253
1241
1324
1312
1226
1229
1274
1256
1283
1273
1292
1297
1171
1223
1268
1208
1235
1232
1253
1257
1213
1250
1221
1175
1160
1170
1202
1233
1230
1131
1208
1177
1188
1162
1112
1130
1182
1120
1139
1136
1140
1124
1107
1137
1131
1086
1100
1094
1057
1154
1117
1055
1061
1025
1107
1042
1027
1032
1018
1047
1000
1031
1038
983
1052
1014
974
982
1051
943
990
995
962
947
951
859
947
1008
900
955
948
985
945
943
953
875
1008
929
916
881
865
883
902
890
887
873
866
882
820
857
855
820
855
839
902
837
853
850
800
858
804
863
806
816
801
821
802
821
838
782
801
845
813
825
825
837
860
825
844
773
812
770
813
766
815
812
836
791
840
822
791
782
845
833
773
845
801
824
759
834
782
776
773
738
742
819
787
781
810
774
745
795
777
762
777
769
794
790
696
792
752
766
756
767
737
793
738
788
683
754
736
780
781
730
747
716
723
769
795
758
793
717
725
708
740
756
760
755
781
759
682
755
783
772
756
754
749
772
738
712
778
747
751
722
707
706
745
713
770
787
737
748
726
745
699
745
659
760
740
772
745
756
739
785
761
756
732
713
740
745
717
731
790
714
728
752
705
747
737
724
722
737
744
719
705
724
719
746
681
708
727
770
739
691
687
733
721
715
690
702
768
743
704
720
788
751
659
720
745
723
727
708
709
687
706
739
763
690
748
665
697
692
764
715
676
661
707
707
737
671
688
751
710
721
678
721
701
724
734
703
685
711
763
712
716
719
700
713
659
686
698
648
689
715
685
654
648
674
706
675
652
712
673
675
665
657
682
704
616
629
641
639
670
657
655
649
640
677
617
635
603
629
610
633
643
609
643
585
594
630
613
581
594
631
616
601
607
627
638
630
584
608
600
602
629
599
615
614
593
593
632
558
596
569
565
563
554
582
548
612
599
592
561
578
546
619
532
561
564
505
593
567
576
554
567
537
523
566
536
540
537
509
523
507
473
517
546
560
526
506
517
565
548
523
550
505
485
531
532
507
510
550
550
518
516
528
536
528
538
493
512
518
535
571
560
552
534
552
564
574
517
595
537
507
529
538
540
489
518
561
516
497
523
542
554
534
588
558
539
480
559
588
523
488
518
549
553
589
531
530
513
520
548
511
527
553
539
540
575
580
555
538
556
509
546
530
536
546
562
579
526
603
575
521
538
567
602
545
567
614
576
567
527
547
602
558
589
496
552
560
534
542
550
612
624
527
586
588
536
573
564
607
554
566
581
548
572
554
569
583
575
585
574
575
565
588
610
573
544
566
534
588
589
574
597
611
524
566
575
555
548
562
555
613
561
610
602
580
562
543
601
564
593
556
612
570
612
574
588
611
564
601
559
552
587
608
571
620
573
529
515
579
537
600
561
552
582
622
598
583
591
567
516
531
589
596
540
589
525
587
532
522
570
564
521
546
554
564
541
577
561
554
598
544
562
525
555
513
510
558
564
534
533
489
547
523
468
482
526
526
507
531
518
525
531
530
474
545
473
554
478
523
516
494
443
493
490
488
482
449
468
474
480
500
488
465
470
474
467
522
430
486
463
421
455
477
482
460
443
456
447
436
426
467
400
421
452
447
367
450
360
408
406
394
385
391
416
414
419
390
416
397
391
369
389
416
414
406
363
363
399
355
409
373
354
391
374
389
406
362
361
373
358
342
414
363
372
350
367
352
349
378
349
348
339
356
348
390
352
326
343
358
324
330
352
352
346
341
317
333
341
341
343
358
342
323
325
312
348
352
344
353
331
315
347
354
347
352
343
326
338
353
345
339
359
361
339
313
331
357
330
342
336
360
373
336
340
342
290
336
328
352
355
353
371
367
362
359
361
356
381
321
351
368
358
377
340
345
368
392
369
358
386
349
357
364
336
365
360
410
361
349
387
395
374
349
384
409
403
406
384
413
400
402
397
416
404
419
398
403
380
409
429
390
432
414
412
420
430
443
465
419
420
422
419
440
454
466
441
435
449
448
457
431
435
423
441
459
471
442
450
460
439
471
432
440
506
502
445
486
480
468
470
458
480
485
451
471
500
480
460
477
469
480
443
482
509
456
485
501
484
478
490
500
499
511
500
519
504
494
484
501
489
480
483
458
468
527
517
511
512
536
522
499
500
473
500
514
534
542
489
492
517
488
517
509
512
518
469
493
529
528
524
503
501
505
533
472
515
523
488
583
501
489
525
508
504
492
486
498
482
496
498
467
439
475
511
504
433
499
472
512
467
461
493
504
473
487
468
485
447
457
440
457
485
456
468
454
448
421
438
416
447
405
423
436
432
435
432
468
449
423
430
400
405
356
443
431
409
365
370
401
373
403
375
357
374
331
357
369
352
351
357
366
352
345
354
359
344
337
333
366
331
330
336
317
340
307
332
337
309
351
374
339
316
326
330
337
307
303
305
315
294
308
326
271
271
326
276
295
302
252
277
307
281
246
289
287
308
259
287
281
269
275
263
242
293
264
299
279
263
265
246
244
305
260
238
267
257
306
266
243
288
229
251
248
249
265
248
240
265
225
247
228
262
247
239
220
246
228
247
234
236
257
216
243
277
229
253
252
241
238
232
260
233
211
251
248
240
239
238
256
230
220
241
246
261
222
239
240
250
230
219
225
237
208
230
227
222
211
244
230
241
213
240
235
234
233
263
232
234
233
250
237
228
205
225
231
234
208
238
228
222
210
223
234
232
234
208
220
244
226
218
235
222
255
242
196
236
226
222
241
205
239
265
232
234
237
218
216
237
239
206
233
239
219
242
229
242
243
234
200
239
227
228
213
259
200
216
237
260
236
230
209
211
207
229
219
229
239
215
242
218
224
212
222
237
230
204
212
228
246
216
211
247
211
196
225
229
214
255
244
232
248
214
191
210
189
230
222
252
238
198
215
223
234
214
217
202
232
222
225
197
208
222
253
208
223
193
216
210
224
208
246
203
209
210
203
242
199
220
202
189
230
245
213
224
208
207
201
222
205
227
226
211
230
220
225
224
229
221
232
209
229
233
220
207
231
218
204
218
201
220
198
200
202
200
224
228
220
225
205
230
218
197
193
218
206
219
246
229
247
213
220
229
216
239
209
224
199
242
202
220
210
238
218
203
238
193
210
236
238
213
206
244
231
235
209
224
219
201
228
222
223
206
215
217
232
192
216
185
207
191
203
234
212
201
211
197
226
209
210
203
226
196
216
188
207
239
226
229
196
211
213
201
193
224
214
224
204
198
198
223
210
210
230
232
229
238
196
217
208
212
245
242
215
211
222
213
214
224
206
216
217
234
246
244
216
231
238
213
221
215
218
203
226
230
210
178
207
226
224
232
216
216
214
223
218
220
204
221
207
188
197
197
211
216
195
243
192
181
226
232
217
217
199
209
210
209
197
218
213
213
217
192
230
189
221
205
218
224
213
213
205
219
211
235
206
227
200
201
193
198
217
219
192
191
193
212
188
206
210
191
225
225
214
210
180
179
191
189
197
192
170
201
208
200
181
211
199
189
192
210
204
194
195
193
190
173
188
166
178
201
191
202
203
183
190
197
195
162
179
199
153
203
172
189
194
185
187
175
172
206
186
185
174
210
189
167
205
201
189
180
174
184
177
169
175
187
178
182
209
159
184
182
160
157
208
179
174
162
204
176
179
195
164
193
174
137
175
187
163
169
156
186
179
167
172
165
185
173
161
169
170
170
173
157
174
188
178
175
176
169
146
167
164
208
175
178
176
180
168
186
186
208
178
163
199
166
171
196
139
186
168
166
190
160
176
169
179
151
159
191
170
171
147
186
194
209
181
187
176
170
198
174
195
164
163
150
138
184
186
185
198
177
199
176
170
164
196
199
175
183
187
183
174
187
185
163
175
198
177
184
187
196
189
188
172
190
186
174
203
197
206
176
184
158
196
184
178
172
194
174
175
176
173
177
181
179
177
197
202
208
187
195
190
192
213
186
203
196
199
208
185
166
187
229
221
203
187
220
216
205
195
179
227
220
173
217
222
199
193
199
217
225
190
208
228
215
212
183
220
212
212
216
190
212
204
221
207
204
212
223
232
227
217
199
218
197
240
226
206
227
219
212
203
240
217
238
220
217
247
227
213
227
220
237
234
211
214
224
220
245
223
230
242
235
230
238
262
247
252
213
251
197
228
249
245
251
224
256
216
251
240
231
227
256
270
234
262
255
247
214
245
233
248
265
238
233
261
244
239
239
243
265
256
273
267
271
275
270
253
260
247
221
247
248
246
280
259
272
257
251
283
267
244
215
257
266
251
260
260
234
241
278
263
308
262
257
292
270
287
260
258
243
288
263
275
282
281
234
257
270
245
296
264
274
257
256
242
278
290
246
263
298
253
264
300
282
277
264
291
266
271
259
286
262
285
259
265
268
262
268
271
259
275
290
274
265
293
250
263
271
260
233
239
265
253
250
271
248
287
248
271
284
261
252
271
275
268
239
255
270
285
240
258
292
211
263
277
245
252
252
268
253
258
261
278
266
246
246
243
253
244
254
245
273
273
263
275
241
251
263
265
231
245
234
224
240
239
243
242
272
226
250
217
231
265
232
245
218
225
217
235
212
245
225
232
238
221
251
245
222
224
211
207
166
251
251
226
227
227
210
212
220
199
182
218
253
226
205
194
214
224
201
225
205
218
215
217
204
211
208
194
193
195
194
200
210
185
208
208
209
190
184
211
189
187
180
202
219
197
178
194
195
158
182
190
172
167
193
191
181
191
154
164
181
171
172
181
179
165
173
156
164
158
140
173
165
159
175
182
178
151
150
146
171
153
130
161
159
146
127
166
150
145
142
163
139
154
167
131
119
139
157
145
154
153
142
149
143
143
151
138
152
140
112
132
134
147
128
110
132
136
107
131
126
121
131
145
120
141
110
136
117
120
128
154
147
150
116
135
127
127
118
126
123
137
127
118
137
136
128
108
124
134
119
117
114
124
116
113
111
124
109
109
117
120
116
148
124
106
116
103
103
113
106
118
119
113
137
112
128
94
114
127
115
108
118
129
114
108
134
128
101
113
105
122
120
119
100
100
112
129
109
106
126
111
120
108
91
123
132
96
106
122
100
116
128
105
126
138
107
105
111
120
113
106
120
109
131
119
120
107
110
113
96
102
115
123
97
106
110
98
110
111
94
119
118
117
118
104
102
116
90
110
107
92
112
125
106
88
98
117
108
102
105
118
121
98
118
100
96
107
119
101
111
104
105
115
134
105
98
123
111
89
94
95
92
108
114
106
113
109
105
115
83
114
107
104
102
125
96
107
112
108
107
100
101
132
125
104
119
124
135
105
123
101
106
108
104
97
103
103
83
122
114
82
100
106
95
117
103
97
116
107
104
118
110
101
96
90
100
116
92
95
109
97
95
93
104
120
90
121
114
123
105
93
104
95
89
105
96
105
89
99
98
86
94
113
82
111
103
113
96
99
108
112
110
98
112
98
99
102
107
103
97
102
99
115
91
71
80
95
114
106
112
97
79
91
111
92
78
88
89
98
90
95
113
98
81
88
91
93
99
110
97
79
89
113
94
88
76
88
114
101
105
102
97
91
87
89
108
98
101
112
86
105
93
101
105
100
107
89
96
91
105
77
92
105
97
103
94
89
93
94
87
112
99
105
85
93
94
87
86
114
90
100
95
110
90
92
88
91
77
99
78
107
92
86
89
82
96
113
96
106
104
87
100
88
87
104
89
104
92
96
97
122
106
86
86
90
109
95
95
80
93
101
99
99
101
99
90
91
101
120
98
103
111
100
95
93
102
80
100
85
109
99
109
90
109
113
109
86
85
99
105
86
101
92
87
93
97
105
102
95
113
104
114
108
95
100
105
104
95
108
94
107
90
96
75
101
100
87
94
99
107
94
87
112
88
94
89
104
104
98
97
101
85
113
96
110
101
118
92
94
103
89
112
94
100
101
87
101
103
112
98
93
82
112
105
115
100
103
98
93
96
101
120
101
104
92
99
100
102
102
121
117
121
90
91
122
100
96
104
91
115
100
83
108
98
104
73
102
110
91
92
123
85
114
102
94
114
80
108
103
101
110
98
117
111
101
97
116
74
103
98
93
121
98
85
102
104
100
93
94
109
92
92
85
96
92
101
79
95
96
135
108
94
92
83
97
94
102
102
99
81
126
86
103
79
95
112
110
95
94
93
98
93
96
117
99
106
106
87
88
107
99
97
98
102
88
107
80
96
101
97
107
86
84
79
96
85
84
96
86
94
107
85
117
79
79
108
95
100
105
90
79
95
93
104
100
97
77
96
101
94
84
94
75
106
98
89
92
80
94
96
83
110
98
82
103
97
101
80
96
101
97
109
84
100
87
122
91
94
100
95
107
93
91
81
103
107
96
96
102
97
89
97
99
100
82
88
103
101
110
83
112
76
80
94
101
71
101
90
97
104
100
91
93
90
102
100
102
99
88
99
90
110
81
82
86
111
99
98
113
95
95
102
103
103
86
93
102
97
97
102
83
91
100
97
89
88
86
97
107
98
97
94
78
98
97
83
102
86
103
106
102
104
101
103
85
97
99
84
93
102
84
100
97
99
90
75
94
87
96
99
92
92
100
107
74
87
88
94
104
88
95
96
85
91
111
90
104
94
87
91
93
80
85
77
86
103
88
96
100
84
92
83
74
69
117
86
99
97
75
105
85
96
75
86
84
84
91
93
86
103
94
95
76
84
101
69
83
74
98
89
91
95
77
91
82
90
79
78
96
100
79
93
98
85
104
79
81
79
93
81
64
67
91
84
82
89
80
90
76
86
94
76
99
70
68
81
72
90
94
71
103
84
78
82
73
83
87
75
98
78
74
91
86
82
79
83
80
80
80
86
89
76
83
62
92
85
85
77
79
71
78
77
81
87
97
71
83
74
77
84
79
77
87
88
80
80
77
77
83
71
89
79
79
74
85
85
73
93
77
65
85
82
83
88
86
66
105
80
84
72
92
77
72
75
70
74
72
67
85
75
88
77
94
73
81
93
76
71
67
72
68
62
77
66
52
86
59
92
70
56
58
79
76
93
67
74
83
75
86
73
84
64
96
77
85
89
79
72
75
78
65
63
75
78
77
56
91
85
67
83
82
77
77
75
74
76
80
79
84
70
69
93
65
76
67
74
82
74
80
77
79
70
75
81
69
75
78
68
65
73
72
74
66
82
66
77
74
73
76
57
77
64
69
73
67
82
86
77
53
83
80
61
62
77
76
84
65
67
72
88
64
84
67
79
66
73
63
75
90
65
66
77
81
77
78
57
70
76
75
71
69
76
89
80
72
67
74
81
78
77
72
68
70
72
74
75
82
66
86
73
76
81
91
73
78
58
73
83
63
81
76
74
72
76
69
77
69
62
76
73
76
72
66
88
77
63
71
73
59
55
82
83
81
83
79
63
71
77
77
77
75
79
78
69
77
89
65
63
70
78
69
59
81
81
68
70
81
70
85
66
75
75
83
75
83
74
74
70
82
76
80
79
63
86
76
73
78
76
58
78
83
80
82
79
85
79
72
93
65
73
67
73
74
73
75
74
77
59
77
64
66
81
69
71
71
77
73
67
88
81
61
63
66
65
87
70
65
88
67
76
76
72
74
70
77
71
70
83
73
69
84
71
69
83
64
75
74
79
78
76
69
85
87
76
65
76
85
80
79
65
76
58
84
80
71
83
78
68
81
82
78
82
78
99
77
85
83
89
86
76
75
100
92
96
80
85
92
78
97
74
82
84
94
85
93
75
96
84
74
86
64
93
73
84
93
92
93
87
72
82
98
96
93
87
81
90
79
100
77
84
96
101
87
89
69
75
83
108
79
90
96
94
69
90
89
96
99
100
82
98
90
84
74
69
83
97
91
78
92
85
87
94
88
98
67
93
93
90
96
91
100
85
113
102
75
82
84
87
84
109
83
72
106
106
80
91
100
84
83
88
103
97
100
91
99
82
77
94
89
96
83
103
90
89
80
89
91
95
78
93
94
103
96
103
101
97
94
85
110
85
90
109
106
89
89
92
122
91
106
108
86
98
117
99
97
94
105
80
81
96
105
110
92
96
89
92
75
85
93
95
92
100
91
64
85
76
88
100
102
96
96
106
95
99
99
92
93
97
95
81
81
93
74
103
96
98
93
92
94
103
109
74
100
106
86
93
88
89
94
107
112
108
112
100
96
88
93
94
90
82
101
98
84
92
103
85
69
96
102
102
86
93
103
106
87
97
96
87
74
101
91
83
103
89
83
88
98
90
88
95
86
85
86
93
87
90
78
72
89
93
91
90
78
82
98
83
102
81
98
89
100
83
85
91
97
85
66
82
90
78
92
85
83
86
93
106
88
79
90
81
91
89
86
77
86
98
97
67
99
87
99
88
83
97
96
85
91
95
84
86
102
94
96
89
71
91
76
74
97
78
81
69
84
67
87
88
80
96
96
86
85
89
91
102
89
94
96
72
83
87
84
77
70
77
69
74
99
86
75
81
67
77
88
78
90
81
84
86
83
101
66
86
76
90
70
74
78
77
85
97
91
85
83
62
82
84
88
93
84
70
83
76
77
77
87
85
81
80
82
74
90
85
72
83
77
73
87
71
86
74
80
94
74
73
84
94
85
85
76
99
67
90
62
73
79
79
93
85
102
64
73
76
78
77
86
73
78
81
63
85
72
73
75
84
59
70
71
68
57
84
68
77
80
61
82
71
87
79
75
72
83
70
59
68
67
70
78
84
78
72
74
61
90
87
70
82
71
71
73
65
71
70
57
74
73
79
80
70
72
59
62
77
77
69
79
80
68
86
87
72
73
85
66
66
60
78
61
82
73
67
74
74
64
66
68
63
73
63
68
82
86
75
63
67
60
70
68
61
77
74
65
84
73
76
62
63
64
58
73
51
77
42
56
69
56
73
59
55
72
71
56
58
69
60
54
69
52
63
57
69
63
71
54
70
79
64
54
46
61
53
65
68
63
67
67
57
60
57
64
61
56
53
69
51
61
47
46
54
62
59
56
71
51
55
43
70
56
49
58
57
59
50
63
66
51
61
66
55
54
46
62
66
59
61
35
50
52
61
48
55
65
48
56
58
63
55
50
54
54
52
51
49
43
61
59
59
50
39
56
62
45
46
58
67
44
48
52
59
49
32
54
55
48
56
64
48
48
47
44
59
61
56
60
37
60
41
50
49
57
55
39
66
53
53
60
51
37
46
53
51
52
33
55
54
44
44
47
51
49
63
63
56
54
43
56
45
42
41
46
58
49
49
46
52
47
53
47
40
42
50
47
34
45
50
50
51
44
60
32
47
46
46
39
44
35
38
28
46
44
39
47
51
33
47
44
45
43
34
42
35
38
37
33
60
41
44
45
46
46
45
45
49
33
34
44
46
40
46
43
52
39
51
33
44
40
43
39
43
43
48
43
49
47
43
36
36
37
34
46
47
35
43
42
48
35
51
35
40
31
39
35
34
37
46
36
38
43
38
40
48
46
33
55
62
45
40
53
35
24
38
55
39
38
45
36
45
39
39
56
41
48
42
38
44
50
47
36
37
51
36
52
40
39
47
39
33
36
48
38
45
43
47
50
33
39
47
48
48
40
49
37
29
39
44
31
41
53
53
39
42
55
32
36
29
42
41
45
48
32
50
41
37
42
38
40
47
39
52
38
51
38
57
43
46
45
29
40
60
50
54
40
32
38
57
47
46
36
51
44
41
36
40
47
37
52
45
42
42
43
63
36
44
46
39
48
51
41
42
49
41
50
43
28
30
49
45
48
40
44
41
42
42
51
46
44
43
45
41
48
39
47
43
50
46
49
36
35
41
47
39
51
49
47
51
41
32
33
32
44
48
48
57
36
47
49
50
40
54
58
48
51
41
41
47
52
46
52
30
54
48
52
44
42
42
39
42
39
36
63
45
52
46
53
58
32
49
43
49
42
49
44
46
46
37
54
41
47
58
45
39
45
53
49
47
48
63
36
50
44
52
50
47
54
45
37
48
59
45
42
37
44
46
48
53
45
53
37
45
51
40
46
54
42
42
79
44
56
51
54
63
61
49
58
53
46
44
51
42
45
57
59
49
59
58
54
51
57
58
49
61
44
55
55
57
62
55
49
44
55
57
56
61
54
40
51
37
37
56
49
62
55
51
50
48
65
59
40
43
58
59
58
47
53
62
54
46
50
55
56
48
51
59
60
48
50
51
53
59
63
57
52
61
57
65
50
67
58
57
65
45
54
57
56
57
58
55
46
46
76
54
49
57
56
74
47
44
64
51
44
57
65
55
48
65
53
45
66
63
52
66
48
50
44
61
54
53
60
53
44
55
68
46
60
56
61
74
67
49
59
49
59
47
64
61
68
64
63
56
63
63
58
66
53
50
71
58
67
69
62
57
61
52
60
81
52
56
56
72
72
56
62
53
65
64
65
54
62
66
59
45
63
54
59
59
63
60
70
65
60
65
66
58
56
44
66
69
54
61
59
53
58
72
61
59
61
57
58
52
52
72
46
66
76
54
62
48
72
62
56
67
56
60
74
60
64
51
62
61
55
58
63
67
54
63
54
64
63
47
54
61
41
68
66
53
61
56
53
58
59
47
48
52
65
59
56
61
43
50
64
60
69
62
59
64
42
48
62
63
51
56
41
63
50
58
61
51
52
37
51
64
63
56
47
41
41
42
64
68
56
49
44
65
61
58
67
49
50
57
45
57
49
49
53
56
62
51
55
55
51
61
50
67
52
52
45
46
46
65
67
58
39
45
55
58
68
52
52
41
43
45
59
66
39
45
38
44
58
49
44
47
46
45
48
39
55
46
46
57
61
49
51
53
53
45
52
43
42
47
51
50
58
46
46
51
40
55
40
41
47
45
32
47
48
33
43
48
47
53
44
39
30
43
39
47
29
46
47
48
40
35
37
51
37
47
45
45
47
47
43
50
51
61
44
44
32
38
55
39
44
45
40
52
49
39
36
43
47
42
51
63
38
48
43
38
46
42
40
43
33
34
40
34
33
52
42
37
42
43
53
47
58
41
43
39
42
37
36
40
41
38
42
40
43
35
40
39
45
40
47
35
38
32
38
31
37
39
31
42
38
47
38
45
44
44
42
38
37
45
43
45
37
35
39
43
37
32
40
26
30
38
47
42
35
43
31
44
42
25
38
52
34
35
39
44
36
42
33
38
34
34
47
45
41
47
38
24
36
49
45
30
45
47
33
28
41
33
42
33
37
26
37
36
44
43
35
35
26
41
46
35
33
27
36
32
31
32
29
40
23
29
33
31
43
43
36
25
50
43
34
25
28
31
26
43
45
42
28
38
47
33
33
44
35
28
31
46
46
38
30
45
43
42
26
34
30
41
30
31
40
32
36
50
42
43
34
29
34
40
46
39
38
29
37
35
26
35
33
29
46
41
38
20
34
37
41
25
39
33
48
35
39
25
42
34
33
25
34
39
27
43
33
36
38
34
35
37
38
39
32
35
28
41
33
39
27
45
38
40
38
34
33
48
30
39
42
34
33
42
31
34
40
48
37
34
27
52
38
43
42
37
42
33
29
42
41
28
35
47
32
31
38
23
35
25
34
38
44
42
34
36
38
36
31
42
38
41
27
46
28
48
38
44
39
36
37
49
38
36
32
45
31
37
34
35
45
40
33
31
38
30
44
40
23
34
35
34
35
30
32
27
41
34
37
52
31
41
37
28
34
36
35
36
44
36
28
29
29
31
34
36
45
35
36
31
29
35
33
30
46
38
40
43
42
31
39
32
36
39
36
40
44
38
34
35
49
33
31
37
33
39
41
35
36
34
33
33
35
35
35
38
33
25
31
33
39
48
39
33
35
36
41
44
36
38
31
37
28
27
36
49
32
34
41
32
38
37
40
29
26
34
30
26
39
37
41
30
38
32
39
45
34
44
40
38
40
38
50
45
35
39
29
30
28
41
39
33
38
33
36
44
37
31
27
38
25
31
41
40
33
32
37
28
40
36
41
32
32
24
36
26
28
40
51
37
25
44
37
42
37
26
35
34
36
30
32
27
22
42
43
25
22
41
37
37
38
33
35
35
36
35
42
38
38
31
42
30
31
32
30
28
39
40
31
29
34
38
37
33
34
36
41
42
35
24
27
39
19
30
31
28
44
35
38
37
34
32
31
33
27
40
30
29
39
37
37
40
34
34
35
27
25
42
31
25
30
28
32
27
30
36
37
35
36
33
35
25
33
33
32
36
23
33
33
27
29
24
37
28
34
33
28
30
25
32
21
34
24
29
31
27
27
34
23
30
27
40
26
36
34
23
23
47
32
35
27
31
37
28
35
31
33
36
23
23
32
35
34
22
25
26
36
35
37
23
34
29
41
27
35
34
35
36
29
18
34
29
33
26
34
25
30
34
26
24
24
33
32
28
32
32
30
36
32
27
26
28
26
33
23
26
32
28
24
33
24
22
32
21
26
37
19
28
27
24
20
31
37
21
25
30
29
32
32
30
33
25
28
27
32
27
30
28
32
25
21
18
26
32
29
31
31
21
30
25
29
34
27
34
29
21
20
29
18
31
25
29
27
24
25
23
20
24
30
31
25
27
30
20
26
33
30
20
31
18
25
31
23
23
34
29
28
20
29
28
33
20
31
21
29
25
25
23
20
29
28
19
26
21
20
26
32
32
36
26
17
29
26
29
22
26
29
26
24
17
21
18
27
34
32
34
28
24
29
31
24
26
25
22
27
25
26
19
26
29
31
23
16
22
22
28
20
18
28
24
23
27
24
27
26
25
29
21
30
28
26
24
31
22
26
31
29
23
27
18
24
30
27
42
26
33
23
33
19
25
23
32
26
24
22
27
28
21
40
29
21
21
24
34
18
25
20
18
27
28
24
26
26
26
21
25
29
17
25
21
25
23
28
17
18
19
32
27
25
28
29
28
27
25
25
31
33
22
19
22
36
37
34
23
33
18
25
27
23
26
28
24
27
32
28
27
26
26
30
14
25
30
18
32
17
27
24
27
27
24
27
24
28
33
27
28
32
19
19
27
26
30
27
25
20
36
26
22
34
26
25
21
24
28
25
32
29
44
27
25
32
22
30
32
25
28
17
31
24
39
31
22
22
38
27
24
24
28
37
27
26
27
25
35
51
33
27
36
26
28
19
29
33
26
30
29
26
32
28
30
37
32
31
23
26
40
19
30
27
33
25
25
27
25
23
29
22
28
30
31
35
27
29
24
24
32
29
42
22
28
34
25
29
20
30
34
34
27
37
28
30
35
30
32
33
37
28
32
43
33
42
24
37
38
31
32
30
29
28
34
26
37
25
31
33
25
31
25
47
34
31
30
25
23
36
28
35
34
38
27
32
36
31
42
34
30
25
36
39
27
33
32
41
25
36
33
35
30
28
27
35
31
28
29
22
28
24
33
37
30
30
39
30
26
41
32
18
37
36
37
27
32
39
29
24
38
23
38
37
25
33
24
26
38
46
34
23
27
40
42
36
42
43
32
31
33
39
33
24
40
35
28
33
27
33
36
30
32
32
36
35
28
29
38
32
44
40
33
29
39
32
39
31
25
33
45
40
31
32
30
35
31
29
36
20
25
35
24
31
42
44
31
30
44
27
23
32
27
44
35
31
33
32
34
42
35
26
32
33
32
38
36
36
27
43
39
33
40
40
30
32
39
29
33
33
38
20
27
29
34
32
48
30
32
39
42
29
46
34
38
36
50
33
33
44
35
38
29
49
34
33
32
32
41
42
35
35
32
30
29
47
29
35
36
33
35
26
30
43
34
33
33
40
32
34
31
27
36
43
48
39
41
32
32
34
43
37
28
33
44
48
32
29
35
35
47
38
41
45
42
27
39
38
43
44
28
32
31
31
47
35
44
49
40
37
42
42
54
43
41
47
30
45
44
28
31
52
37
29
39
36
42
41
40
51
31
37
44
46
46
28
51
50
47
46
42
37
44
47
40
26
43
38
48
53
47
42
58
52
44
33
45
45
40
45
49
45
33
47
40
40
45
46
52
45
39
43
45
32
46
57
53
37
56
45
39
46
60
53
43
47
44
48
49
48
45
48
42
54
56
39
52
56
60
46
43
49
50
43
45
43
46
59
47
46
62
51
54
43
47
51
61
55
52
52
32
59
55
49
38
65
62
64
56
55
48
67
49
52
57
49
56
58
54
40
47
58
61
53
55
58
43
45
61
45
66
58
44
54
52
54
50
59
46
53
64
55
64
58
43
66
56
58
44
67
65
52
57
53
54
55
69
62
61
63
48
63
73
70
53
65
48
49
44
63
55
44
48
48
65
65
61
57
55
54
61
55
62
64
58
55
56
63
34
56
71
53
65
58
62
68
49
61
57
69
61
62
68
51
60
42
55
66
57
54
46
61
63
72
64
58
59
60
53
62
74
59
53
49
64
56
60
52
62
54
57
54
72
48
64
59
57
56
53
59
50
53
63
57
49
61
48
41
57
53
48
60
45
56
52
57
53
63
50
57
54
52
57
49
50
53
55
56
57
49
56
59
59
47
53
58
61
58
55
72
49
60
69
56
60
44
57
54
49
54
51
44
51
55
51
68
52
56
42
48
54
41
51
44
56
60
65
46
40
52
56
57
47
58
59
44
40
46
56
37
53
59
54
60
53
48
52
48
58
39
38
48
57
45
42
53
53
45
50
46
53
39
40
50
41
41
49
43
41
43
47
63
50
43
45
50
57
41
49
47
38
35
51
40
43
47
46
38
43
55
46
45
46
38
37
56
44
44
30
31
49
44
45
39
36
34
42
36
29
31
36
32
39
35
43
28
19
37
30
26
44
39
40
35
31
34
46
38
29
32
31
41
34
39
47
43
19
33
29
33
31
44
31
33
36
31
34
22
38
27
31
39
37
33
30
33
43
34
41
29
29
48
27
38
21
32
30
18
28
29
33
26
27
29
25
26
35
30
28
30
29
30
28
28
16
26
34
22
32
33
27
29
34
24
22
21
27
17
27
31
35
21
37
17
21
28
32
33
30
33
27
27
32
24
26
23
27
32
19
27
33
28
17
29
28
22
18
18
22
19
13
21
28
23
25
24
30
23
23
20
26
20
21
17
25
22
22
27
30
25
24
24
27
19
20
21
26
29
20
23
14
29
23
17
18
17
23
21
22
25
21
26
22
25
12
21
15
26
18
17
19
24
24
19
13
21
22
12
17
19
22
22
18
7
18
18
28
24
22
21
18
18
11
17
19
26
13
21
16
9
24
24
15
26
24
25
16
17
21
17
23
22
16
26
19
22
17
22
23
14
20
22
16
16
27
20
22
32
49
96
90
69
75
87
78
78
80
81
78
89
69
74
85
81
78
79
75
84
63
89
61
70
74
59
70
90
79
66
73
90
81
68
69
57
74
65
81
74
66
65
64
69
50
66
67
58
75
73
70
80
68
70
64
75
67
66
71
68
68
63
68
68
68
71
70
60
69
67
71
49
68
47
66
46
59
56
61
56
64
81
57
61
63
68
76
60
54
61
53
57
53
64
56
59
57
60
43
54
60
68
73
58
71
50
52
55
57
73
54
56
56
45
54
41
71
49
64
53
57
49
56
64
56
57
54
55
40
49
44
48
47
59
52
68
55
50
44
50
56
42
49
51
40
52
36
39
58
52
38
56
54
57
59
50
52
34
49
51
45
55
42
56
46
43
42
49
48
53
31
36
50
45
41
30
36
54
41
42
54
47
44
38
24
