# Filename : TXT_Files/Acq14400sec_025.Chn
# MCA detector ID: 1
# Start time : b'04':b'04':b'29'
# Start date : b'03Oct221'
# No channels : 8192
# Live time : 716358
# Real time : 720000
# En cal factors A + B*x + C*x*x
# A : 0.0
# B : 1.0
# C : 0.00
0
0
0
0
0
0
0
0
0
0
0
0
0
0
0
0
0
0
0
0
0
0
0
0
0
0
0
0
0
0
0
1
1
0
1
0
6
64
223
352
396
391
343
432
451
386
436
439
470
472
468
436
461
440
443
461
440
433
519
465
458
491
485
486
440
461
442
471
477
473
504
485
491
477
491
476
481
487
483
537
481
521
506
506
506
558
565
532
481
521
558
547
576
587
527
590
571
571
635
607
590
620
633
655
650
603
637
636
637
659
642
741
630
654
714
686
720
687
672
696
725
685
726
790
686
733
733
757
811
740
788
818
780
792
802
799
842
855
812
822
810
827
804
869
814
804
831
788
832
809
803
767
780
758
753
782
788
820
773
814
798
776
778
773
749
737
817
828
749
778
759
802
790
734
812
773
749
791
735
777
813
811
775
878
853
839
809
828
817
834
821
848
831
884
850
882
938
868
854
922
946
1001
936
908
946
961
972
964
961
954
1008
1008
1046
1012
1034
1054
1110
1073
1093
1041
1093
1052
1092
1119
1107
1099
1131
1178
1070
1107
1208
1109
1187
1168
1184
1169
1187
1248
1210
1234
1279
1225
1217
1284
1276
1315
1289
1295
1320
1316
1352
1413
1386
1404
1375
1355
1372
1425
1412
1445
1423
1379
1444
1486
1500
1551
1510
1589
1563
1653
1601
1595
1587
1647
1663
1691
1700
1721
1630
1686
1704
1718
1719
1731
1783
1771
1705
1828
1825
1885
1895
1950
1914
1961
1918
1841
2020
1936
1979
1963
2045
2014
2044
2013
2111
2112
2095
2099
2094
2246
2224
2137
2165
2151
2172
2182
2191
2266
2295
2261
2343
2286
2259
2347
2325
2338
2294
2365
2331
2458
2376
2410
2495
2428
2435
2475
2497
2423
2595
2548
2493
2618
2580
2584
2561
2491
2603
2558
2554
2764
2603
2728
2726
2689
2666
2802
2776
2875
2849
2793
2894
2845
2846
2931
2939
3043
2960
3052
2903
2910
3022
3029
2987
3186
3129
3113
3148
3102
3117
3163
3223
3154
3214
3352
3260
3255
3309
3263
3231
3248
3273
3312
3233
3369
3425
3317
3310
3390
3285
3357
3331
3296
3304
3384
3260
3278
3287
3410
3301
3306
3281
3297
3270
3284
3288
3329
3291
3209
3143
3303
3203
3271
3227
3146
3277
3160
3088
3268
3245
3147
3192
3184
3222
3143
3100
3207
3110
3032
3170
3172
3077
3151
3174
3244
3128
3159
3322
3172
3308
3199
3262
3147
3261
3166
3223
3261
3191
3316
3145
3226
3131
3250
3294
3116
3249
3307
3343
3209
3213
3176
3309
3210
3218
3304
3258
3122
3162
3310
3156
3117
3180
3169
3218
3159
3255
3211
3241
3110
3168
3110
3190
3111
3168
3093
3215
3148
3093
3153
3084
3113
3122
3113
3158
3072
3041
3020
3138
3074
2989
3053
3091
3193
3097
3104
3105
3114
3134
3028
3036
3059
3103
3083
2989
3048
3082
2994
2966
3033
3065
3033
3149
2991
2938
2898
2968
2980
2973
2972
2971
2929
2922
2899
2906
3009
2944
2898
2991
2886
2935
2947
3084
2916
2911
2903
2884
2930
3048
2912
2961
2820
2948
2891
2924
2937
2895
2974
2899
2886
2929
3022
2839
2903
2803
2928
2883
2885
2944
2844
2874
2892
2903
2926
2924
2928
2866
2894
2819
2838
2829
2908
2836
2807
2910
2730
2763
2710
2835
2785
2757
2889
2822
2755
2819
2827
2756
2828
2739
2808
2804
2842
2847
2769
2752
2754
2774
2706
2803
2785
2720
2802
2854
2639
2699
2713
2753
2756
2712
2746
2657
2731
2697
2686
2721
2762
2680
2638
2671
2799
2697
2720
2654
2642
2568
2562
2669
2755
2603
2644
2674
2730
2556
2722
2647
2736
2619
2741
2612
2536
2600
2581
2649
2629
2676
2649
2649
2657
2586
2608
2628
2695
2647
2602
2671
2574
2533
2615
2604
2556
2603
2555
2647
2675
2600
2716
2510
2567
2522
2640
2597
2462
2529
2496
2415
2422
2530
2469
2540
2568
2432
2526
2432
2430
2442
2515
2443
2470
2459
2484
2404
2302
2549
2461
2451
2383
2385
2387
2404
2438
2399
2374
2393
2423
2379
2407
2384
2364
2338
2329
2408
2287
2333
2373
2313
2412
2333
2322
2234
2285
2234
2250
2258
2469
2355
2266
2294
2340
2234
2313
2240
2196
2327
2288
2368
2336
2307
2217
2317
2342
2238
2301
2249
2352
2220
2145
2252
2230
2232
2224
2267
2203
2162
2278
2211
2288
2157
2124
2251
2216
2101
2203
2231
2158
2159
2180
2236
2132
2182
2271
2093
2181
2190
2244
2147
2170
2153
2199
2121
2106
2134
2032
2076
2093
2149
2125
2120
2087
1984
2148
2100
2041
2102
2163
2145
2139
2082
2149
2087
2012
2084
2052
2065
2086
2015
2016
2033
2129
2078
2031
2001
2041
1984
2056
2001
1965
2056
2012
1959
2014
1943
1943
1926
1974
1970
2059
1953
1996
2015
2006
1897
1951
1965
1946
1913
1914
1907
1916
1849
1911
1967
1923
1919
1869
1891
1905
1935
1927
1908
1852
1860
1874
1858
1932
1865
1889
1858
1851
1888
1882
1862
1740
1851
1818
1839
1792
1840
1812
1778
1884
1756
1875
1887
1841
1825
1851
1841
1801
1783
1830
1842
1814
1823
1801
1785
1714
1734
1803
1803
1804
1825
1779
1788
1662
1773
1778
1746
1764
1865
1669
1766
1706
1829
1617
1736
1750
1762
1707
1708
1682
1693
1755
1732
1725
1724
1751
1697
1742
1701
1733
1731
1682
1706
1695
1712
1716
1658
1698
1740
1672
1710
1655
1661
1698
1668
1709
1702
1687
1653
1713
1699
1638
1715
1738
1614
1691
1712
1652
1775
1706
1707
1627
1589
1631
1618
1635
1704
1631
1606
1736
1664
1639
1667
1605
1626
1581
1618
1651
1665
1625
1622
1592
1611
1731
1647
1663
1657
1669
1661
1613
1633
1662
1645
1611
1580
1582
1671
1600
1607
1565
1565
1561
1621
1650
1595
1592
1606
1562
1595
1533
1536
1499
1562
1574
1518
1569
1468
1605
1551
1529
1454
1566
1519
1556
1524
1494
1515
1522
1465
1448
1515
1513
1438
1441
1453
1516
1470
1479
1479
1441
1508
1427
1374
1482
1364
1389
1448
1436
1409
1415
1451
1450
1455
1424
1443
1392
1378
1416
1421
1378
1481
1429
1404
1384
1385
1451
1409
1312
1398
1353
1418
1407
1388
1373
1344
1417
1351
1407
1384
1333
1407
1362
1318
1410
1371
1344
1354
1338
1389
1332
1350
1361
1388
1382
1354
1390
1318
1324
1329
1295
1324
1341
1321
1303
1307
1309
1334
1388
1302
1277
1310
1322
1308
1349
1346
1282
1307
1287
1329
1265
1287
1267
1359
1330
1242
1262
1355
1298
1296
1305
1286
1298
1202
1221
1308
1337
1254
1229
1222
1206
1227
1255
1203
1317
1279
1241
1257
1305
1182
1294
1260
1242
1249
1166
1245
1204
1249
1220
1289
1204
1194
1213
1188
1180
1154
1261
1300
1204
1257
1254
1200
1266
1265
1249
1234
1234
1216
1239
1231
1288
1204
1220
1240
1232
1221
1215
1208
1231
1304
1177
1224
1231
1229
1149
1254
1167
1276
1164
1221
1249
1210
1251
1259
1279
1287
1229
1249
1199
1244
1306
1269
1225
1203
1275
1206
1294
1239
1297
1264
1244
1258
1303
1307
1188
1271
1241
1302
1271
1275
1314
1330
1290
1250
1224
1275
1346
1243
1338
1302
1274
1228
1248
1320
1306
1255
1330
1268
1324
1286
1373
1320
1284
1303
1272
1276
1321
1261
1308
1243
1277
1302
1292
1262
1309
1322
1240
1272
1175
1271
1291
1184
1243
1266
1246
1260
1184
1216
1236
1217
1232
1178
1225
1225
1251
1154
1173
1122
1198
1213
1139
1134
1132
1249
1123
1158
1106
1111
1143
1125
1132
1130
1144
1134
1078
1144
1129
1083
1103
1057
1079
1038
1075
1048
1025
1013
1041
1098
961
1049
1037
1035
982
1027
953
1020
1022
987
991
956
952
966
947
954
904
952
884
931
934
941
957
940
918
950
875
905
903
943
897
885
961
909
915
895
942
897
897
828
870
875
898
907
881
835
813
888
955
852
861
886
803
811
842
829
812
764
841
833
853
840
881
780
851
848
834
760
845
790
814
852
809
809
844
890
830
768
791
807
779
800
800
805
764
815
797
766
775
743
797
807
824
782
781
793
775
788
763
778
773
828
743
803
776
828
779
767
798
765
774
752
786
781
748
823
741
712
778
761
765
722
758
803
746
752
807
739
734
737
788
756
715
752
782
772
749
779
782
796
764
754
720
796
708
815
801
781
734
761
763
669
742
731
761
755
738
683
809
761
750
730
723
683
722
749
733
762
763
767
767
710
670
719
741
751
716
733
760
726
750
738
735
752
724
751
755
722
738
777
729
686
747
716
714
747
730
717
737
732
747
727
750
739
719
759
750
709
747
763
735
722
744
718
708
754
734
685
757
737
720
726
795
759
727
722
728
701
689
671
730
703
709
727
698
704
724
728
692
664
715
729
768
741
708
709
730
713
689
689
712
667
665
654
673
695
743
677
648
678
738
698
639
698
673
759
667
691
689
664
694
742
702
651
678
624
696
709
644
620
672
660
651
598
662
654
690
683
618
617
662
604
653
693
597
642
673
637
629
645
604
614
662
577
564
628
616
650
598
592
623
590
631
658
614
583
567
578
570
560
607
574
605
600
595
559
618
599
566
571
583
588
588
584
562
564
580
552
565
569
608
564
590
563
535
565
600
554
555
522
569
531
540
546
474
572
523
573
563
534
537
533
545
528
484
532
543
542
496
512
509
560
524
560
499
530
539
521
544
515
572
520
529
548
515
513
530
511
566
523
570
501
523
536
566
542
521
534
538
538
522
521
560
551
521
524
537
532
548
530
552
529
552
544
504
537
526
538
561
520
525
557
541
557
549
545
515
535
505
515
577
543
573
538
574
531
532
542
548
557
550
575
549
596
522
587
597
553
564
549
560
582
525
552
549
542
571
551
560
585
560
605
541
554
586
562
550
633
605
548
559
591
581
535
605
600
550
582
540
593
540
562
615
551
604
568
577
578
609
596
566
582
561
605
568
574
533
577
551
576
594
600
585
599
577
588
531
609
555
655
576
611
591
569
613
593
540
580
562
586
582
573
627
552
586
587
587
603
612
536
573
595
584
560
561
542
553
618
556
584
564
542
559
600
585
567
577
568
550
619
567
531
541
557
631
562
596
565
535
539
531
583
531
513
560
526
550
532
541
515
533
493
570
553
526
513
520
535
585
472
513
521
534
499
543
492
491
522
475
508
521
434
459
517
496
500
471
485
472
504
493
477
439
453
471
464
492
488
482
477
470
450
466
458
463
454
462
488
409
458
392
429
421
395
430
433
428
411
427
366
413
410
453
407
375
401
411
405
406
381
404
401
403
392
417
361
362
386
392
413
370
360
377
385
371
376
384
316
374
365
358
406
370
348
377
383
378
348
348
348
364
336
354
348
358
362
338
347
309
302
351
354
358
347
365
346
365
331
334
348
324
315
352
347
326
321
330
326
333
339
333
367
319
316
310
326
324
303
345
353
327
319
372
333
300
333
325
343
335
315
337
332
310
319
311
287
321
333
342
345
325
346
326
336
332
315
341
346
342
301
357
331
320
362
355
311
330
346
333
324
328
295
309
367
350
361
317
339
292
338
316
331
319
352
316
337
344
336
308
345
328
338
333
325
370
342
319
336
323
335
337
359
382
333
393
355
331
331
374
362
333
376
332
331
355
342
356
341
363
343
387
301
352
361
361
361
365
340
360
380
354
361
378
352
357
368
399
345
364
371
377
370
342
394
353
362
381
354
363
344
383
327
373
377
345
349
394
323
409
398
358
390
402
363
400
390
374
375
376
384
379
384
386
379
366
379
394
339
374
401
393
370
345
387
390
365
387
392
364
345
385
371
365
359
407
350
410
351
366
355
393
400
396
383
360
391
377
380
374
354
385
361
400
348
415
347
366
369
346
380
343
384
363
352
373
347
381
365
381
348
326
372
378
370
352
330
345
366
352
350
359
341
358
326
361
343
322
371
350
353
327
330
322
322
354
327
308
316
330
312
336
330
317
335
316
307
320
299
361
318
296
348
308
337
328
319
305
324
312
304
309
291
289
322
285
295
297
287
303
298
303
290
274
295
271
279
279
297
291
312
268
297
265
277
283
273
297
264
256
285
265
279
292
286
238
283
248
265
283
278
248
253
260
295
246
244
287
269
267
279
247
255
240
249
257
250
274
246
265
257
278
243
233
255
255
245
267
219
249
269
236
257
265
235
245
247
247
255
249
268
277
254
240
245
251
241
222
228
226
251
274
254
234
245
247
235
217
220
237
245
240
211
240
239
247
255
240
242
269
249
249
265
239
252
248
215
217
225
211
239
227
232
248
269
238
242
216
242
241
265
235
241
257
229
225
224
231
273
207
257
233
261
225
272
265
233
248
267
227
230
247
240
254
248
226
216
238
247
240
232
211
222
241
247
222
224
232
212
240
222
222
238
212
224
215
230
226
240
246
219
187
224
212
233
231
222
212
247
228
221
229
218
235
223
222
217
251
222
243
230
234
247
224
219
233
223
235
220
193
226
210
227
218
222
219
203
240
247
219
216
217
256
219
220
241
215
241
195
223
190
208
221
216
234
222
218
234
211
246
234
212
230
216
230
207
223
213
226
225
229
232
221
216
220
218
208
209
226
233
194
204
199
228
230
222
220
197
209
210
207
224
212
222
222
208
193
211
221
238
230
198
216
226
236
207
240
215
210
188
208
250
193
200
216
191
230
222
193
204
214
211
212
226
205
209
211
218
218
227
214
181
238
237
205
216
203
203
208
224
240
196
252
220
204
211
220
229
236
218
229
195
223
212
216
181
192
231
241
228
190
225
219
215
215
229
213
229
236
218
203
219
232
235
197
228
224
228
224
219
196
239
200
222
202
242
216
227
225
193
205
187
233
241
221
239
225
241
202
214
244
185
208
187
219
184
218
211
218
230
204
218
226
253
216
231
266
228
230
222
198
233
201
195
205
231
213
215
196
220
233
218
217
196
204
208
187
236
206
206
201
228
208
213
235
217
203
215
221
205
200
219
233
209
225
212
254
209
199
175
222
215
218
179
215
207
180
194
208
203
193
223
202
217
193
182
210
227
192
179
213
219
226
209
196
227
197
219
207
208
204
181
221
210
222
222
227
186
213
209
228
191
198
201
204
198
214
200
227
206
216
232
191
205
200
203
199
203
190
171
192
220
202
172
208
216
209
207
199
220
206
198
213
217
185
208
189
173
184
194
195
154
182
193
187
199
222
172
183
185
198
187
182
202
201
205
173
176
195
209
211
167
179
186
206
186
174
172
203
170
181
203
164
205
176
180
175
194
170
196
181
196
173
198
199
176
196
175
179
186
197
187
167
197
201
185
178
174
172
171
171
159
211
173
160
179
192
202
172
176
184
163
154
206
180
169
158
167
161
173
169
169
188
175
177
178
159
174
158
196
168
206
158
172
197
208
188
181
174
169
163
167
147
173
163
174
183
156
165
176
175
176
169
187
208
184
174
197
173
208
198
177
202
207
179
179
167
171
186
192
173
174
193
196
184
193
204
163
181
190
182
189
192
166
202
181
157
193
193
188
175
193
172
174
184
201
205
166
170
212
172
185
195
191
182
206
170
203
174
178
181
192
206
217
184
184
219
196
186
193
200
196
193
206
208
200
190
206
204
201
214
174
195
203
193
198
208
226
215
190
188
237
212
205
223
190
203
196
210
184
203
201
230
189
226
185
225
224
207
213
193
211
228
217
208
206
220
233
223
186
193
229
224
223
192
210
233
222
203
226
235
236
246
221
261
211
224
235
226
224
234
214
208
212
244
236
228
225
240
220
258
251
203
219
228
265
238
231
214
257
231
239
222
234
252
230
246
248
267
210
265
226
250
237
257
229
251
254
241
257
263
227
258
225
250
232
255
281
267
241
260
248
250
236
204
231
260
261
271
261
253
274
256
261
247
270
260
250
248
249
278
263
274
228
258
244
284
234
269
265
287
235
278
241
245
290
260
253
268
252
260
255
273
257
261
251
246
256
233
258
280
253
267
258
249
277
241
294
253
259
281
288
267
254
248
235
266
279
247
264
241
252
270
259
278
261
280
250
274
257
292
269
292
285
298
259
278
278
296
265
243
279
252
247
266
261
229
269
279
270
231
278
241
263
256
274
289
260
260
271
249
283
285
261
267
236
266
272
255
265
248
261
260
264
245
276
273
240
266
261
270
250
263
278
233
261
258
259
249
244
238
244
265
241
235
252
221
253
275
267
242
237
236
226
247
248
247
232
266
223
245
221
238
233
209
229
215
199
209
218
237
227
253
187
227
235
229
256
252
221
233
215
216
234
220
234
217
225
200
211
220
205
198
204
216
209
199
225
211
214
181
206
196
226
197
204
213
201
216
190
214
208
200
193
199
207
193
190
200
185
173
187
179
182
173
194
192
178
178
193
176
190
154
166
186
170
165
178
156
165
147
156
150
198
182
166
138
165
161
148
165
127
174
149
150
167
178
135
164
128
160
149
126
140
140
137
151
165
155
127
141
124
149
165
150
145
150
148
163
156
148
147
168
121
145
119
130
139
120
142
119
120
129
139
140
128
133
131
125
126
129
132
125
116
130
138
145
130
114
131
119
132
125
138
121
129
103
110
113
111
136
116
132
130
108
98
131
120
110
106
112
149
132
135
134
116
105
114
115
100
120
117
126
120
126
123
130
99
127
115
104
117
111
119
112
109
114
111
109
114
106
108
103
108
112
123
128
130
119
109
111
110
112
90
102
108
108
126
127
118
115
101
122
104
125
128
123
108
111
122
103
116
102
125
114
116
99
108
102
132
131
105
119
101
129
124
109
111
118
114
116
107
103
93
119
113
118
112
118
115
124
104
96
118
99
110
124
102
115
104
85
103
112
109
101
100
118
102
96
95
111
127
102
115
106
110
105
120
113
113
122
101
118
92
114
106
117
107
106
98
107
90
111
106
107
105
106
95
115
105
103
97
108
96
107
115
98
87
86
97
127
101
99
106
107
102
102
103
123
110
122
82
97
87
97
101
92
106
102
105
101
112
120
105
119
105
93
101
91
97
91
111
108
105
113
111
106
112
90
85
91
101
120
102
101
100
123
98
92
102
107
103
87
101
96
103
99
99
101
98
95
98
84
103
100
115
104
98
104
112
124
103
89
103
96
95
93
93
99
93
94
91
91
103
111
90
99
100
78
100
90
94
105
94
97
108
89
107
96
91
84
102
110
102
70
94
97
103
108
94
88
91
108
108
102
108
98
98
103
106
88
105
105
96
84
79
107
93
104
100
100
103
101
101
103
100
93
95
93
112
97
120
94
96
81
89
91
93
93
106
111
96
100
105
92
101
99
90
111
91
92
97
91
102
115
105
103
95
91
86
102
88
115
93
92
83
91
101
80
104
99
102
103
85
94
84
98
91
92
104
113
94
100
94
80
93
102
113
95
104
105
103
115
94
97
109
102
97
100
95
111
101
104
112
80
111
101
95
95
103
96
118
102
110
82
97
97
117
95
109
86
86
95
94
123
105
107
80
112
109
100
95
127
96
104
86
79
98
97
101
104
99
88
89
109
101
96
100
106
93
107
113
82
95
97
98
107
91
91
95
103
106
109
114
92
90
88
107
80
109
108
101
102
95
97
107
86
97
88
100
104
100
99
95
95
97
119
105
93
111
99
90
96
114
105
129
93
93
88
90
109
89
84
105
88
102
105
97
93
104
83
102
100
96
98
120
113
107
97
107
117
83
90
96
110
90
107
97
116
116
102
89
93
88
101
98
102
101
98
82
91
93
105
91
90
79
83
87
102
101
96
101
91
83
121
85
107
103
104
82
111
104
74
83
94
100
104
112
100
115
101
115
100
100
81
90
102
80
109
100
79
103
96
78
97
109
87
114
107
108
96
90
98
96
84
97
77
97
79
89
112
92
87
104
100
97
86
92
107
108
113
87
99
109
104
92
97
79
83
91
90
93
88
107
75
102
79
93
89
108
86
100
106
89
100
100
107
98
106
92
89
102
92
84
86
85
108
95
99
81
107
90
84
95
102
100
89
103
93
104
105
97
103
104
111
71
90
91
89
94
94
102
84
88
110
94
90
116
96
100
91
110
91
109
96
111
100
95
95
107
109
84
92
101
79
98
106
87
109
96
93
109
97
81
98
98
95
83
97
91
98
96
97
92
81
93
108
104
99
107
89
86
110
98
96
95
80
89
90
91
90
93
92
100
106
99
85
101
97
73
98
99
80
79
86
92
75
94
76
85
83
103
87
88
92
76
82
87
94
85
90
111
101
90
81
89
82
69
95
105
80
95
103
90
88
93
83
86
91
92
98
102
97
101
88
93
73
95
91
92
88
99
103
88
93
89
76
106
73
89
96
79
89
81
74
92
98
102
86
90
73
101
82
85
84
83
83
82
82
87
105
79
82
75
75
99
75
91
80
86
85
72
92
82
91
91
88
85
67
72
91
81
101
104
99
89
62
104
85
77
90
69
94
74
81
85
81
81
79
80
91
76
73
81
80
71
90
64
77
84
83
73
83
83
85
66
67
76
71
79
90
79
81
61
97
77
86
95
81
77
88
79
74
77
76
85
92
72
87
65
106
64
93
88
74
76
77
83
68
85
67
87
79
87
85
73
71
86
89
80
85
94
70
85
77
83
74
76
79
83
79
73
76
88
76
81
62
95
69
70
79
74
83
68
73
69
84
71
85
72
77
90
72
83
66
84
65
75
77
71
102
83
77
84
70
86
66
71
89
82
81
67
81
61
64
62
63
77
68
75
53
70
88
64
60
71
82
75
73
69
71
87
75
73
70
72
71
64
71
78
55
89
83
79
74
78
81
71
93
68
82
65
82
75
81
66
73
80
77
75
78
75
58
69
63
84
64
78
69
74
84
85
66
95
77
82
68
80
77
81
93
76
98
74
71
65
65
64
81
57
84
78
82
64
64
80
63
77
68
91
90
78
79
72
69
77
67
74
81
62
71
68
72
87
77
80
81
79
71
72
74
70
85
78
69
81
78
73
64
69
65
79
70
69
63
80
69
65
70
62
64
87
64
74
67
76
104
78
67
98
62
82
69
66
75
79
73
81
77
71
77
75
91
62
76
80
68
67
73
77
77
91
69
52
80
65
79
94
72
65
70
71
66
63
80
64
75
63
68
73
65
50
74
72
68
79
74
78
75
74
59
70
70
77
70
83
75
82
80
71
76
74
71
68
65
75
74
70
67
66
72
72
72
92
77
59
96
84
83
63
76
60
84
88
82
69
92
84
72
102
64
68
82
77
69
77
82
79
75
82
65
65
84
89
63
76
68
71
92
81
87
78
70
72
82
78
90
85
74
87
75
74
89
83
72
84
71
88
77
69
85
71
80
83
86
76
83
74
72
79
85
77
89
79
67
75
69
86
78
74
86
92
85
95
96
70
90
75
68
86
81
92
73
84
87
86
79
81
81
81
83
78
79
72
83
72
84
98
77
89
93
79
83
98
99
87
108
82
96
90
62
82
91
70
89
105
105
94
86
74
88
90
84
76
94
96
98
101
111
89
84
93
77
87
71
87
99
95
97
112
84
83
101
91
80
111
90
94
87
90
102
97
91
101
94
72
98
95
84
97
93
103
70
89
100
98
83
101
108
105
104
95
90
85
96
97
90
99
80
106
92
104
81
100
95
84
105
114
111
101
79
100
83
96
88
114
111
102
102
110
95
103
84
92
103
87
103
82
100
98
95
94
96
95
99
89
92
114
83
87
80
96
99
99
97
80
91
81
93
90
83
91
103
108
97
80
74
95
102
95
88
111
93
87
95
87
85
109
96
89
117
93
89
94
98
75
86
92
95
101
95
101
97
88
77
101
87
99
94
78
100
102
106
101
76
94
89
88
92
97
90
107
78
103
93
99
84
101
92
78
81
98
82
92
97
90
100
86
92
100
96
97
76
98
92
90
78
92
87
88
82
91
98
96
85
97
100
73
87
95
92
81
83
81
85
76
96
90
82
92
90
106
100
88
83
83
87
92
97
85
77
87
73
100
88
87
85
104
88
91
75
90
103
83
88
81
73
83
72
69
77
84
76
94
101
85
75
85
87
95
96
93
85
67
92
89
87
73
82
95
73
106
79
79
86
91
72
85
76
74
85
88
75
97
87
61
86
85
92
74
92
90
100
70
71
79
91
79
78
82
85
85
76
78
84
87
93
79
81
83
105
84
71
79
81
85
72
81
98
64
82
84
70
73
84
74
67
85
70
63
60
85
73
82
88
71
88
90
88
76
64
79
107
90
93
68
79
57
79
81
88
80
79
89
73
92
81
77
79
77
90
80
72
80
97
83
66
72
95
79
66
68
78
72
90
86
81
76
76
78
90
71
80
79
82
68
61
69
87
87
72
91
84
71
70
85
78
94
68
81
92
82
72
79
62
75
80
70
71
81
84
80
75
82
70
77
73
84
71
72
62
64
82
74
85
97
68
69
61
91
79
68
68
74
63
70
83
67
60
77
50
78
89
69
66
81
70
76
71
66
66
69
67
72
81
71
63
83
82
76
61
76
74
66
69
70
61
53
80
61
61
52
65
75
68
64
59
71
61
67
59
64
64
83
61
66
68
59
69
61
74
61
84
62
61
65
67
66
66
57
76
59
72
64
59
73
55
68
57
61
60
76
56
65
55
60
67
67
75
59
42
68
50
49
58
58
50
58
69
55
47
52
55
56
51
59
62
54
48
51
55
47
65
43
57
60
54
69
56
52
51
51
64
55
55
62
48
47
67
54
62
57
57
52
52
49
53
48
60
51
44
52
51
51
62
69
53
36
47
36
58
53
54
50
46
40
52
55
56
40
66
45
55
53
51
54
38
58
45
44
49
47
50
40
47
45
42
45
52
62
44
45
46
39
56
46
54
37
40
47
58
43
48
51
46
49
50
47
58
53
44
44
48
35
41
47
47
46
39
50
44
38
51
37
39
47
47
47
49
54
35
57
41
50
40
48
45
50
44
36
43
56
35
39
45
38
55
45
42
50
42
51
53
46
41
40
56
32
38
51
57
55
34
46
40
37
38
46
51
43
50
46
45
29
48
51
44
47
46
45
40
38
45
50
37
44
51
42
37
44
43
36
42
42
52
55
61
31
43
40
41
50
38
51
40
37
40
39
53
49
37
34
41
47
40
39
36
33
39
39
48
37
35
40
41
40
43
53
42
56
38
51
43
49
36
43
53
39
45
48
44
44
43
51
32
53
45
38
39
40
47
49
32
34
39
45
39
43
46
38
51
32
45
42
36
45
45
47
40
38
43
52
45
43
46
55
35
47
43
46
45
36
43
34
36
53
45
47
37
37
43
51
37
49
56
43
42
43
37
39
41
44
43
42
50
41
38
45
42
54
51
51
38
52
38
50
45
48
54
43
35
48
41
46
55
44
35
47
37
46
40
48
45
52
49
37
40
29
42
41
52
45
41
42
47
42
47
46
39
49
56
36
37
41
41
54
35
37
55
56
41
52
50
34
56
42
40
62
46
46
40
39
38
37
55
43
41
45
43
46
54
42
53
55
48
52
50
38
50
47
41
41
47
48
35
45
54
33
42
46
39
46
59
57
51
55
53
58
54
53
52
43
56
49
46
51
50
46
42
45
39
47
41
51
61
45
53
46
47
65
52
51
52
46
61
34
44
53
32
47
52
49
42
37
42
59
47
54
49
46
46
51
44
39
52
48
53
47
42
44
39
47
49
54
37
46
48
47
44
51
46
55
38
53
53
53
58
53
43
46
50
52
46
54
46
54
50
50
36
62
62
47
55
49
68
54
56
57
49
50
60
51
46
49
50
48
49
53
62
61
55
41
61
50
54
42
64
53
48
54
55
51
69
63
53
54
60
70
47
63
52
57
52
52
51
72
51
70
67
68
58
55
59
65
52
53
54
55
55
58
54
59
59
51
61
57
57
49
50
50
70
59
57
60
51
64
81
48
55
49
57
61
54
61
69
63
67
61
61
55
61
68
73
67
66
48
65
66
58
64
62
78
66
58
57
84
66
64
60
67
76
75
61
62
62
51
66
70
57
52
62
58
57
65
67
66
55
48
68
61
75
66
55
51
65
66
74
61
58
81
64
68
60
46
53
58
59
44
56
73
58
58
63
52
42
63
60
62
53
62
56
57
61
58
41
53
49
54
45
82
52
71
48
55
57
49
61
61
50
58
51
59
48
49
65
67
63
67
48
51
58
60
60
57
60
71
57
53
67
53
64
65
58
54
53
56
52
52
43
56
59
56
65
52
73
51
58
48
54
54
71
63
56
54
64
59
65
63
59
48
78
55
60
47
57
51
64
52
58
51
59
48
46
50
61
51
54
53
62
52
48
54
62
50
47
59
46
48
70
69
47
59
61
58
53
53
44
42
63
56
53
61
49
46
45
55
49
43
33
57
65
69
56
64
51
52
52
55
46
44
52
61
53
45
42
41
49
48
60
60
48
48
44
50
44
47
44
46
40
49
47
59
51
46
41
48
44
49
50
53
46
60
44
50
44
52
59
52
44
50
47
57
52
36
39
50
47
45
43
56
53
50
51
39
50
59
40
46
40
49
41
46
46
42
49
44
51
43
38
48
55
50
42
51
45
56
59
42
41
40
36
48
40
48
44
32
30
41
43
49
51
40
42
49
46
39
32
37
43
36
36
40
47
30
33
54
36
36
50
50
44
37
41
47
48
49
44
36
40
40
36
40
44
44
40
48
33
34
35
28
42
46
40
39
43
43
42
41
45
34
49
36
45
42
41
45
59
41
44
45
47
46
46
35
35
46
35
45
41
50
41
38
39
45
36
50
52
42
41
46
38
32
36
36
41
50
31
33
39
26
45
30
37
38
34
21
39
34
31
34
45
25
32
38
36
44
37
45
31
38
33
33
40
37
41
39
43
39
33
20
45
39
40
32
24
51
42
40
49
29
36
35
37
25
32
37
43
31
31
33
50
34
36
29
38
34
41
26
40
36
36
48
43
38
38
46
42
35
43
42
31
34
37
40
35
36
37
33
42
30
33
31
47
46
46
39
38
24
40
41
31
33
39
33
35
35
45
23
39
44
33
40
32
36
43
38
31
39
37
37
41
39
53
39
34
30
42
28
47
39
29
38
36
36
25
22
37
36
34
41
36
39
35
27
47
42
36
33
41
29
35
36
46
39
26
44
32
32
32
27
30
38
36
30
26
39
36
39
46
41
27
42
27
33
26
31
44
43
32
36
31
33
38
39
30
35
44
37
31
34
39
46
35
39
57
38
30
36
33
31
41
44
43
42
29
39
28
46
40
39
42
40
47
27
25
34
32
36
29
48
42
31
32
33
27
31
32
42
37
29
36
42
34
48
35
48
35
42
36
35
38
36
34
39
27
40
47
37
32
36
33
40
37
43
34
41
44
36
36
37
47
29
29
36
34
37
38
53
30
33
27
25
34
39
35
33
37
44
38
33
37
33
37
38
31
40
41
24
35
53
34
38
33
35
40
30
36
37
42
40
44
39
42
49
33
32
41
39
37
35
37
41
33
33
24
37
37
40
45
37
35
39
30
39
37
31
34
26
48
37
51
36
44
33
42
27
51
26
34
39
52
29
38
42
34
32
41
28
26
31
27
37
38
31
42
36
26
36
39
32
39
35
32
38
36
36
35
30
27
34
28
33
36
36
41
38
42
31
34
34
25
45
33
38
29
29
41
39
41
38
27
38
45
40
46
42
41
37
26
38
43
35
45
38
32
37
30
21
32
34
37
43
21
34
25
41
29
31
41
38
32
37
33
35
42
28
22
39
31
32
37
31
39
40
36
33
38
36
22
21
34
39
27
36
38
38
29
30
47
39
28
30
33
26
29
27
32
29
37
26
31
33
32
31
37
35
33
28
33
29
40
32
30
36
25
35
37
26
33
33
27
31
31
25
32
33
24
24
23
24
22
35
28
26
38
30
29
22
26
44
22
23
24
29
21
29
26
29
36
22
22
34
33
29
38
34
35
32
37
24
32
30
22
24
29
38
25
26
21
22
13
31
31
27
26
26
28
33
26
27
32
29
23
32
26
24
26
32
28
23
38
27
22
32
24
36
24
19
31
33
27
37
29
35
27
19
23
30
38
24
31
24
34
22
21
20
30
29
24
25
23
25
30
30
21
28
29
22
29
27
29
34
24
33
29
24
27
21
16
28
26
23
24
27
23
23
28
20
25
25
27
27
34
27
33
29
26
29
31
24
25
22
21
29
19
27
37
31
35
31
23
27
24
29
24
36
22
32
21
22
24
34
23
19
36
23
26
26
21
32
30
33
24
20
24
25
23
24
23
30
33
25
26
31
25
21
28
24
33
33
20
37
36
41
24
26
38
26
24
28
28
23
28
25
37
27
27
25
28
27
26
35
22
29
40
21
24
33
42
16
32
28
19
24
28
33
27
24
31
25
37
30
32
23
25
19
29
23
37
29
25
21
23
20
30
24
32
25
26
34
20
22
38
19
33
29
20
29
20
23
28
30
24
22
22
23
30
29
28
21
24
23
24
25
30
26
25
28
22
22
22
30
26
17
19
23
23
31
26
25
28
28
23
31
24
23
26
27
26
27
14
38
20
24
27
22
25
34
19
20
24
31
30
20
24
32
24
33
32
32
20
25
28
29
30
32
28
31
32
29
27
28
34
21
21
17
25
40
25
25
34
31
35
33
25
21
42
39
25
25
29
29
20
12
34
26
32
29
25
22
31
26
22
22
24
23
33
25
27
29
21
28
27
29
20
23
16
36
17
27
22
19
18
21
28
30
23
28
31
45
24
26
33
26
25
20
36
40
27
34
24
36
34
21
31
28
32
32
31
25
18
29
23
25
37
24
21
36
19
24
21
26
30
21
20
28
22
27
37
21
23
31
35
24
30
19
38
35
26
36
30
30
29
22
23
34
37
26
32
31
28
35
31
27
33
18
35
40
26
18
26
26
30
26
30
33
25
25
31
22
27
27
31
26
37
19
25
32
29
32
21
38
26
27
23
31
37
36
28
26
29
30
36
31
31
22
21
30
28
20
31
37
29
29
31
28
32
24
27
28
37
31
25
21
32
26
37
35
40
36
34
35
35
41
41
20
33
20
31
27
35
34
26
37
31
22
26
28
27
29
25
30
32
29
28
30
31
38
33
29
28
34
31
29
23
31
26
27
38
36
33
36
23
24
30
26
33
22
27
24
31
25
38
25
33
30
31
33
34
23
31
31
32
36
35
38
36
26
30
17
38
34
35
33
27
30
32
40
27
35
33
39
28
36
30
39
40
33
29
35
28
24
37
35
34
35
31
34
41
28
35
29
27
40
34
44
37
31
46
36
32
30
32
34
35
54
32
41
32
33
31
40
31
30
28
37
35
32
29
33
31
36
34
35
47
44
31
26
40
41
36
39
34
37
42
34
27
40
32
35
36
32
43
35
33
27
29
33
42
29
32
31
31
36
37
41
27
35
46
38
38
58
45
49
43
36
46
38
36
21
43
39
35
43
49
36
52
42
45
37
38
37
44
25
28
36
37
29
29
49
35
39
40
28
48
47
47
37
35
42
41
51
46
31
42
47
44
31
46
40
44
41
52
40
44
51
58
51
42
49
44
39
47
52
47
27
46
56
41
45
39
51
38
44
51
53
40
39
45
51
37
49
48
50
50
53
49
47
53
36
50
46
49
40
42
50
43
49
34
44
41
46
54
39
48
46
40
45
52
64
47
48
44
41
48
61
56
53
40
60
48
40
52
47
54
61
53
58
47
60
51
66
53
48
63
47
64
58
44
52
43
51
52
53
61
69
60
58
54
58
59
43
51
61
46
50
63
56
47
73
57
45
51
55
63
44
51
46
40
59
49
67
52
72
53
53
50
65
46
71
58
48
48
53
57
54
63
59
62
54
53
43
63
62
46
60
54
58
51
62
64
51
62
55
61
59
59
61
66
56
65
55
71
64
46
71
50
55
62
53
67
58
53
58
77
69
56
55
65
56
57
54
54
58
64
59
68
59
51
61
55
51
74
39
64
53
59
55
66
57
62
66
68
63
50
72
53
64
65
64
63
58
39
67
58
49
55
50
58
52
63
54
58
62
49
59
58
66
61
55
57
54
54
44
52
51
45
69
55
60
55
70
56
50
54
64
59
62
67
57
53
61
57
58
45
49
57
71
60
53
62
57
56
54
55
61
57
48
52
62
43
75
65
49
46
59
65
55
68
51
51
57
45
73
55
52
65
48
62
54
45
55
45
54
47
59
45
41
64
57
60
50
65
46
50
48
51
52
50
38
52
38
51
62
53
57
53
38
57
47
53
43
42
53
42
59
43
47
57
43
37
53
44
65
45
59
54
50
53
42
46
47
39
46
31
54
39
46
56
44
39
37
47
45
44
50
41
43
40
52
46
46
39
38
37
38
46
39
57
33
42
43
46
50
32
47
40
43
24
42
35
34
36
34
34
36
35
34
38
30
26
36
34
31
46
29
36
45
34
34
30
52
39
30
28
43
35
29
32
27
28
28
41
29
37
35
28
28
42
29
28
34
36
38
32
28
34
27
28
28
24
36
29
41
27
26
31
30
25
18
32
46
42
29
29
30
38
25
30
27
22
23
33
34
30
36
29
29
27
36
26
24
23
23
18
26
19
34
29
17
28
18
22
23
29
30
29
24
22
31
26
22
22
14
23
23
31
27
19
37
24
41
34
21
21
17
19
28
24
22
24
23
16
20
34
21
22
27
21
27
16
28
26
21
18
12
24
21
26
27
20
24
15
23
22
25
19
25
26
23
20
22
27
24
23
28
27
28
27
22
19
19
18
14
21
13
20
16
24
23
28
11
19
18
27
21
19
14
24
12
24
11
13
18
16
22
24
23
24
21
24
6
20
15
19
24
18
20
18
19
26
20
17
28
25
14
24
16
18
21
16
28
12
22
18
27
17
11
11
14
21
22
21
13
12
21
30
23
17
17
14
19
13
19
15
21
22
21
12
23
18
21
61
87
78
86
82
72
74
88
67
76
76
83
68
73
69
77
69
64
72
57
78
59
76
82
76
85
74
76
60
73
75
91
61
73
70
83
66
80
68
65
73
62
66
73
64
91
61
83
62
72
71
65
76
68
72
68
65
65
73
58
67
63
70
71
69
76
58
71
56
58
63
55
62
76
59
74
45
59
62
71
68
61
64
70
68
54
49
44
61
51
61
57
48
43
61
61
57
74
53
61
44
58
55
49
61
65
56
46
58
67
43
56
48
51
67
50
67
52
61
51
48
59
55
40
54
60
65
52
59
46
48
49
60
44
49
61
48
47
62
63
45
45
58
45
41
55
41
47
50
59
48
33
47
39
47
40
54
53
43
41
50
38
40
55
41
52
45
40
46
42
53
40
54
41
53
41
48
50
38
44
66
42
37
46
24
