# Filename : TXT_Files/Acq14400sec_035.Chn
# MCA detector ID: 1
# Start time : b'20':b'20':b'27'
# Start date : b'04Oct221'
# No channels : 8192
# Live time : 716378
# Real time : 720000
# En cal factors A + B*x + C*x*x
# A : 0.0
# B : 1.0
# C : 0.00
0
0
0
0
0
0
0
0
0
0
0
0
0
0
0
0
0
0
0
0
0
0
0
0
0
0
0
0
0
0
0
1
0
0
1
3
12
62
240
370
395
362
407
392
400
436
420
433
412
459
399
426
405
479
453
467
488
411
419
449
482
441
466
474
483
445
493
450
436
475
484
508
467
496
471
480
488
511
496
475
486
480
480
522
484
495
487
523
540
549
553
556
570
561
577
556
545
583
605
545
585
566
621
605
616
626
659
628
602
668
692
720
679
712
665
708
701
698
682
731
701
731
787
721
734
720
736
751
800
758
797
855
829
844
822
814
851
829
841
839
786
851
829
822
812
818
851
833
856
759
770
770
803
789
751
795
762
768
766
742
757
788
757
734
748
722
778
768
771
737
780
808
807
728
771
777
812
783
777
814
753
828
795
831
803
846
852
865
836
810
840
830
835
837
893
899
918
871
875
916
897
869
957
902
901
919
988
935
983
969
1019
1008
999
991
1022
1058
1026
1027
1105
1082
1104
1163
1073
1123
1130
1089
1096
1149
1130
1192
1202
1172
1160
1215
1198
1221
1211
1172
1152
1185
1259
1274
1310
1281
1266
1291
1296
1253
1253
1311
1283
1280
1296
1335
1361
1371
1413
1417
1450
1474
1422
1454
1444
1441
1436
1398
1473
1568
1515
1542
1551
1635
1511
1602
1593
1611
1715
1736
1640
1701
1724
1713
1676
1725
1772
1791
1799
1828
1787
1927
1855
1824
1823
1871
1917
1895
1963
1942
1975
1978
2050
2093
1993
1971
2052
2043
2107
2168
2175
2066
2079
2250
2195
2214
2197
2201
2270
2164
2284
2284
2194
2304
2323
2285
2415
2358
2314
2386
2418
2399
2302
2481
2511
2432
2456
2418
2450
2465
2533
2462
2455
2507
2532
2581
2628
2620
2595
2607
2707
2659
2622
2708
2714
2708
2720
2648
2802
2812
2822
2833
2756
2875
2721
2858
2898
2914
2811
2918
2967
2979
2959
2994
3012
3138
3042
3108
3162
3090
3106
3161
3298
3200
3234
3158
3175
3204
3265
3192
3154
3259
3288
3276
3319
3363
3373
3350
3188
3250
3306
3249
3237
3348
3370
3330
3348
3458
3328
3331
3232
3304
3164
3422
3359
3288
3294
3345
3228
3316
3221
3149
3278
3269
3165
3211
3337
3113
3255
3232
3179
3100
3222
3140
3109
3085
3153
3178
3122
3211
3162
3059
3189
3170
3212
3154
3216
3239
3094
3216
3187
3163
3167
3208
3199
3258
3175
3211
3342
3225
3234
3219
3161
3207
3171
3182
3219
3247
3172
3160
3187
3212
3241
3188
3093
3146
3148
3181
3156
3275
3230
3281
3111
3239
3219
3215
3192
3252
3170
3210
3122
3226
3123
3172
3124
3055
3094
3169
3097
3121
3171
3028
3122
3107
3074
3072
3183
3152
3080
3115
3088
3124
2980
3099
3140
3027
3084
3037
3009
3084
3110
2974
2969
3054
3006
2976
3018
2978
2998
2998
2889
2982
2924
3042
2932
2978
2996
3034
3030
2985
2933
2955
2942
3074
2908
2934
3002
2952
2876
2917
2899
3017
2953
2927
2912
2992
3027
3013
2909
2949
2851
2949
2912
2888
2910
2916
2822
2896
2820
2860
2869
2900
2911
2820
2908
2856
2843
2913
2812
2835
2827
2915
2748
2860
2871
2826
2836
2841
2781
2913
2835
2747
2877
2857
2753
2809
2850
2757
2809
2819
2789
2702
2805
2887
2808
2814
2751
2782
2773
2769
2808
2773
2768
2738
2815
2729
2727
2891
2844
2755
2737
2663
2730
2738
2663
2681
2611
2749
2787
2782
2664
2669
2638
2694
2722
2627
2675
2734
2609
2702
2704
2629
2611
2659
2692
2695
2761
2653
2728
2674
2646
2761
2658
2640
2561
2640
2694
2573
2587
2711
2603
2646
2581
2599
2649
2718
2528
2609
2549
2667
2679
2656
2592
2597
2625
2584
2526
2496
2600
2529
2476
2496
2594
2598
2629
2513
2604
2535
2558
2542
2526
2529
2541
2500
2526
2484
2448
2486
2508
2511
2455
2505
2496
2470
2465
2441
2439
2498
2438
2395
2490
2398
2314
2395
2358
2362
2443
2437
2321
2462
2395
2405
2359
2353
2405
2380
2311
2319
2267
2396
2298
2359
2344
2352
2298
2319
2358
2306
2324
2333
2276
2240
2380
2386
2338
2236
2297
2284
2359
2300
2415
2285
2230
2326
2339
2210
2200
2371
2287
2282
2314
2200
2251
2260
2161
2256
2278
2258
2180
2209
2296
2222
2289
2196
2232
2174
2293
2190
2182
2163
2123
2193
2218
2182
2196
2147
2194
2163
2141
2068
2142
2253
2213
2154
2098
2184
2175
2152
2151
2092
2167
2248
2094
2166
2078
2063
2032
2155
2120
2110
2131
2106
2022
2122
2145
2093
2120
2105
2047
2026
2041
2011
2066
2045
2077
2015
2020
2024
2037
1953
2070
2057
2009
2039
1956
1985
1932
2078
1994
2011
2061
1923
1988
2066
1974
2010
1997
1954
1867
1896
1858
1943
1918
1933
1917
1943
1934
1932
1908
1890
1889
1864
1840
1876
1880
1829
1880
1871
1846
1849
1856
1883
1881
1880
1818
1831
1827
1794
1827
1873
1915
1878
1910
1871
1894
1798
1935
1796
1826
1789
1849
1841
1824
1855
1842
1775
1700
1752
1821
1830
1820
1756
1786
1736
1761
1773
1814
1794
1724
1799
1802
1828
1820
1790
1720
1814
1793
1756
1772
1745
1744
1733
1714
1740
1759
1699
1691
1711
1718
1699
1668
1778
1689
1699
1735
1834
1697
1699
1729
1693
1716
1715
1709
1663
1709
1714
1752
1656
1743
1672
1650
1680
1633
1716
1683
1750
1686
1698
1635
1623
1724
1740
1681
1690
1689
1681
1655
1662
1694
1643
1645
1676
1608
1636
1691
1660
1662
1646
1622
1649
1669
1654
1653
1569
1602
1616
1689
1645
1652
1588
1606
1618
1570
1675
1602
1625
1608
1574
1570
1596
1622
1652
1638
1584
1470
1527
1537
1627
1568
1591
1580
1533
1596
1605
1621
1600
1626
1609
1543
1528
1503
1511
1531
1616
1527
1537
1555
1546
1534
1401
1501
1468
1490
1448
1488
1531
1472
1471
1553
1476
1519
1478
1513
1521
1542
1477
1458
1415
1405
1538
1452
1533
1448
1445
1503
1470
1424
1481
1419
1404
1430
1495
1412
1448
1455
1397
1510
1458
1450
1446
1370
1371
1440
1322
1364
1370
1372
1391
1388
1388
1401
1399
1418
1402
1407
1373
1402
1378
1436
1350
1407
1335
1350
1365
1322
1416
1359
1397
1307
1328
1326
1339
1314
1314
1345
1363
1274
1314
1379
1343
1243
1355
1337
1287
1311
1311
1287
1317
1276
1321
1284
1368
1295
1313
1270
1254
1301
1297
1345
1260
1261
1308
1264
1305
1337
1272
1297
1281
1239
1285
1250
1230
1259
1219
1274
1301
1174
1232
1264
1266
1228
1257
1246
1245
1207
1190
1236
1195
1190
1241
1213
1234
1246
1230
1211
1237
1179
1192
1266
1219
1202
1191
1187
1221
1225
1211
1245
1193
1268
1174
1187
1235
1245
1181
1171
1271
1233
1256
1214
1199
1213
1244
1192
1246
1239
1252
1199
1273
1291
1262
1270
1223
1175
1236
1224
1185
1173
1284
1256
1184
1162
1218
1279
1248
1228
1252
1241
1264
1224
1165
1275
1267
1231
1312
1271
1227
1270
1240
1238
1209
1237
1314
1281
1332
1240
1304
1241
1287
1263
1273
1308
1346
1264
1281
1351
1332
1274
1362
1298
1233
1281
1336
1288
1284
1316
1321
1324
1325
1297
1322
1238
1260
1349
1241
1221
1272
1283
1250
1322
1255
1203
1278
1272
1306
1247
1270
1194
1209
1314
1192
1260
1247
1244
1177
1250
1254
1225
1196
1191
1210
1209
1174
1186
1189
1213
1180
1163
1161
1116
1213
1266
1150
1163
1161
1148
1084
1191
1115
1185
1164
1129
1165
1169
1114
1031
1042
1140
1078
1068
1081
1068
1057
1069
1083
1012
1077
1013
1034
1040
1072
1057
970
970
992
976
995
944
1002
1057
957
1027
983
897
913
993
960
981
955
932
914
918
966
906
952
912
899
962
897
954
925
907
858
832
858
887
884
890
890
853
882
843
865
806
853
849
859
832
877
840
933
808
823
849
814
803
827
789
805
869
823
802
819
764
794
779
837
831
811
775
781
786
784
827
832
858
772
858
792
759
822
791
766
757
748
830
822
743
753
748
761
769
781
804
801
755
792
781
712
717
796
749
819
820
744
754
756
791
791
763
757
754
793
719
764
717
725
768
754
787
759
764
732
779
779
784
743
732
727
768
706
753
773
779
739
776
742
798
750
748
733
766
774
699
723
795
732
759
731
740
803
771
690
759
738
765
822
720
715
729
755
728
792
755
748
741
767
772
718
735
734
729
753
714
703
707
756
742
769
754
704
699
725
724
744
724
699
734
717
767
722
720
680
719
737
720
753
756
753
726
700
728
763
748
697
686
734
699
728
734
778
753
751
746
704
745
727
773
766
680
681
664
697
717
749
746
742
731
696
685
706
724
774
711
742
731
729
707
705
681
774
657
731
728
727
693
712
662
707
702
702
686
676
705
697
667
751
657
697
704
698
665
681
657
651
657
645
660
672
699
609
658
668
655
638
648
681
628
653
671
644
648
638
644
673
647
604
672
619
628
663
668
599
607
619
619
606
571
617
632
643
606
617
639
617
659
606
574
642
610
587
610
601
594
589
621
597
610
612
574
582
541
641
583
564
546
547
572
601
525
588
592
563
574
534
556
573
550
561
542
562
549
518
515
606
572
527
574
567
521
566
558
530
523
520
536
545
529
520
578
585
505
570
520
515
499
519
555
547
532
525
558
580
536
492
541
544
544
489
526
509
519
558
540
496
534
511
580
494
550
534
556
502
507
556
539
535
537
534
526
586
546
540
535
527
530
549
500
518
517
538
567
560
557
521
540
528
542
561
526
525
475
516
598
502
507
543
547
516
534
553
557
557
531
536
513
533
549
546
568
538
552
540
535
586
496
549
570
573
519
565
579
555
558
567
550
555
545
561
564
563
575
540
561
574
576
596
573
551
569
555
553
572
585
566
582
588
577
606
578
579
565
598
587
540
556
589
581
599
579
600
584
607
582
594
579
599
602
559
554
578
569
509
652
577
596
569
587
633
602
545
558
600
599
560
560
586
553
572
618
594
605
586
592
591
536
577
574
562
570
610
591
539
559
560
564
582
568
586
542
551
550
537
562
570
534
520
591
553
533
562
583
555
572
512
558
547
533
520
556
536
557
550
543
533
500
539
534
511
588
520
493
533
515
539
500
564
493
524
541
471
529
556
490
529
475
528
474
531
491
475
476
483
463
485
494
464
471
518
487
479
474
455
442
483
458
465
467
457
449
413
460
440
463
458
430
455
422
455
426
416
445
410
440
442
408
422
416
430
407
390
439
387
428
409
381
393
432
434
392
368
422
422
374
412
389
388
378
407
359
365
373
379
345
369
351
358
354
370
346
402
368
340
322
345
353
358
352
357
333
344
354
353
371
343
297
339
323
314
342
331
353
297
340
333
360
301
340
331
330
340
324
360
342
323
303
319
341
292
327
335
340
344
334
321
307
334
312
359
353
327
318
325
350
318
334
307
296
306
314
345
325
316
314
318
342
300
315
346
317
310
322
325
281
343
301
331
315
307
301
314
308
300
327
313
292
328
275
338
328
323
338
325
313
327
294
336
342
302
311
319
350
337
322
323
317
339
301
315
311
336
315
305
333
310
309
314
313
308
320
327
330
343
322
319
359
309
334
331
334
321
359
362
335
309
343
320
333
330
315
313
346
350
325
344
306
317
296
331
301
329
347
322
305
335
349
305
328
343
328
333
316
346
349
320
296
347
326
359
300
326
352
334
353
331
355
348
326
319
319
326
348
348
338
339
378
333
352
329
333
338
343
327
329
365
357
364
320
350
324
334
357
369
333
355
337
328
352
336
358
361
319
335
337
342
343
331
314
340
338
294
354
311
364
322
339
344
326
361
350
344
347
359
337
347
325
330
328
311
324
310
316
331
324
326
330
330
326
320
309
373
311
307
318
303
339
333
316
336
318
300
338
355
309
313
355
291
317
270
327
319
281
298
278
338
325
305
284
306
283
317
283
307
299
285
285
301
282
269
268
298
267
295
305
279
293
289
297
282
293
286
271
271
320
259
281
278
280
264
254
283
265
288
272
252
281
262
302
285
296
255
311
291
273
249
240
247
270
293
268
267
252
227
238
249
274
245
255
239
273
265
232
281
247
269
273
262
266
265
241
268
275
243
232
252
257
242
254
260
240
239
235
249
238
242
226
250
248
262
237
211
239
251
256
244
238
234
228
235
241
243
249
242
238
248
270
254
230
261
228
239
240
246
241
244
236
258
237
226
243
244
248
245
227
271
237
262
254
231
242
227
250
238
226
244
246
221
269
252
244
219
206
258
239
262
235
220
254
229
217
210
220
201
253
239
218
237
239
226
232
222
232
229
234
252
239
227
236
253
210
249
229
254
239
223
233
229
234
249
244
238
240
240
220
198
215
245
236
254
217
236
232
246
225
227
219
224
230
226
238
215
213
201
238
253
237
216
212
233
239
219
212
222
237
267
207
237
257
248
226
247
246
229
228
216
206
230
215
224
220
205
207
246
255
205
210
228
260
242
246
238
224
226
221
226
243
210
201
217
229
225
203
214
240
239
251
203
215
222
225
239
228
209
217
213
241
204
243
210
227
228
192
207
234
221
244
210
201
218
203
229
224
251
207
204
242
220
208
234
227
209
187
232
201
200
206
228
214
195
236
232
220
216
236
221
212
223
218
219
225
221
225
196
228
214
271
226
222
218
210
218
224
220
246
251
225
229
202
199
200
208
194
229
203
229
205
225
210
231
186
237
193
211
191
221
214
214
185
215
206
228
204
213
226
216
220
211
219
226
214
205
217
204
206
198
215
211
206
197
226
209
216
237
213
213
191
214
205
238
225
233
221
210
196
198
221
203
222
222
200
196
200
228
228
208
199
200
188
215
190
205
201
229
210
210
198
186
197
202
224
239
197
225
188
217
225
217
203
219
186
199
217
226
218
253
201
232
206
223
205
234
247
198
194
200
207
205
216
213
213
227
202
206
208
217
205
208
233
227
214
238
228
230
237
237
208
211
215
221
242
224
208
211
211
205
205
211
204
196
227
205
206
208
234
215
209
208
220
217
213
160
227
195
208
207
181
209
197
234
199
216
219
190
204
195
196
171
222
209
216
196
187
188
201
199
203
176
195
185
186
206
187
201
194
187
193
209
210
224
198
187
178
206
206
190
207
194
194
171
187
180
202
194
187
212
182
174
176
195
188
191
202
192
191
189
190
195
185
211
196
208
199
174
189
194
182
171
187
205
198
180
188
160
173
182
186
178
192
184
188
200
181
185
164
206
210
175
170
184
195
164
192
188
193
172
172
166
182
159
183
161
162
183
203
179
178
187
174
166
179
154
158
170
181
197
166
164
161
190
150
180
163
166
165
165
172
184
196
169
180
173
168
164
182
160
190
190
173
177
199
162
165
163
154
180
181
182
191
184
187
168
163
190
167
166
173
183
184
197
166
153
179
178
181
202
155
167
174
168
177
168
188
164
182
171
199
181
176
176
170
185
182
205
204
169
165
169
185
198
182
202
208
175
162
184
188
178
169
196
189
193
190
186
180
194
171
197
177
181
175
188
184
199
200
186
182
208
193
182
200
181
204
199
186
213
189
191
206
196
177
207
176
189
189
188
223
192
154
185
167
215
192
199
211
218
185
193
177
180
195
207
196
211
205
215
208
185
207
201
182
205
180
201
219
213
222
175
209
219
220
224
199
225
239
212
195
208
216
237
225
200
201
216
226
209
207
217
228
219
218
235
222
207
242
189
225
226
217
244
227
252
209
226
217
232
212
184
218
242
214
224
231
216
241
211
251
252
242
236
218
245
252
229
290
219
259
258
241
228
252
249
256
247
243
247
245
239
238
280
268
269
234
253
246
238
238
232
255
239
251
258
260
253
235
237
253
254
312
247
231
269
261
240
275
279
252
261
280
252
275
289
241
262
313
256
284
239
267
242
253
230
272
279
297
250
241
270
223
247
247
269
278
253
275
275
251
265
255
275
259
232
234
298
276
304
268
268
276
253
242
249
262
242
284
265
312
282
254
269
268
293
261
267
242
276
256
266
245
276
277
245
262
282
270
259
271
247
266
249
275
289
244
266
278
260
254
262
284
268
257
259
269
271
270
262
249
253
272
295
273
229
264
267
286
267
257
246
286
271
227
229
269
288
252
253
294
285
230
243
281
258
243
238
233
255
233
245
236
257
268
265
223
247
236
250
256
238
224
223
219
228
216
260
249
253
271
247
272
207
250
227
224
202
211
234
214
233
230
219
208
206
224
205
208
198
206
218
227
193
205
247
213
234
229
205
219
217
203
215
210
231
214
208
225
198
175
188
189
186
215
209
208
170
211
187
205
201
188
206
217
183
199
206
201
191
180
193
171
206
200
205
186
156
188
197
166
191
184
157
197
184
178
191
183
155
175
163
182
170
173
171
182
175
165
176
127
149
161
177
156
167
172
179
169
155
147
163
142
140
173
160
163
167
166
135
156
122
161
136
132
155
138
159
129
138
146
136
128
131
141
140
134
122
126
138
143
164
135
131
120
158
149
124
157
162
119
123
138
118
167
134
137
111
105
143
118
127
106
134
128
121
108
117
136
127
124
135
140
121
121
134
105
109
136
135
118
124
124
122
113
104
108
116
104
123
134
127
104
119
117
125
107
119
115
113
116
127
101
109
112
101
115
125
130
114
122
135
111
95
114
108
139
112
100
132
107
126
120
124
111
111
132
110
100
108
100
110
123
118
101
114
112
108
117
98
130
102
132
110
94
118
136
100
122
125
120
107
124
113
118
123
100
114
113
120
101
119
117
116
102
118
121
104
100
114
119
110
93
106
115
112
108
111
111
121
101
107
110
117
101
114
131
107
104
118
101
111
116
103
127
130
84
109
119
112
106
100
111
114
93
92
114
109
83
105
100
116
112
103
109
98
108
102
114
121
113
118
94
114
98
101
107
127
112
121
90
116
99
89
104
114
119
112
83
106
97
98
104
111
104
100
101
110
118
124
95
105
103
102
108
111
108
103
117
103
96
92
91
105
87
104
96
98
87
102
97
106
94
94
111
96
106
122
121
128
95
95
118
94
106
85
91
98
85
108
87
91
92
96
88
101
107
108
90
121
98
94
99
90
84
96
84
92
99
116
105
70
101
96
78
90
88
104
93
94
101
88
95
104
100
94
93
100
98
100
100
105
94
103
95
106
96
93
97
97
98
101
97
99
86
86
101
105
105
93
72
102
99
84
94
84
100
102
93
99
97
80
114
97
91
103
98
78
90
90
101
89
98
94
86
89
91
105
100
107
109
109
88
102
79
110
91
98
103
109
108
96
100
103
79
104
96
99
74
104
96
116
95
88
108
106
88
102
102
95
92
96
102
87
92
91
98
97
99
99
86
90
84
115
87
94
95
94
102
90
90
105
72
99
101
105
112
99
102
91
118
108
95
109
110
97
81
105
97
93
104
102
104
100
107
113
108
95
103
98
103
102
105
95
116
95
103
90
88
95
123
106
101
102
113
115
95
115
99
101
99
78
106
84
91
115
94
98
100
107
98
102
92
92
114
108
97
95
101
85
100
98
97
102
82
98
111
101
98
90
106
101
102
104
89
92
105
107
128
97
91
100
104
109
92
97
103
81
124
100
97
109
100
104
120
96
114
105
92
114
93
107
83
113
101
86
108
107
102
114
103
114
101
83
112
94
99
103
92
106
119
92
95
103
114
99
112
94
105
82
110
102
89
90
101
94
104
108
88
122
99
87
101
99
81
85
104
93
107
88
99
95
105
97
105
107
93
80
106
86
91
111
91
84
89
110
97
103
102
111
96
96
105
111
92
92
94
89
104
103
89
100
100
100
116
110
102
71
84
88
85
104
103
102
84
114
87
105
103
100
100
99
92
103
91
95
102
101
97
112
88
96
107
85
83
97
103
92
88
90
89
86
87
112
85
97
97
106
89
94
92
92
105
104
95
103
103
82
100
86
96
91
122
105
106
93
99
103
88
94
90
105
91
88
100
93
106
82
103
89
103
94
101
99
85
109
90
93
84
110
98
86
102
110
87
113
75
93
113
96
84
100
111
97
84
86
104
108
92
86
100
77
103
105
98
91
105
88
99
117
99
96
95
107
90
99
97
114
100
94
106
92
94
97
116
97
111
93
89
95
100
107
100
78
83
79
102
101
91
111
109
84
101
89
97
96
83
90
93
99
100
107
85
101
113
89
97
91
87
80
86
102
105
108
94
91
87
96
103
74
94
102
87
100
72
103
93
97
109
96
65
93
87
94
76
83
94
101
81
88
97
82
106
101
95
92
89
93
101
101
87
79
70
90
81
91
97
88
80
81
78
98
80
89
87
89
80
74
73
103
94
90
96
99
79
92
79
76
94
102
87
95
82
86
93
79
80
74
92
75
87
97
91
86
85
74
87
74
85
80
72
83
98
90
82
81
108
88
88
88
73
99
81
75
72
74
91
96
90
86
80
90
78
66
66
64
80
80
79
78
79
77
94
84
90
80
87
92
82
82
74
76
91
83
101
81
85
84
83
78
85
77
93
75
65
73
85
76
66
81
65
83
79
82
85
75
65
73
71
79
75
78
82
84
66
75
79
68
67
86
93
76
73
86
82
65
85
78
91
76
70
63
73
72
78
79
62
84
86
82
88
65
93
67
79
81
72
66
83
83
77
68
66
66
85
70
74
86
70
78
83
86
89
85
75
57
86
82
82
86
75
73
75
70
66
51
71
67
66
73
69
75
86
90
61
82
94
66
79
71
70
71
72
75
76
80
87
72
65
73
69
83
91
69
69
82
60
90
66
87
62
74
85
88
70
81
70
77
69
70
69
88
91
68
87
80
74
86
76
85
78
77
83
71
65
77
73
82
88
83
73
73
83
83
72
75
78
85
83
95
82
78
64
71
77
64
87
91
64
76
71
60
78
81
73
83
75
65
82
78
63
79
101
80
75
75
66
86
62
67
78
68
73
71
74
66
67
85
81
64
70
83
65
84
81
72
78
68
70
68
81
62
80
80
78
98
72
74
75
79
81
57
73
74
76
64
65
80
69
77
79
68
63
79
79
87
89
70
63
81
75
78
78
59
65
87
59
84
71
73
79
58
84
79
62
74
79
65
70
72
92
67
101
85
70
74
69
67
53
61
67
62
70
79
74
72
78
68
70
72
66
72
56
89
63
67
83
68
82
91
65
71
83
69
62
81
72
73
82
80
70
71
72
81
79
81
70
75
84
72
77
79
65
77
76
86
84
81
85
80
76
77
72
69
77
66
78
75
78
81
78
63
59
78
83
89
88
81
82
88
86
71
66
79
74
94
68
74
77
83
77
92
80
71
65
72
71
81
77
79
83
81
108
67
88
84
63
82
69
66
66
85
80
85
84
81
95
83
89
79
75
76
73
82
89
85
70
89
73
91
81
89
79
87
82
101
85
84
75
66
89
76
83
90
86
88
101
92
91
84
86
81
84
81
86
81
98
103
86
78
82
84
96
82
93
70
89
91
104
86
85
101
94
79
89
90
80
77
97
87
96
79
89
98
98
101
92
91
81
95
97
98
97
81
87
98
80
91
105
101
78
90
105
80
89
97
78
94
100
88
71
103
101
84
107
100
98
90
90
84
77
107
98
98
80
96
87
93
103
104
94
111
92
115
106
85
86
107
121
97
109
93
103
80
108
86
90
90
91
89
89
90
83
108
99
113
90
85
85
88
107
86
85
101
96
100
92
107
97
88
87
98
81
93
95
94
102
78
93
104
92
98
58
96
108
95
80
93
108
103
85
84
73
98
87
93
78
94
91
83
103
85
103
83
85
100
85
102
100
88
100
95
76
91
96
86
82
87
103
81
81
87
103
78
89
70
88
81
77
102
74
89
96
82
88
109
91
94
86
100
102
107
92
90
99
90
83
92
85
75
80
108
101
74
90
95
80
92
92
112
96
86
90
94
109
82
101
65
94
72
95
77
85
93
105
94
91
86
87
88
90
120
65
71
80
93
89
71
107
91
90
89
91
82
83
90
81
70
83
81
90
91
81
84
82
67
95
94
80
76
95
81
93
76
88
76
76
79
78
107
88
74
81
74
89
86
94
92
89
91
91
95
81
86
87
85
95
84
85
63
76
96
85
79
94
84
81
77
79
72
73
74
78
85
87
72
77
80
75
62
82
68
106
86
89
78
91
78
70
98
64
85
71
90
71
86
100
89
84
94
78
74
97
67
76
78
75
68
76
82
80
85
78
75
75
73
88
90
77
74
86
67
77
94
68
74
82
88
68
79
81
89
87
65
66
79
79
70
81
89
83
73
70
75
69
75
74
74
59
64
87
82
80
75
72
81
78
78
70
84
60
82
74
70
75
74
88
84
69
82
92
66
62
80
76
87
68
72
76
67
80
89
80
95
66
72
95
71
68
85
66
74
86
61
87
73
80
58
74
85
71
70
73
63
73
84
77
67
72
82
73
57
58
75
64
76
60
52
70
60
63
69
68
64
90
72
66
76
59
77
71
77
78
65
64
70
66
61
61
84
57
75
61
54
67
70
65
59
69
62
77
61
63
62
74
67
53
79
54
55
41
67
60
70
75
54
59
44
70
66
58
54
54
52
66
66
57
64
62
73
49
69
53
55
45
51
56
53
62
72
69
54
73
70
61
60
64
61
65
59
58
60
67
58
62
63
60
58
53
60
49
54
56
70
60
50
57
66
55
67
57
61
56
48
67
46
49
51
59
43
62
48
47
59
63
57
51
53
62
50
72
49
41
58
58
57
55
61
62
45
46
55
57
48
47
43
57
46
46
39
46
39
57
48
51
55
54
45
50
40
48
46
42
49
59
57
38
41
44
59
54
45
42
49
41
42
48
31
50
51
47
49
45
45
50
47
51
57
39
50
38
51
46
46
44
39
61
43
34
41
53
50
42
42
54
52
35
50
38
52
47
38
42
39
51
45
42
43
45
42
54
56
53
43
45
45
37
46
35
40
34
38
31
42
55
38
49
35
61
51
41
53
41
53
47
44
43
42
41
43
53
52
39
49
50
38
43
50
38
26
34
57
39
42
37
34
44
36
46
49
43
50
40
36
59
39
42
38
58
52
44
43
38
47
48
52
45
46
36
43
32
32
42
33
44
47
40
44
48
40
42
32
51
44
49
47
43
47
44
42
43
35
51
42
43
34
27
47
41
32
43
44
51
38
39
39
34
53
44
35
38
36
39
50
39
46
42
46
48
40
50
55
47
57
35
34
38
37
29
38
47
29
47
42
44
50
54
43
42
48
44
41
40
44
46
39
43
47
43
45
39
46
34
38
45
42
48
36
51
55
46
57
42
46
41
38
43
56
38
37
45
45
35
44
55
40
45
51
40
42
35
50
39
46
45
45
39
52
33
45
40
42
27
47
31
45
38
34
30
40
47
38
47
43
44
44
40
54
36
43
42
44
24
40
43
49
42
52
55
45
43
37
41
50
43
55
41
38
39
46
56
40
50
46
42
44
41
47
49
44
47
50
46
35
55
39
43
53
51
45
42
39
24
48
45
41
53
40
40
58
49
43
40
43
42
45
36
35
52
46
59
48
44
37
39
40
42
43
56
51
43
55
40
58
47
45
57
57
55
41
46
63
49
44
53
44
49
44
62
57
41
48
40
56
49
62
52
55
39
62
44
49
58
60
49
50
45
55
52
44
47
59
47
58
46
56
46
42
47
55
46
53
64
53
50
52
45
53
37
56
53
52
49
47
43
55
55
44
63
54
63
43
56
40
47
44
53
44
45
49
62
59
47
49
62
49
53
52
47
51
60
51
43
58
58
50
61
62
64
50
43
56
53
60
55
69
51
62
51
44
65
48
52
46
49
46
55
61
59
65
54
66
64
60
59
55
45
46
62
57
56
54
56
50
59
62
63
57
61
59
57
49
57
61
73
48
45
64
66
66
46
62
72
57
54
53
52
58
53
55
54
62
55
53
65
51
60
53
49
58
62
62
60
50
52
58
51
62
59
62
56
75
66
69
74
56
74
59
53
56
67
50
68
47
53
53
52
80
62
64
59
59
61
58
57
73
58
65
57
53
55
61
73
52
44
60
62
54
61
64
57
71
44
62
62
71
61
50
60
53
49
40
56
67
62
63
63
63
52
49
64
58
67
44
59
61
56
65
57
63
46
68
56
63
58
43
52
64
60
68
43
74
73
67
52
58
50
55
48
57
53
60
57
61
56
56
71
66
72
62
62
74
52
62
64
53
57
57
73
59
59
57
55
47
75
52
69
54
65
53
57
45
43
67
61
73
69
64
70
57
61
66
72
51
53
51
53
62
63
57
58
62
65
58
53
61
49
46
54
40
50
41
53
47
39
54
51
53
45
45
35
57
55
57
64
54
54
49
43
57
57
41
48
52
62
48
62
49
47
60
50
43
44
55
45
57
51
44
44
38
44
45
58
48
59
43
63
37
51
37
61
52
45
52
55
58
53
42
49
48
45
58
43
54
53
54
48
49
41
36
35
52
35
56
47
43
49
41
61
63
40
44
44
49
38
45
49
45
57
52
44
40
39
34
42
57
44
54
45
53
52
39
52
42
40
41
37
48
38
43
45
30
38
38
48
53
46
39
34
35
50
48
47
30
36
45
47
38
40
56
38
47
42
36
44
40
53
35
36
37
51
45
50
40
46
33
41
29
44
43
33
41
37
39
39
45
32
41
36
39
31
37
30
40
40
32
43
49
43
47
34
37
37
42
37
28
30
48
48
51
37
36
32
35
25
42
50
38
44
44
38
33
37
38
43
43
23
38
27
40
30
24
40
39
47
43
44
38
47
28
37
39
39
42
44
33
47
45
26
46
35
46
41
47
38
35
37
41
33
42
40
38
39
27
42
32
37
40
31
36
31
39
41
33
29
35
42
53
35
38
29
41
22
41
37
42
36
37
35
34
32
35
37
26
40
41
30
37
29
36
40
31
28
33
36
43
39
31
36
30
31
36
50
42
36
36
47
38
36
43
33
38
35
42
42
27
25
45
32
30
39
25
51
25
30
37
35
33
40
25
33
38
49
37
27
32
34
28
41
48
38
34
35
34
46
31
44
50
44
33
30
30
47
40
36
40
40
29
36
31
31
38
38
45
30
27
49
28
36
32
41
41
33
40
36
31
42
37
39
36
38
36
37
25
40
27
34
33
38
30
36
46
43
32
39
38
36
35
37
49
35
35
37
39
36
47
40
33
47
42
35
38
35
34
34
26
36
35
36
38
23
32
32
37
41
42
51
34
30
47
48
35
35
44
32
37
43
36
37
31
30
40
37
45
43
28
34
30
31
26
24
41
31
49
26
47
37
38
35
32
40
27
30
37
38
30
30
42
24
33
41
53
40
49
39
35
36
37
42
36
42
40
33
35
34
36
31
45
31
42
35
27
23
31
37
41
40
34
30
42
38
32
33
41
34
38
25
31
39
39
50
49
38
33
31
29
31
29
34
52
43
39
47
40
38
35
43
39
41
35
41
39
35
38
42
36
43
31
40
38
29
30
40
46
36
41
44
32
35
38
37
36
43
40
28
29
29
27
40
33
28
43
27
46
45
29
44
39
26
37
43
33
46
34
26
42
39
31
31
34
43
33
36
31
37
34
45
34
35
28
30
32
37
29
35
41
34
34
41
33
35
37
36
38
41
33
35
33
27
38
33
32
41
33
39
43
39
35
39
40
31
33
42
36
31
41
32
33
41
31
38
29
36
30
37
28
39
33
35
29
25
36
34
31
35
34
40
37
30
36
39
49
35
30
27
42
30
43
32
36
30
34
36
25
34
28
32
26
48
33
28
22
32
33
27
29
40
34
39
40
31
25
28
22
30
40
30
35
28
35
42
34
33
23
26
36
32
25
29
32
27
34
36
33
37
34
32
37
39
36
24
35
37
25
36
31
38
33
26
33
22
30
31
35
31
35
31
26
36
26
32
29
28
36
33
35
29
33
16
32
31
32
32
34
39
36
29
32
31
20
30
27
21
24
29
23
26
33
21
39
32
26
34
28
29
35
22
35
20
27
17
26
27
33
24
30
28
21
23
22
40
30
23
24
26
33
27
32
19
35
29
23
25
18
31
29
20
24
28
22
32
19
24
33
43
22
29
25
35
27
27
27
20
32
22
26
22
26
23
31
25
22
32
32
30
25
26
31
20
21
19
25
32
30
30
33
24
29
26
19
28
28
24
28
26
20
30
23
30
24
29
24
20
21
25
14
24
24
32
32
24
28
20
21
29
16
32
18
33
28
28
22
25
29
23
24
20
23
28
23
20
36
29
17
24
20
25
28
32
31
22
29
33
22
24
27
18
26
26
26
26
32
33
29
28
18
28
26
26
27
29
31
25
33
22
24
34
17
27
22
26
26
23
27
22
25
22
24
26
23
31
27
23
27
23
25
23
22
30
24
22
34
31
30
35
20
20
23
9
24
21
19
33
27
23
25
22
17
19
29
24
26
22
18
18
23
18
22
25
23
30
22
29
28
21
26
27
24
21
27
27
28
25
19
29
30
13
37
23
21
16
14
20
16
25
28
21
30
29
22
28
23
26
24
27
24
31
26
31
27
18
32
29
22
36
22
30
30
23
26
42
19
25
28
36
16
20
23
30
26
20
23
25
26
22
25
26
28
30
35
18
15
22
36
23
24
26
23
34
27
27
25
30
30
25
30
33
33
24
19
24
22
26
22
18
25
26
25
29
23
28
29
30
27
25
33
34
40
28
28
33
29
36
25
27
19
19
34
26
37
26
31
25
23
23
28
24
23
33
29
37
27
27
23
30
27
28
20
32
17
34
32
22
26
41
35
31
25
28
25
32
28
25
27
23
19
33
26
28
31
35
24
22
35
33
33
34
38
30
28
31
31
33
27
30
27
28
25
30
20
31
32
36
22
40
27
30
24
19
33
31
23
35
21
20
29
37
31
23
29
38
31
28
30
34
24
39
28
20
22
25
25
35
24
28
31
28
37
34
17
28
32
30
27
36
35
41
29
32
32
25
20
46
41
34
42
29
18
32
34
25
31
26
34
29
29
27
31
38
36
29
28
29
34
30
26
36
19
35
35
33
30
25
36
25
34
32
29
27
37
44
36
32
23
34
31
30
29
24
41
30
33
31
31
29
30
32
37
31
29
22
21
30
32
39
35
26
44
23
28
28
29
29
32
29
27
29
29
36
23
36
33
35
31
30
18
41
31
34
41
33
33
33
39
36
36
24
38
31
24
37
39
24
34
34
30
30
25
33
27
33
33
27
23
32
39
35
38
37
30
27
31
36
24
36
29
28
25
32
32
40
31
32
29
39
40
37
30
44
51
37
35
38
31
33
46
36
34
26
28
34
29
25
34
35
36
25
25
38
48
39
36
44
31
43
38
38
36
43
42
35
34
43
26
24
46
38
33
40
43
53
35
26
32
44
46
42
35
32
31
41
41
34
43
36
44
39
38
50
33
38
40
32
37
41
36
44
43
42
38
46
38
48
44
43
32
30
36
34
58
42
38
39
44
41
43
55
35
31
43
44
46
35
48
42
51
57
41
33
42
37
52
37
51
50
48
36
42
35
30
37
39
38
43
47
49
48
36
48
48
38
41
50
33
45
38
48
48
46
48
41
43
50
34
34
48
55
45
40
48
54
47
50
44
50
60
44
43
47
39
42
42
45
64
54
52
44
29
61
43
49
41
41
52
50
43
64
40
53
46
39
51
55
45
52
48
61
54
38
56
34
56
49
41
45
52
53
53
67
42
44
55
45
37
57
56
60
51
65
71
56
42
57
36
60
39
48
58
57
59
53
41
55
45
53
61
60
57
53
49
51
54
57
58
61
65
60
48
61
53
54
64
46
60
60
54
61
66
60
45
65
63
46
72
53
71
53
68
70
48
57
54
54
52
65
57
55
45
65
72
57
57
61
55
60
51
57
62
62
51
42
59
77
52
52
51
59
53
54
67
64
70
62
54
71
63
60
61
57
63
65
66
51
55
67
55
71
46
66
76
65
59
62
59
61
52
68
62
59
54
62
72
67
54
60
47
55
56
54
50
67
60
45
67
65
53
71
55
47
50
65
61
54
66
52
48
62
56
63
53
51
58
58
69
53
57
63
61
56
59
60
66
53
51
51
70
53
56
63
51
52
41
56
63
59
45
57
51
50
54
60
53
57
58
42
69
54
40
56
57
52
60
37
44
62
49
55
55
54
45
45
59
54
52
41
45
39
43
49
36
36
43
58
59
44
47
53
59
55
50
48
44
49
57
56
53
48
56
45
56
39
56
38
48
56
42
46
49
43
48
54
37
38
48
37
48
45
51
46
48
46
41
52
52
60
48
35
51
51
43
50
30
37
38
47
41
43
33
45
46
31
36
30
35
41
35
39
48
28
39
41
36
35
47
33
32
52
34
49
33
53
34
36
30
41
45
40
27
29
27
24
28
30
30
39
27
37
33
33
33
28
40
34
31
39
30
44
28
37
34
28
27
27
32
25
29
21
30
36
37
33
29
30
32
32
32
33
41
26
28
37
30
26
27
22
40
35
29
32
20
31
30
35
33
31
27
35
30
36
42
26
28
32
42
32
18
33
29
21
29
29
20
22
26
24
25
18
27
27
31
20
26
27
21
22
34
30
24
25
38
28
30
20
30
28
35
24
24
26
27
25
25
28
23
21
26
17
24
29
21
24
16
37
23
25
22
27
36
30
23
25
33
22
23
26
24
18
18
20
23
16
28
23
21
14
12
18
23
20
19
27
26
21
19
27
31
26
29
13
14
27
23
24
23
28
20
24
25
22
22
18
19
21
18
27
21
20
23
24
21
22
19
22
17
17
21
20
27
11
21
21
21
14
23
26
23
19
22
18
22
18
21
21
12
17
20
16
18
21
21
16
13
15
14
21
18
18
13
23
18
15
21
15
22
15
26
23
21
20
22
22
18
21
22
21
20
18
10
12
16
21
22
14
22
54
87
76
98
79
79
66
82
72
85
89
59
86
90
64
65
68
69
80
69
80
79
77
80
64
60
69
79
70
76
66
74
62
85
67
84
64
72
72
72
64
65
54
83
59
68
65
60
63
76
73
71
63
54
57
82
67
56
73
68
63
69
63
61
64
69
63
66
72
71
74
69
72
62
59
57
57
50
75
57
58
61
64
50
63
59
55
56
49
55
53
62
55
43
60
60
49
61
52
65
48
61
63
60
49
57
51
50
52
50
75
43
54
49
55
50
53
65
67
49
53
68
66
66
39
49
63
49
45
55
34
50
51
41
46
40
44
46
46
49
47
45
55
56
51
53
53
54
48
48
54
62
43
47
54
42
54
41
42
53
48
44
44
29
35
51
47
35
35
45
45
50
41
29
53
38
46
35
46
42
39
49
48
43
26
