# Filename : TXT_Files/Acq14400sec_012.Chn
# MCA detector ID: 1
# Start time : b'00':b'00':b'50'
# Start date : b'01Oct221'
# No channels : 8192
# Live time : 716333
# Real time : 720000
# En cal factors A + B*x + C*x*x
# A : 0.0
# B : 1.0
# C : 0.00
0
0
0
0
0
0
0
0
0
0
0
0
0
0
0
0
0
0
0
0
0
0
0
0
0
0
0
0
0
0
0
1
1
0
0
4
8
79
211
346
373
409
411
429
420
412
436
446
431
415
449
459
436
470
515
459
443
453
441
445
443
444
484
466
494
477
497
490
518
480
533
495
463
498
481
452
505
507
509
453
479
531
529
546
539
539
545
508
508
543
538
517
522
577
566
628
543
539
551
595
635
646
559
619
606
659
643
684
637
673
617
674
717
638
678
710
706
748
720
699
693
801
741
756
720
752
702
733
751
770
795
805
812
805
802
859
730
823
783
788
825
825
798
796
818
818
813
860
869
828
790
773
815
754
810
799
751
822
792
783
786
758
748
816
782
754
775
814
790
762
712
750
831
759
770
787
822
766
775
774
810
793
790
823
784
781
846
782
826
857
924
794
859
830
849
913
855
933
934
932
926
914
935
974
969
953
968
992
931
1016
989
969
1052
1032
1074
1012
1027
1016
1086
1075
1064
1077
1123
1111
1137
1103
1042
1118
1145
1163
1136
1163
1187
1141
1194
1267
1220
1272
1276
1251
1245
1227
1238
1226
1224
1257
1281
1314
1386
1328
1431
1297
1336
1333
1341
1407
1442
1400
1410
1434
1414
1471
1480
1457
1512
1478
1542
1531
1539
1537
1526
1639
1606
1664
1612
1674
1705
1707
1704
1701
1761
1711
1780
1784
1798
1849
1821
1788
1880
1874
1875
1859
1953
1822
1842
1847
1902
1974
2021
2058
1998
2084
2000
2093
2004
2090
2065
2066
2084
2198
2084
2184
2301
2224
2247
2301
2209
2222
2260
2301
2356
2369
2273
2314
2246
2302
2370
2379
2387
2514
2363
2463
2550
2542
2456
2435
2514
2509
2472
2561
2549
2486
2612
2513
2661
2554
2671
2620
2719
2744
2697
2547
2689
2712
2797
2751
2821
2816
2918
2843
2811
2900
2950
2823
2865
2996
2856
2934
2941
3063
3082
2988
3064
3079
3062
3101
3075
3146
3197
3174
3213
3179
3160
3293
3196
3273
3294
3173
3324
3269
3380
3326
3310
3386
3359
3377
3251
3331
3274
3338
3381
3393
3306
3284
3417
3312
3307
3212
3298
3288
3326
3276
3378
3372
3250
3214
3320
3212
3246
3247
3185
3206
3244
3171
3224
3261
3193
3281
3162
3138
3133
3169
3159
3222
3292
3196
3071
3192
3151
3175
3246
3062
3167
3121
3169
3227
3293
3227
3211
3237
3205
3213
3004
3194
3234
3207
3222
3139
3094
3232
3186
3187
3311
3314
3207
3188
3292
3312
3221
3194
3355
3239
3216
3299
3159
3163
3218
3125
3300
3239
3141
3134
3284
3221
3202
3157
3137
3235
3201
3096
3128
3204
3155
3086
3036
3134
3117
3056
3027
3096
3130
3120
3144
3203
3164
3118
3138
3181
3025
3014
2931
3021
3071
3116
3074
3050
3006
2934
3030
2965
2966
3002
3007
2976
2992
2915
3045
3002
2996
2968
3094
3023
3054
2974
2976
2980
2951
2961
2921
2992
2834
2996
2952
2972
2870
3041
2945
2995
2921
2987
3019
3000
2974
2835
3077
2954
2964
2909
2971
2952
2957
2947
2948
2912
2827
2926
2912
2936
2777
2847
2931
2888
2873
2885
2855
2927
2888
2846
2874
2935
2953
2874
2816
2789
2837
2797
2814
2941
2854
2860
2831
2751
2803
2836
2873
2910
2843
2851
2871
2812
2830
2830
2820
2785
2832
2899
2768
2710
2829
2786
2837
2736
2773
2740
2834
2868
2806
2726
2840
2742
2701
2740
2728
2762
2680
2713
2643
2718
2653
2736
2674
2696
2690
2717
2629
2748
2711
2598
2721
2709
2625
2652
2643
2710
2738
2612
2743
2621
2690
2633
2665
2655
2672
2650
2577
2604
2568
2613
2636
2615
2674
2614
2681
2701
2701
2571
2603
2616
2633
2610
2509
2643
2604
2632
2524
2533
2638
2637
2573
2570
2549
2488
2509
2469
2569
2516
2615
2477
2602
2490
2545
2521
2504
2524
2475
2538
2549
2567
2468
2450
2531
2446
2469
2434
2478
2479
2392
2522
2442
2492
2524
2492
2438
2443
2467
2412
2431
2368
2319
2403
2461
2409
2351
2384
2348
2431
2434
2371
2380
2337
2390
2336
2417
2355
2278
2309
2282
2270
2362
2257
2424
2446
2280
2283
2230
2322
2330
2237
2218
2275
2277
2331
2386
2292
2310
2276
2277
2275
2254
2295
2294
2268
2317
2285
2336
2304
2231
2206
2223
2264
2266
2129
2283
2173
2225
2102
2223
2228
2243
2251
2186
2145
2287
2182
2206
2211
2143
2159
2195
2140
2186
2191
2142
2172
2109
2211
2083
2145
2175
2118
2106
2063
2099
2113
2124
2230
2094
2123
2086
2142
2169
2123
2112
2099
2132
2048
2116
2065
2054
2064
2071
2016
2133
2081
2037
2051
2088
2060
2014
2025
2112
1965
2065
1870
2082
2079
1937
2033
1972
2096
2000
2000
1981
1969
1981
2005
1987
1949
1981
2000
1987
1893
1943
1909
1935
1960
1921
2007
1952
1919
1924
1896
1930
1888
1939
1950
1925
1919
1853
1975
1943
1880
1931
1950
1893
1906
1911
1838
1903
1911
1883
1858
1893
1887
1913
1810
1834
1842
1815
1855
1828
1809
1952
1783
1798
1892
1857
1866
1815
1833
1766
1788
1836
1897
1794
1767
1786
1805
1726
1779
1796
1827
1800
1806
1717
1783
1793
1708
1745
1770
1725
1728
1731
1777
1760
1758
1745
1739
1761
1752
1772
1778
1729
1669
1710
1694
1810
1692
1734
1757
1702
1710
1715
1677
1665
1733
1722
1708
1735
1722
1585
1730
1712
1665
1693
1713
1617
1647
1659
1662
1664
1781
1692
1706
1737
1614
1717
1643
1677
1677
1672
1683
1724
1729
1664
1698
1640
1666
1599
1679
1658
1633
1667
1652
1640
1662
1662
1563
1656
1633
1635
1626
1628
1608
1644
1620
1542
1587
1634
1605
1632
1644
1575
1582
1590
1641
1557
1585
1627
1577
1595
1555
1635
1617
1564
1475
1601
1478
1565
1489
1541
1603
1570
1540
1507
1545
1539
1466
1523
1524
1532
1524
1504
1515
1537
1511
1510
1577
1490
1477
1402
1454
1481
1513
1492
1519
1525
1495
1468
1427
1460
1530
1496
1455
1476
1431
1445
1482
1395
1376
1416
1412
1489
1383
1385
1449
1461
1418
1412
1392
1436
1442
1415
1309
1393
1416
1438
1373
1387
1394
1424
1404
1315
1392
1448
1342
1310
1388
1322
1418
1385
1390
1383
1397
1355
1315
1330
1356
1406
1413
1385
1432
1344
1349
1329
1365
1357
1360
1327
1273
1358
1347
1375
1387
1348
1303
1309
1394
1259
1403
1324
1301
1319
1313
1308
1330
1258
1358
1289
1298
1341
1301
1326
1265
1261
1321
1226
1336
1234
1257
1278
1341
1330
1289
1214
1257
1262
1299
1276
1280
1260
1228
1231
1326
1254
1255
1261
1307
1276
1243
1284
1198
1243
1266
1252
1251
1231
1251
1253
1315
1244
1246
1261
1242
1224
1250
1203
1256
1206
1216
1217
1214
1211
1209
1190
1216
1252
1251
1192
1267
1196
1227
1240
1250
1206
1217
1245
1186
1216
1305
1250
1203
1220
1283
1195
1246
1267
1235
1216
1311
1209
1257
1293
1276
1238
1285
1305
1216
1316
1318
1233
1283
1298
1304
1257
1264
1248
1284
1290
1283
1282
1215
1319
1335
1262
1303
1253
1263
1330
1300
1242
1269
1332
1274
1278
1301
1272
1324
1255
1282
1353
1267
1309
1344
1290
1229
1295
1266
1333
1290
1287
1273
1280
1282
1285
1264
1223
1266
1245
1339
1265
1264
1279
1301
1262
1333
1276
1263
1218
1242
1322
1203
1299
1266
1209
1170
1296
1200
1253
1181
1217
1235
1213
1157
1232
1142
1150
1145
1148
1172
1145
1121
1206
1167
1139
1151
1184
1093
1130
1174
1102
1155
1063
1127
1128
1074
1086
1087
1135
1055
1080
1078
1024
1039
1105
1051
1102
1072
1046
993
1036
1072
1079
984
1023
1042
993
973
1013
1003
981
1001
1011
914
944
981
973
913
962
954
951
919
977
927
947
896
921
924
971
883
944
898
921
849
886
920
857
856
856
857
825
924
882
848
830
807
862
818
844
850
832
834
800
829
866
835
840
855
856
829
812
841
835
886
823
776
829
810
819
740
848
803
854
780
827
829
793
844
784
833
748
804
736
783
808
753
795
773
767
804
718
766
772
791
802
796
763
817
818
782
827
829
771
773
792
788
797
732
814
758
761
789
729
801
740
760
740
759
790
758
744
739
747
749
782
781
757
753
758
771
735
794
748
767
769
767
786
731
802
768
764
769
751
716
713
742
735
749
748
715
719
730
741
741
746
745
728
755
718
741
728
714
753
762
722
743
701
748
753
691
766
728
759
729
740
780
749
707
758
763
720
753
721
801
732
698
740
729
723
719
759
776
713
783
762
744
747
782
764
739
641
731
762
706
740
706
745
755
785
747
748
721
698
750
699
748
734
698
714
722
751
718
670
716
702
738
720
738
679
736
728
692
688
688
754
722
707
749
719
712
744
713
750
744
684
697
717
734
664
724
688
686
686
724
742
689
682
730
699
695
664
700
674
689
676
674
649
671
635
705
657
655
637
640
648
663
650
676
624
654
676
623
640
646
611
638
589
684
644
637
680
609
626
627
643
663
630
624
586
618
615
617
643
620
614
593
591
609
642
630
597
618
603
574
570
644
586
627
586
591
644
569
615
587
586
571
591
545
580
541
548
556
566
537
582
552
552
565
540
544
547
540
565
559
556
562
557
615
555
569
507
551
563
559
576
520
512
501
579
553
594
522
537
553
529
561
552
498
560
518
519
556
564
535
530
516
493
556
537
558
559
547
549
526
540
506
523
497
540
531
501
549
507
513
543
509
558
547
566
503
523
548
516
550
553
542
577
504
537
527
509
525
511
536
558
549
554
549
501
545
551
543
537
562
564
554
539
534
560
540
537
504
560
557
539
510
550
537
555
574
538
551
537
543
565
519
547
549
542
562
582
543
557
532
535
545
537
589
546
538
544
582
552
528
541
573
576
558
538
545
560
608
593
584
544
544
539
588
574
548
563
573
573
594
586
533
571
573
597
566
572
597
601
593
576
579
573
587
577
560
563
590
603
566
531
526
629
587
577
588
573
614
590
601
582
588
555
633
594
562
607
579
572
538
558
558
597
550
558
591
581
524
546
567
598
555
561
590
570
529
565
571
592
578
606
556
537
581
578
501
568
571
573
559
581
550
602
525
570
540
556
528
577
534
547
553
568
529
530
538
541
529
543
517
529
510
505
499
501
530
510
554
493
514
497
517
520
494
486
482
475
464
466
456
475
507
515
511
472
452
494
505
485
465
462
497
421
451
447
451
444
424
481
450
447
486
472
412
414
447
452
399
471
444
436
437
448
417
405
463
402
378
403
392
393
401
421
422
415
428
428
448
368
398
410
427
411
413
378
378
375
378
340
365
356
346
340
371
379
346
395
368
366
356
379
374
326
384
374
357
365
369
309
347
336
383
360
364
370
373
320
325
349
389
360
344
341
356
324
335
317
328
349
310
326
359
327
320
323
332
328
331
324
346
350
308
338
329
301
350
331
352
313
316
336
307
346
340
339
317
309
308
330
372
374
308
355
329
363
364
344
344
329
301
342
376
354
355
359
355
350
350
320
371
332
361
353
368
322
342
342
346
358
336
353
342
355
350
356
367
356
369
356
353
321
353
346
398
356
338
333
385
432
389
348
386
383
373
391
347
381
397
443
386
384
412
416
402
403
405
372
391
376
418
391
383
383
415
431
383
401
378
451
421
414
378
402
399
397
415
392
406
424
392
411
407
422
420
412
417
446
414
434
387
424
414
407
429
418
419
387
433
454
404
436
465
407
445
460
433
453
467
409
424
459
434
437
459
415
416
473
461
461
421
443
449
441
478
447
446
455
434
464
440
450
442
417
482
447
445
409
457
423
438
430
460
452
432
454
475
439
466
453
460
463
464
447
440
465
452
466
429
440
468
398
435
463
467
448
406
412
446
383
455
440
485
412
444
453
439
437
405
400
406
415
415
416
388
419
453
424
403
442
396
394
398
387
422
399
402
407
401
379
396
382
403
408
365
396
357
385
400
350
369
339
391
359
362
353
377
348
342
345
367
366
385
382
363
339
328
318
349
331
311
349
330
358
304
336
329
294
314
316
296
355
320
298
306
292
318
323
292
298
302
324
313
309
283
297
303
283
268
273
280
305
277
303
265
286
280
263
277
265
302
272
262
291
275
267
270
250
276
294
269
262
309
267
258
245
295
242
267
272
235
251
233
273
250
257
237
245
254
271
243
245
239
274
246
255
253
251
268
269
270
243
268
252
264
237
215
254
251
232
234
264
246
246
223
235
238
244
221
247
224
214
224
205
239
214
245
238
238
239
249
243
230
227
238
252
254
227
240
232
239
220
227
242
212
245
212
216
216
234
212
263
218
280
212
227
222
213
248
221
247
244
184
239
251
227
246
230
238
242
242
226
236
247
217
258
213
198
205
244
212
220
238
221
217
212
211
245
195
238
235
235
216
255
229
231
202
223
220
227
240
220
243
232
238
234
232
238
221
213
236
218
230
230
223
234
245
221
227
195
254
195
192
207
235
222
223
239
227
208
228
255
229
218
235
210
222
227
227
229
217
223
214
229
214
220
220
245
241
227
209
211
204
230
229
217
219
212
205
218
227
212
197
209
241
207
212
238
182
188
228
192
228
233
215
192
214
214
224
222
204
222
242
230
227
228
226
236
232
212
236
199
215
216
236
218
217
219
207
220
183
214
247
234
201
228
239
226
218
213
205
214
212
240
224
199
239
216
233
236
232
219
201
225
220
224
222
197
218
245
195
230
231
227
212
221
208
224
261
205
200
217
211
207
193
199
207
213
219
209
233
238
212
220
219
203
194
201
188
224
220
217
225
208
204
227
208
201
233
215
205
225
211
212
211
213
221
207
231
218
221
217
211
205
219
220
215
207
218
191
232
211
192
214
211
214
191
236
215
216
215
190
205
188
213
205
213
240
192
190
205
189
218
225
222
208
194
202
210
210
193
245
230
221
213
223
236
216
249
201
204
236
231
212
232
220
221
224
216
231
235
199
214
183
201
196
194
212
213
227
198
248
204
210
215
211
223
181
235
219
192
232
228
227
215
210
215
211
236
208
200
199
226
229
220
202
213
188
216
222
211
199
210
228
202
201
199
234
191
191
231
219
213
212
196
185
207
204
202
223
210
176
223
167
198
202
215
222
173
189
223
189
211
198
200
208
195
214
227
204
179
197
184
190
194
185
185
205
199
186
186
197
228
181
184
203
177
177
185
189
201
202
229
207
168
179
180
214
194
184
177
190
192
178
189
207
172
176
181
182
179
180
176
180
164
209
176
182
184
193
202
172
177
177
185
178
172
183
175
202
161
183
171
176
185
193
181
178
195
206
184
191
190
186
178
211
172
195
163
203
162
180
180
161
181
169
144
163
186
195
173
160
188
218
199
202
192
171
184
176
188
147
206
175
179
196
170
176
179
149
169
161
171
170
174
161
160
186
167
158
191
185
167
207
157
162
202
166
171
156
157
181
174
177
169
166
184
199
201
177
170
164
183
164
174
159
187
163
174
195
172
201
179
187
175
164
203
176
181
190
172
157
187
196
190
180
180
184
204
205
173
210
158
196
192
188
176
178
174
182
201
172
192
185
162
192
195
197
164
197
161
181
196
197
204
183
189
221
188
211
218
192
215
199
187
211
194
174
215
210
190
209
191
236
182
218
208
192
213
208
204
210
210
195
207
206
185
222
212
200
211
199
224
204
186
201
209
194
228
225
180
216
219
224
233
206
193
235
226
211
242
222
204
247
229
236
195
211
228
232
231
212
233
235
222
224
242
251
212
242
240
217
235
204
213
233
235
244
221
242
231
239
230
224
217
220
237
229
239
246
239
228
211
255
256
280
253
240
243
220
256
225
229
224
260
224
268
252
282
236
255
222
249
237
238
230
264
215
241
286
250
223
269
241
288
235
275
233
245
246
264
246
235
249
250
253
259
305
267
263
249
259
259
254
246
265
265
232
302
258
268
273
253
258
239
251
238
255
252
243
234
248
252
262
247
264
279
280
248
277
301
259
251
248
270
266
289
262
256
289
278
285
263
279
257
282
265
282
269
289
297
295
242
271
254
271
278
269
254
263
281
261
246
266
245
291
274
262
279
270
266
240
236
258
235
253
281
262
244
276
262
270
269
273
242
252
300
253
253
239
275
271
276
269
240
237
294
257
252
263
244
252
263
240
263
243
248
234
267
281
246
255
208
247
275
241
257
248
236
246
260
232
233
237
230
218
245
250
256
264
203
245
236
239
248
221
256
210
231
240
224
219
243
218
256
231
237
215
228
220
250
227
218
242
213
219
228
194
242
237
226
234
222
213
232
215
208
210
218
211
213
203
226
198
192
216
203
204
208
204
199
199
177
193
227
203
203
222
185
184
182
184
198
182
193
183
198
192
198
183
173
180
186
171
187
174
190
159
179
175
185
157
176
163
175
159
177
169
166
136
178
156
168
153
161
142
166
137
142
165
147
138
171
137
163
142
135
150
153
156
158
141
155
123
134
151
148
150
161
129
130
138
160
127
135
140
138
158
142
125
127
157
135
125
140
122
155
128
136
132
141
132
135
131
147
150
133
110
138
146
116
123
133
120
123
136
122
130
123
121
114
147
117
151
127
127
111
151
135
122
112
137
137
121
122
115
126
91
126
97
120
109
128
124
117
123
109
121
122
124
98
111
129
134
119
130
115
126
129
140
118
111
97
117
110
116
119
110
110
122
130
113
114
106
102
111
110
130
108
121
109
136
111
109
110
120
110
115
112
119
131
105
116
112
117
110
99
118
111
128
85
113
122
116
114
105
109
122
106
98
125
86
109
105
102
99
114
116
133
118
119
99
112
103
118
123
111
104
108
104
111
103
100
96
107
114
109
124
119
109
117
115
104
112
112
97
104
111
103
107
99
136
83
127
111
135
92
96
114
112
104
98
96
105
83
117
102
131
104
114
104
90
115
83
105
105
93
113
100
97
108
127
124
112
109
113
100
108
102
89
107
99
90
117
107
96
100
128
105
95
96
100
111
118
98
99
97
98
102
103
95
88
75
95
103
124
98
99
112
99
86
99
107
86
103
100
96
97
115
85
94
107
107
94
103
103
106
89
113
120
107
103
102
108
126
85
89
83
110
84
89
94
121
110
80
76
108
102
107
96
89
108
100
88
103
98
100
92
92
112
82
95
96
99
105
93
86
120
99
75
106
105
91
97
103
104
91
87
89
103
102
89
102
91
102
94
98
95
88
89
97
82
108
98
127
93
86
106
98
101
88
92
94
89
101
85
110
102
93
89
92
79
93
109
101
77
104
92
102
96
88
103
102
93
79
89
106
91
85
92
90
79
94
104
100
91
102
95
103
93
91
81
94
99
99
85
107
105
102
94
113
105
97
93
106
89
100
90
87
81
104
103
98
96
85
99
113
100
97
89
82
97
102
89
109
96
111
111
100
99
75
98
113
95
105
92
105
118
106
86
99
123
97
101
117
97
86
99
81
100
94
106
86
110
101
103
87
113
97
111
107
98
93
98
106
116
107
108
107
93
105
105
97
92
105
101
112
86
103
96
104
116
113
90
88
105
102
113
98
99
85
100
92
89
99
102
112
92
106
109
104
106
94
83
87
109
77
120
102
89
81
105
104
92
92
96
101
92
101
105
93
87
115
119
106
87
105
109
128
94
90
105
86
106
97
85
106
93
93
108
103
106
99
103
122
101
102
80
105
103
92
89
112
87
111
104
91
102
94
91
109
85
94
105
109
113
90
91
99
78
98
78
94
96
94
101
86
79
108
91
92
103
94
101
108
106
108
105
92
106
105
94
84
95
111
115
82
91
91
109
101
110
104
85
83
96
109
107
94
114
90
95
97
94
99
95
102
109
104
102
100
97
74
101
92
101
85
105
96
95
111
91
94
69
109
89
92
91
97
89
105
103
108
83
101
100
109
102
96
92
106
86
88
112
77
110
106
94
112
105
97
110
103
99
91
99
101
94
93
115
103
101
96
100
98
103
97
114
97
102
97
111
99
104
97
94
106
105
98
89
87
84
84
104
100
96
111
98
90
85
99
106
96
105
87
92
114
104
78
104
86
104
109
83
92
93
103
104
105
92
103
91
78
85
90
98
105
111
91
97
95
98
94
84
92
103
91
105
96
103
99
92
103
112
103
111
111
102
106
97
87
95
85
106
89
92
95
92
93
90
78
86
98
90
104
81
97
95
91
88
89
87
100
93
90
100
97
78
73
75
88
99
93
95
83
96
97
90
96
78
86
110
93
94
100
87
86
104
81
98
106
89
79
97
87
74
96
102
85
96
100
86
83
81
82
102
91
86
85
89
85
99
76
85
91
75
84
77
90
99
78
101
97
74
98
84
86
97
85
84
79
90
84
85
94
85
80
92
81
85
76
77
87
91
81
87
63
91
71
71
68
84
96
81
86
92
93
85
89
84
101
90
81
91
88
81
82
89
71
78
83
75
91
84
83
68
85
76
77
82
91
86
72
110
70
73
92
83
105
69
75
85
88
73
84
84
76
68
67
79
83
104
66
66
79
96
86
80
107
98
93
88
78
79
81
87
89
65
77
74
67
72
87
71
77
90
92
89
76
78
88
73
61
76
83
61
80
77
84
78
83
80
84
96
85
93
69
85
64
71
81
77
74
72
87
96
73
92
87
75
73
85
77
74
73
96
78
59
76
69
81
70
84
74
95
78
83
92
81
67
60
70
85
90
82
65
73
91
65
80
86
89
67
86
60
76
77
84
77
85
71
61
72
59
79
75
70
86
68
70
71
100
69
73
80
61
65
56
98
78
77
67
73
78
82
84
88
83
71
71
70
75
79
78
71
61
79
86
81
68
72
65
79
71
59
96
61
81
69
52
71
69
77
67
76
73
90
67
64
60
74
70
81
81
73
64
66
66
85
75
80
66
76
73
87
72
74
79
78
79
70
66
90
75
64
78
76
67
73
66
62
70
71
62
65
63
60
72
88
62
77
77
70
74
84
82
78
76
58
87
76
78
79
78
90
83
72
81
61
88
87
76
68
60
89
71
74
65
71
79
73
73
84
71
76
69
54
77
77
78
91
77
74
69
90
80
64
62
81
79
65
64
72
69
72
79
69
62
76
73
78
90
68
67
63
80
69
62
61
73
70
75
83
72
68
78
76
54
67
90
76
81
76
69
68
56
78
52
64
80
72
66
80
79
75
72
67
81
75
92
73
67
83
80
68
74
76
74
70
68
69
75
71
72
71
64
70
72
78
73
77
79
79
73
85
61
86
82
70
69
74
76
78
86
77
65
85
65
66
93
72
75
87
86
80
89
66
87
97
71
65
62
75
87
78
75
60
81
75
88
60
79
70
88
85
76
88
87
75
82
61
87
71
68
80
68
74
72
57
108
79
86
72
83
76
77
78
84
105
114
76
80
64
79
81
89
98
74
79
79
88
90
86
83
91
78
94
89
70
90
96
76
79
86
76
80
81
89
81
77
77
83
84
95
89
86
95
85
89
92
77
86
88
88
85
97
85
83
75
84
109
88
81
96
81
81
97
97
74
101
94
83
72
82
96
82
63
74
102
83
84
80
87
77
84
100
95
100
89
86
95
86
104
100
95
101
97
84
89
94
84
101
99
81
92
96
101
77
91
85
99
106
86
99
91
96
106
96
109
101
84
97
76
87
101
105
87
94
105
106
107
117
105
103
104
87
88
85
102
109
103
108
88
96
105
101
87
88
80
103
98
77
116
92
115
104
101
102
107
111
104
102
106
82
96
124
81
86
112
108
94
73
92
94
100
103
103
101
90
91
97
111
93
100
113
122
79
85
98
87
72
101
82
87
90
110
89
107
97
80
103
91
93
87
77
79
100
90
84
100
87
102
80
105
83
101
67
93
102
93
99
90
93
90
94
96
101
85
93
96
85
114
86
99
84
83
86
97
79
97
88
84
79
85
105
98
79
85
95
79
99
97
76
71
82
103
108
99
82
86
101
92
83
74
84
80
69
77
93
78
77
82
92
70
91
83
67
72
71
82
80
74
86
91
91
62
96
95
86
78
94
88
89
89
78
76
91
83
70
73
75
81
83
89
82
86
90
90
84
83
80
88
77
81
86
67
82
88
78
86
73
78
87
92
69
82
115
76
82
87
85
82
82
76
93
75
109
83
87
85
75
87
89
75
71
84
66
77
84
76
80
79
81
84
72
69
60
68
90
74
78
92
96
75
80
92
73
68
89
88
89
78
95
77
79
71
77
93
90
76
74
76
86
67
84
87
84
71
74
88
81
80
76
73
77
79
87
63
86
89
77
92
74
72
90
89
82
73
74
86
82
80
84
79
70
80
78
73
80
103
86
87
78
75
72
83
82
91
92
90
96
85
75
93
79
84
83
79
69
87
87
90
78
79
76
83
77
67
75
92
77
65
75
98
66
86
67
94
75
82
70
71
73
80
62
83
68
75
80
93
62
75
80
73
82
95
75
61
77
58
78
69
81
75
72
81
70
62
86
82
73
58
68
71
65
59
75
77
71
78
57
76
57
84
60
81
70
69
65
70
76
60
73
63
73
84
72
62
79
57
62
72
57
62
64
60
64
63
68
63
58
63
78
64
70
63
65
65
63
65
62
64
79
58
76
54
63
64
64
59
65
68
68
63
56
72
61
67
77
57
59
52
57
55
65
62
69
56
69
66
49
61
52
61
51
64
54
60
41
51
40
40
52
57
40
44
55
59
56
65
61
52
51
49
53
66
63
46
48
45
40
64
70
53
46
55
55
52
51
61
42
57
43
53
46
54
39
63
51
49
54
47
45
55
63
58
57
46
50
50
55
55
42
39
49
39
51
44
52
47
34
48
57
42
52
34
58
40
66
48
48
56
44
34
39
45
40
49
47
37
64
38
44
58
50
39
44
53
42
46
45
52
33
45
53
47
47
45
42
36
43
56
36
44
51
54
42
54
31
39
49
46
42
37
33
38
45
43
51
48
39
45
43
46
45
40
41
45
51
32
36
42
51
53
40
37
40
47
53
38
47
42
38
53
39
42
52
47
44
42
35
35
50
36
54
55
37
44
44
40
39
36
48
56
41
41
43
38
50
50
37
42
27
42
40
39
33
45
32
33
47
55
42
31
42
50
44
47
52
39
34
51
31
48
47
41
38
35
48
46
41
56
38
43
34
43
50
50
35
35
43
46
46
48
47
46
34
44
34
44
40
39
53
39
36
41
35
34
36
37
33
36
39
45
37
41
41
37
44
42
44
39
36
36
43
33
42
43
44
53
44
37
54
44
40
52
48
52
42
55
37
66
38
40
38
51
38
33
36
38
29
45
43
42
34
51
54
46
46
38
52
37
34
36
45
28
39
56
39
42
41
39
49
45
42
44
50
41
44
40
47
44
30
33
54
38
43
38
44
31
44
40
40
41
41
51
45
53
55
42
41
40
46
42
37
44
37
39
47
42
50
33
40
49
47
58
34
40
55
46
52
38
30
40
42
32
43
49
44
36
42
39
47
39
39
42
43
54
50
41
44
48
40
45
41
46
49
50
54
37
47
40
46
40
40
39
42
50
47
58
37
42
44
40
40
41
50
57
51
57
35
58
44
35
38
44
48
35
35
31
48
46
44
48
45
58
59
40
36
40
39
41
49
47
49
58
47
59
37
39
50
47
45
50
40
39
49
41
48
46
35
53
48
53
51
47
40
41
50
40
50
45
48
49
50
45
55
41
53
48
57
57
52
55
57
51
58
56
36
58
48
44
50
42
47
34
53
49
65
53
42
66
70
60
67
52
57
57
64
48
57
43
64
58
44
44
48
56
59
64
48
38
62
46
42
54
61
51
50
50
60
49
31
67
60
71
53
45
47
38
47
54
55
64
59
41
49
60
31
48
49
55
53
49
56
62
46
64
52
49
52
65
63
69
48
50
47
44
55
46
56
53
55
46
59
63
50
52
57
59
78
61
59
41
69
67
69
55
47
47
60
71
47
60
62
61
53
70
60
61
58
42
63
48
56
74
62
72
58
61
44
56
68
57
72
60
57
64
60
58
55
56
59
60
64
65
62
59
51
69
55
38
67
60
64
61
48
58
67
71
55
58
63
66
40
65
48
66
48
56
54
59
63
60
58
51
69
57
55
57
72
66
58
47
61
70
66
53
52
62
79
57
56
61
70
54
61
47
59
52
54
51
62
49
66
57
62
66
69
52
50
58
57
59
45
56
63
62
50
50
74
65
53
71
54
50
47
57
52
67
60
57
71
65
57
63
73
55
64
66
52
64
59
55
65
64
62
46
62
55
56
60
66
69
44
56
65
61
52
63
49
65
57
48
68
61
62
50
47
56
51
62
56
42
52
61
43
45
55
50
63
51
56
50
65
59
61
47
53
62
52
68
48
52
50
56
38
60
45
57
52
47
56
55
36
54
49
54
43
49
53
47
37
53
48
51
46
53
59
47
38
51
37
57
58
42
62
46
57
54
52
37
51
52
54
48
62
65
55
57
42
41
45
43
44
53
55
52
39
46
46
51
47
32
38
50
56
62
42
46
46
48
40
47
62
51
37
50
40
49
53
52
53
53
39
41
39
49
45
45
55
48
39
49
51
40
41
50
35
48
43
48
35
52
61
48
63
50
35
36
44
38
46
56
64
41
27
45
42
41
48
41
40
50
45
40
45
44
23
46
43
46
43
42
57
45
36
34
48
40
44
36
47
27
39
51
45
42
42
33
47
46
37
49
42
37
45
39
44
26
46
42
37
33
52
42
40
47
45
50
47
38
39
47
43
31
45
32
47
50
42
44
37
29
43
39
34
45
26
51
38
37
42
53
34
36
44
39
44
35
41
43
30
33
39
36
43
41
44
30
38
48
37
41
37
35
36
33
37
32
30
42
36
45
31
33
36
29
31
42
42
33
38
40
38
24
28
34
51
37
36
34
45
27
25
34
33
33
37
33
39
39
34
36
33
31
49
40
26
49
39
43
43
42
37
32
30
32
38
40
39
42
26
42
35
34
46
33
35
30
41
34
47
36
38
41
44
33
25
26
31
48
39
29
44
32
30
42
41
42
44
39
41
34
29
33
24
37
36
32
33
31
34
48
43
33
41
42
46
36
42
39
45
42
37
44
35
37
29
31
35
36
39
28
46
30
39
38
47
37
37
40
39
34
40
23
31
45
42
34
40
43
31
34
35
45
37
44
43
39
33
30
36
40
37
33
34
34
38
23
32
39
30
36
38
35
39
46
33
29
41
33
48
39
42
35
30
30
40
29
44
45
35
35
28
26
24
44
33
38
53
40
40
33
43
32
34
30
42
51
39
43
41
34
36
41
27
28
46
32
50
37
35
35
34
35
32
40
32
20
36
40
35
43
40
54
32
40
44
31
35
32
35
38
52
27
28
33
39
29
31
37
31
36
41
44
30
36
40
48
35
32
29
39
33
42
28
31
43
38
36
44
32
40
34
45
42
43
38
39
44
38
38
30
45
40
23
31
41
29
30
36
41
29
45
34
45
53
38
34
38
23
37
32
40
38
33
38
41
37
36
42
46
45
31
37
43
36
27
35
33
33
37
29
40
41
35
33
31
31
36
33
33
38
48
26
44
25
33
37
24
40
33
34
33
36
33
43
33
37
40
47
50
39
22
29
37
25
31
42
53
46
38
36
27
32
38
41
33
37
55
26
32
48
31
34
46
39
34
27
37
38
41
39
29
33
34
47
32
38
30
33
34
38
41
35
28
27
45
33
38
33
35
26
43
28
28
43
31
25
36
37
36
41
40
22
41
35
26
37
37
38
40
29
33
40
24
31
33
33
34
26
34
33
24
25
36
38
31
26
38
29
30
34
31
28
27
35
34
27
27
37
34
24
30
45
28
27
33
38
35
40
35
27
28
31
39
30
39
30
25
36
33
30
37
34
24
26
25
32
16
23
37
34
33
25
30
37
42
34
29
36
33
18
30
31
33
33
28
26
32
35
41
35
26
36
30
28
30
23
32
29
25
24
32
28
30
29
30
31
20
26
25
31
27
35
23
35
29
27
39
27
33
36
29
28
26
35
43
40
30
24
35
32
37
28
26
29
21
22
26
22
21
28
21
28
29
27
24
26
33
38
31
40
35
41
22
30
19
40
28
27
28
27
41
33
31
29
33
22
25
26
23
31
27
23
24
26
32
27
24
25
41
30
31
34
33
25
35
23
21
27
32
33
29
18
27
29
26
29
15
17
28
30
16
28
29
34
26
27
32
26
34
24
29
26
29
17
29
25
20
19
23
27
22
32
24
31
23
24
25
24
20
29
32
24
30
26
30
23
29
18
24
24
29
25
39
27
21
22
27
20
27
32
11
20
26
21
30
30
30
24
23
26
27
33
35
24
22
33
18
30
24
32
24
32
30
28
26
28
28
24
23
20
24
22
22
22
25
30
30
37
24
23
25
30
29
30
20
31
25
33
23
27
21
32
24
34
29
17
33
30
30
26
30
29
25
18
37
23
25
29
32
32
28
31
35
30
21
28
24
26
25
33
25
26
31
29
22
30
34
32
19
31
31
27
26
32
26
29
26
32
31
29
27
19
19
30
32
29
19
33
21
29
23
21
20
27
30
28
29
29
31
34
22
22
28
34
34
26
27
24
23
24
26
24
38
31
29
22
26
32
24
16
25
32
26
14
29
28
29
24
20
40
18
17
16
22
24
30
27
31
24
27
26
27
34
30
28
33
17
25
17
28
24
21
31
31
14
18
26
35
35
15
23
36
24
25
24
26
21
25
26
30
27
23
32
25
23
33
31
29
31
33
32
28
30
25
22
34
23
30
30
31
29
20
23
24
30
36
29
24
27
28
40
23
32
30
25
27
31
25
33
25
28
25
25
36
30
35
29
26
26
25
20
24
28
22
31
32
34
32
23
26
38
24
20
29
35
32
32
23
24
30
26
38
35
30
36
31
16
31
32
29
30
23
28
34
35
25
43
23
26
35
45
31
29
31
33
28
32
31
32
34
28
28
30
33
28
27
29
26
39
29
30
27
35
22
30
19
28
32
23
25
36
22
36
29
28
39
33
45
34
31
35
42
22
30
32
26
23
30
27
32
25
25
38
33
27
25
29
31
24
39
41
27
39
27
38
34
23
26
36
38
25
30
30
23
39
26
40
29
26
37
23
30
29
32
32
36
29
27
24
28
30
27
29
35
31
44
36
38
20
26
36
34
30
36
16
31
27
31
31
34
28
36
39
25
32
30
43
33
45
25
39
34
36
41
30
39
30
48
29
30
43
34
34
23
39
32
33
31
37
36
31
24
45
43
38
30
34
38
41
31
39
31
39
38
31
30
34
35
29
37
37
34
38
37
46
36
42
30
41
30
32
40
34
43
44
28
32
40
48
39
34
38
39
43
26
33
31
29
36
37
36
26
37
41
37
42
32
45
29
42
46
52
35
47
43
41
41
42
31
25
37
42
29
29
35
31
34
46
45
40
27
58
40
39
41
34
38
47
29
29
33
37
36
41
41
37
45
33
28
36
35
27
46
43
36
45
43
40
44
50
47
47
41
35
35
45
44
44
35
36
42
38
36
38
52
37
40
42
46
47
41
43
43
39
45
43
52
47
35
44
56
39
41
43
53
45
49
42
42
39
42
46
41
52
51
56
43
42
49
38
58
36
44
36
39
33
46
52
52
35
47
49
47
57
41
50
32
36
52
57
55
50
39
50
38
47
54
35
54
50
49
47
46
60
48
47
53
41
47
51
51
38
53
37
46
42
54
53
46
51
69
42
57
50
49
44
62
65
40
51
55
46
42
42
50
58
57
48
47
48
52
57
52
60
44
58
66
56
56
56
47
57
51
50
54
55
57
41
46
64
61
68
44
60
62
49
60
52
54
54
70
66
55
54
52
40
64
42
46
58
54
59
61
68
49
46
49
64
60
63
63
54
49
55
68
64
51
59
43
46
49
42
60
53
58
60
57
56
61
57
52
52
51
57
52
72
55
65
49
49
62
72
52
66
64
54
57
66
56
64
57
64
61
59
64
58
60
68
48
57
58
62
63
61
72
59
73
66
58
57
70
58
54
45
52
65
68
53
68
54
58
71
68
65
65
58
54
67
73
54
54
59
53
61
40
59
63
50
67
63
55
73
68
56
62
55
56
60
64
57
52
53
65
48
58
56
71
48
64
52
58
56
56
43
56
52
42
49
61
65
55
59
46
73
66
53
55
68
61
49
48
59
64
50
60
63
49
50
63
54
57
38
50
63
39
53
63
61
50
40
66
48
51
44
58
53
43
56
47
55
45
44
50
46
58
41
53
47
48
46
44
53
53
48
49
51
48
51
41
36
40
46
42
49
52
56
51
62
45
46
40
48
38
47
50
39
32
52
40
59
43
49
52
41
35
32
39
50
40
49
54
40
45
45
36
39
47
42
49
42
32
43
47
40
41
39
42
45
43
43
36
46
38
41
34
37
40
36
31
38
39
33
36
38
43
37
44
45
36
41
48
40
37
28
39
36
38
31
36
39
38
30
34
43
33
34
39
31
36
38
36
33
26
30
37
32
39
34
34
23
44
40
29
34
27
27
22
30
38
23
42
27
25
31
24
33
30
22
33
34
27
29
38
20
26
25
27
26
35
34
31
32
34
26
28
34
27
23
31
26
30
25
27
28
26
27
40
24
24
26
24
33
26
23
21
25
27
29
21
30
22
25
21
25
27
15
19
25
28
27
20
18
19
23
30
23
16
25
26
27
29
31
28
23
17
24
20
27
15
29
22
27
33
19
20
42
24
9
25
24
20
20
15
24
19
14
16
18
21
19
20
20
25
15
15
23
16
20
19
23
21
17
20
26
23
16
23
24
17
23
19
18
19
15
17
23
16
26
29
20
24
28
25
22
16
19
25
23
17
20
17
16
25
19
13
20
24
19
26
21
17
16
18
10
24
20
20
15
19
21
15
20
24
18
21
18
16
13
11
28
22
13
19
17
18
18
22
15
20
56
77
67
83
87
74
77
86
71
89
81
75
80
79
73
68
77
87
78
81
68
65
76
70
73
68
89
61
59
64
65
74
71
70
80
64
74
63
64
89
66
62
64
77
70
56
65
60
72
72
61
70
77
75
57
72
70
60
61
60
74
63
89
62
72
62
55
63
66
73
76
54
62
62
62
67
51
72
65
70
69
68
65
57
55
78
64
76
54
55
69
56
55
76
49
73
55
57
66
49
63
46
61
67
58
55
50
62
55
61
54
43
51
52
48
54
50
56
54
68
47
42
56
51
55
41
48
65
57
46
55
45
54
50
49
49
47
44
58
50
50
48
44
45
40
47
53
59
49
46
33
51
40
44
50
50
53
35
52
45
56
52
38
44
40
59
45
47
46
43
38
47
44
52
54
45
44
41
33
47
44
48
34
39
18
