# Filename : TXT_Files/Acq14400sec_009.Chn
# MCA detector ID: 1
# Start time : b'12':b'12':b'09'
# Start date : b'30Sep221'
# No channels : 8192
# Live time : 716328
# Real time : 720000
# En cal factors A + B*x + C*x*x
# A : 0.0
# B : 1.0
# C : 0.00
0
0
0
0
0
0
0
0
0
0
0
0
0
0
0
0
0
0
0
0
0
0
0
0
0
0
0
0
0
0
0
0
0
1
3
3
7
54
240
358
402
394
458
446
429
412
431
435
417
432
448
446
466
497
438
455
469
425
454
477
442
476
468
448
468
454
485
508
497
485
495
484
489
542
496
449
480
457
535
482
521
553
531
504
528
531
497
499
523
538
562
566
578
522
606
557
575
567
610
561
571
627
619
665
679
663
618
599
637
648
731
687
708
659
644
726
710
716
750
711
731
736
758
757
768
743
743
747
816
790
767
776
800
737
794
856
806
825
907
803
827
774
818
857
814
819
850
827
759
783
815
844
789
818
779
779
804
794
768
804
742
749
755
809
807
744
771
771
721
813
776
765
809
812
781
812
799
813
707
795
844
810
791
858
826
761
829
830
848
863
825
880
777
871
890
854
902
905
868
921
965
915
935
956
916
906
957
990
994
989
986
1022
984
1025
1056
995
1047
1094
1094
1056
1103
1088
1058
1137
1111
1106
1207
1216
1182
1103
1181
1139
1194
1198
1198
1187
1259
1236
1192
1221
1243
1247
1232
1259
1243
1260
1269
1366
1273
1300
1371
1371
1355
1415
1436
1319
1372
1456
1397
1429
1438
1511
1484
1559
1535
1524
1539
1559
1591
1606
1650
1580
1696
1624
1649
1582
1683
1716
1664
1728
1675
1723
1793
1772
1778
1778
1832
1806
1858
1839
1836
1863
1941
1886
1910
1962
1918
1994
1875
1943
2008
1988
2019
2017
2055
2108
2045
2132
2123
2191
2118
2093
2100
2189
2249
2186
2175
2238
2237
2247
2347
2323
2325
2243
2308
2322
2383
2365
2342
2368
2422
2410
2459
2416
2410
2551
2512
2531
2516
2514
2594
2534
2540
2713
2698
2540
2565
2548
2657
2765
2676
2743
2728
2731
2716
2684
2791
2818
2819
2755
2852
2775
2796
2831
2836
2845
2838
2950
2905
2999
3078
3048
3094
2982
3132
3054
3174
3060
3086
3083
3082
3133
3135
3252
3200
3278
3174
3298
3284
3292
3231
3236
3322
3350
3244
3334
3419
3265
3349
3376
3413
3333
3418
3336
3389
3319
3365
3325
3382
3320
3252
3376
3298
3327
3309
3142
3285
3236
3242
3316
3260
3352
3202
3197
3181
3125
3163
3185
3265
3174
3129
3160
3156
3176
3296
3252
3050
3274
3129
3180
3193
3270
3078
3225
3144
3068
3182
3288
3192
3183
3180
3216
3162
3208
3124
3152
3140
3321
3266
3177
3276
3187
3254
3118
3278
3093
3123
3318
3224
3220
3236
3259
3156
3213
3097
3162
3233
3244
3217
3093
3256
3181
3124
3258
3218
3275
3201
3162
3174
3124
3218
3105
3167
3199
3075
3036
3157
3212
3105
3088
3031
3168
3185
3183
3064
3124
3025
3062
3091
3081
3144
3113
3110
3083
2959
3060
3030
3062
2957
2946
3078
3155
3009
3041
3054
3090
3075
3038
3140
3073
3061
3057
3019
3037
3039
2942
2994
2962
3004
2953
2981
3029
3010
2991
3054
2891
2985
2983
3027
2970
2954
2949
2967
2949
2962
2950
2974
2903
2977
2851
2970
2926
2885
2883
2869
2835
2913
2908
2826
2969
2852
2780
2812
2956
2952
2856
2890
2856
2831
2825
2832
2788
2842
2815
2681
2761
2811
2877
2786
2776
2896
2836
2808
2843
2797
2796
2868
2866
2799
2804
2777
2849
2792
2804
2808
2791
2896
2772
2866
2726
2755
2666
2819
2763
2684
2742
2684
2694
2721
2783
2801
2727
2646
2645
2682
2640
2755
2723
2807
2715
2711
2801
2772
2694
2781
2593
2697
2754
2729
2773
2782
2665
2648
2847
2698
2732
2680
2631
2684
2666
2593
2651
2688
2693
2702
2670
2583
2635
2644
2627
2541
2575
2587
2641
2591
2666
2569
2528
2604
2576
2603
2629
2590
2660
2569
2663
2663
2628
2584
2604
2551
2532
2558
2549
2496
2577
2618
2523
2521
2546
2516
2508
2591
2458
2519
2476
2424
2494
2415
2565
2503
2455
2418
2442
2466
2382
2522
2423
2549
2439
2507
2408
2335
2485
2375
2398
2491
2339
2453
2341
2372
2353
2407
2338
2372
2319
2359
2306
2352
2299
2316
2345
2338
2339
2266
2247
2279
2385
2292
2321
2244
2301
2301
2236
2325
2299
2301
2349
2375
2311
2297
2307
2202
2247
2333
2158
2284
2221
2224
2257
2250
2283
2226
2258
2337
2256
2230
2366
2216
2227
2283
2249
2225
2179
2201
2202
2301
2211
2216
2075
2220
2306
2139
2217
2168
2130
2240
2257
2158
2213
2117
2273
2107
2129
2176
2189
2118
2160
2158
2130
2174
2137
2134
2145
2080
2117
2144
2236
2193
2149
2097
2210
2074
2128
2059
2047
2132
2004
2078
2108
2110
2064
2090
2129
2134
2088
2057
2075
2009
2064
2000
2038
1962
2056
2024
1992
2029
1977
2080
2017
2040
1983
2019
2050
1950
2007
1928
1969
1938
1993
2006
1923
1954
2053
1965
1947
1971
1890
1978
1996
1939
1927
1913
1907
1968
1913
1895
1906
1908
1887
1941
1990
1876
1875
1867
1830
1865
1876
1808
1903
1905
1862
1880
1885
1841
1795
1870
1839
1831
1859
1769
1853
1904
1752
1819
1880
1856
1840
1815
1869
1797
1811
1753
1819
1789
1801
1809
1835
1747
1757
1763
1716
1790
1857
1827
1748
1747
1782
1804
1741
1785
1689
1796
1760
1720
1827
1834
1783
1712
1785
1788
1644
1781
1738
1774
1731
1769
1765
1688
1756
1623
1692
1676
1763
1756
1750
1778
1696
1692
1726
1712
1792
1660
1664
1718
1664
1735
1691
1708
1723
1680
1702
1690
1712
1629
1610
1669
1648
1722
1640
1700
1616
1773
1652
1686
1671
1612
1698
1614
1660
1694
1698
1603
1604
1579
1660
1715
1646
1684
1634
1622
1659
1637
1616
1636
1708
1671
1674
1537
1651
1612
1694
1638
1667
1606
1593
1657
1578
1560
1571
1593
1570
1609
1591
1592
1625
1603
1607
1560
1493
1573
1543
1543
1589
1594
1499
1611
1477
1534
1537
1446
1558
1537
1541
1528
1478
1452
1460
1453
1490
1524
1477
1523
1454
1507
1460
1492
1488
1500
1513
1462
1470
1448
1499
1515
1475
1432
1469
1448
1491
1449
1388
1484
1474
1491
1447
1463
1452
1425
1484
1438
1420
1363
1426
1467
1402
1464
1458
1410
1434
1349
1384
1361
1368
1379
1365
1355
1267
1383
1314
1393
1470
1380
1358
1346
1358
1353
1340
1364
1315
1382
1334
1318
1340
1376
1330
1317
1359
1298
1350
1372
1304
1354
1290
1317
1299
1371
1366
1288
1356
1311
1304
1294
1267
1322
1306
1340
1282
1282
1317
1303
1268
1303
1328
1360
1300
1284
1288
1310
1353
1291
1319
1312
1283
1254
1296
1319
1255
1196
1268
1271
1250
1281
1244
1248
1241
1265
1244
1310
1289
1294
1266
1275
1275
1316
1295
1262
1241
1333
1229
1249
1219
1211
1250
1216
1195
1273
1258
1263
1217
1243
1151
1228
1130
1179
1261
1252
1255
1203
1234
1277
1192
1197
1260
1253
1213
1225
1293
1266
1269
1205
1246
1203
1277
1275
1239
1248
1229
1246
1287
1309
1253
1277
1272
1228
1262
1259
1221
1273
1296
1282
1294
1273
1245
1289
1269
1225
1236
1213
1240
1264
1323
1259
1286
1328
1309
1238
1266
1268
1294
1258
1222
1312
1327
1312
1304
1303
1373
1250
1339
1290
1306
1337
1317
1237
1279
1407
1341
1296
1329
1259
1271
1300
1314
1280
1324
1292
1283
1246
1264
1333
1258
1279
1216
1274
1256
1234
1287
1251
1277
1229
1250
1192
1224
1299
1244
1209
1235
1213
1252
1205
1184
1236
1204
1233
1153
1155
1166
1166
1196
1191
1197
1146
1153
1179
1131
1161
1135
1162
1120
1143
1100
1124
1119
1087
1087
1109
1119
1093
1135
1078
1070
1067
1104
1030
1100
1089
1053
1060
1058
1057
1038
1051
962
988
998
982
1019
1014
1046
994
926
968
919
935
965
930
948
951
896
908
958
941
948
967
928
930
901
918
881
931
857
920
870
881
922
913
872
867
921
886
819
919
841
842
809
888
885
879
775
807
824
874
879
840
830
786
820
816
875
847
870
825
839
811
819
787
784
828
805
853
800
791
797
818
778
824
789
827
816
789
813
779
794
782
752
801
816
802
775
789
798
730
828
799
770
779
754
809
772
787
756
779
703
825
702
799
755
752
789
724
734
796
769
744
739
724
750
757
762
821
701
757
781
756
728
809
753
748
745
742
779
786
796
816
744
754
745
739
691
784
765
712
753
734
758
742
767
708
746
734
766
748
746
710
777
831
723
766
737
757
741
726
762
775
736
743
754
713
786
772
717
756
700
718
720
708
734
761
718
731
689
754
691
734
707
741
740
775
761
765
722
707
742
717
745
700
739
753
751
717
732
704
735
694
719
700
700
758
687
756
711
731
782
719
723
750
715
781
702
755
685
703
743
726
731
740
675
702
716
723
684
698
722
766
674
677
715
717
707
704
702
710
729
698
650
692
679
679
679
729
709
619
697
679
700
709
640
661
673
671
709
626
668
718
630
647
703
690
674
642
661
677
648
631
638
687
637
628
664
658
647
616
664
623
680
612
641
628
635
622
607
614
648
628
677
639
647
634
637
628
623
617
593
626
576
597
614
620
567
591
572
669
576
563
620
618
575
564
556
596
596
549
576
587
594
600
566
551
583
589
543
577
555
575
535
540
605
539
569
606
529
546
544
538
541
542
562
558
523
517
568
561
531
531
520
519
595
554
550
543
529
513
564
527
524
540
511
563
610
568
553
550
559
557
550
529
535
551
513
522
546
536
534
556
484
531
551
533
545
521
509
542
560
554
552
497
516
558
529
560
553
548
527
546
527
569
579
514
537
531
542
561
558
537
538
524
541
519
587
497
560
545
595
536
594
587
564
569
517
569
514
595
547
520
511
537
556
526
563
538
502
560
491
566
533
559
533
543
574
600
584
600
596
535
551
585
612
559
558
564
572
599
551
553
558
591
557
563
544
604
585
550
577
576
586
561
550
596
590
589
551
548
571
573
566
553
577
573
566
578
576
574
596
593
575
577
553
610
552
599
577
531
618
600
560
604
593
551
571
608
579
587
587
557
568
565
606
582
506
584
618
610
579
592
603
580
556
591
563
552
586
568
560
580
592
562
616
536
555
598
532
533
561
506
555
557
581
542
553
579
549
564
589
503
574
601
556
492
563
534
539
535
516
577
549
555
557
572
528
494
537
566
475
510
503
542
518
542
547
537
483
540
508
517
529
475
506
501
495
499
466
478
515
501
497
529
492
470
505
484
494
471
423
492
467
462
473
464
453
445
428
451
457
484
475
449
423
457
438
433
438
417
401
442
454
416
427
386
402
398
412
372
388
421
402
372
403
406
388
413
351
410
357
393
401
431
352
364
382
381
382
362
352
402
348
421
377
399
376
356
342
363
350
401
394
377
362
361
333
367
358
352
349
340
322
328
337
363
364
341
366
323
359
335
385
345
338
364
344
367
356
306
344
367
344
327
358
351
320
309
347
333
306
380
343
319
345
317
299
349
346
347
368
337
347
357
349
307
336
331
344
344
331
372
329
382
326
358
329
342
329
329
320
358
353
338
334
339
323
369
360
355
352
350
348
344
342
372
355
362
346
329
377
356
346
382
346
379
403
362
349
367
369
379
371
370
388
366
388
394
433
365
381
389
400
410
400
398
365
386
404
391
344
391
409
392
415
399
403
391
400
411
386
429
391
390
428
433
423
426
464
411
458
448
411
435
435
438
445
454
412
421
414
388
449
381
428
440
409
460
450
424
416
423
460
451
449
456
459
436
432
485
459
425
460
445
417
460
426
431
482
425
457
441
505
455
442
465
466
464
464
465
442
486
468
454
496
449
466
463
466
494
460
465
459
494
441
508
501
483
457
456
451
475
480
468
480
465
480
484
467
430
498
481
481
497
495
464
450
472
491
474
523
476
437
483
464
467
480
463
433
434
425
430
422
474
449
469
467
481
428
428
407
432
443
444
445
452
451
391
452
404
384
428
405
433
469
449
431
434
387
426
421
419
415
431
423
369
423
472
420
405
369
379
400
362
360
401
407
371
377
391
356
352
335
364
376
384
331
367
329
364
359
346
348
323
330
330
348
306
313
357
326
329
339
338
327
305
298
293
292
290
294
281
339
313
274
331
318
290
297
295
268
266
249
289
294
306
292
300
306
267
295
265
284
290
255
278
275
303
269
274
264
257
246
284
261
275
261
257
257
224
243
264
247
254
245
282
287
251
257
258
247
269
223
257
227
278
257
265
253
235
259
241
216
291
250
232
239
250
222
255
227
232
240
243
251
243
238
256
239
226
235
266
272
253
237
233
238
237
238
242
232
251
277
231
248
223
247
234
260
244
265
227
233
252
232
234
240
233
208
241
253
261
227
232
261
217
217
227
248
223
222
238
201
232
244
213
239
230
240
216
259
242
247
230
221
232
205
264
256
227
262
230
226
256
253
230
222
244
251
224
241
237
229
222
214
237
204
200
197
213
243
206
203
216
232
219
212
220
202
234
194
227
255
232
218
221
222
245
265
197
236
233
223
222
241
235
222
231
244
241
221
202
234
227
223
207
206
202
243
203
224
216
226
228
204
224
203
218
243
204
214
219
228
233
238
235
222
222
231
209
207
217
218
217
203
199
216
207
229
239
241
205
209
214
236
191
200
245
213
227
223
243
220
188
238
195
223
233
212
231
216
207
218
195
219
216
240
237
242
223
204
194
205
224
222
199
207
211
228
209
240
220
214
217
227
203
224
226
191
196
211
203
205
218
217
231
212
204
203
216
206
208
219
202
210
218
205
204
198
223
202
200
203
232
205
225
221
229
210
219
215
202
222
216
187
185
213
215
236
212
233
213
221
208
223
226
217
205
218
209
228
199
227
202
209
215
187
228
214
204
194
238
210
204
207
215
221
215
206
232
218
228
205
219
217
221
216
207
226
242
205
234
223
207
186
216
191
216
226
195
214
223
208
222
230
209
229
206
210
212
214
218
205
228
209
234
208
214
225
221
205
224
195
218
229
229
206
207
200
227
226
183
191
217
201
228
223
213
244
209
190
201
213
191
204
190
204
212
211
231
195
236
221
217
225
224
214
203
220
201
204
222
210
212
222
192
206
210
222
207
204
203
220
218
222
194
207
198
207
212
215
210
215
195
179
212
191
222
201
206
210
186
225
227
226
212
189
204
203
219
192
213
212
188
191
190
204
206
192
188
196
197
236
244
207
203
225
196
185
209
181
189
197
167
196
197
188
195
201
188
197
210
180
183
183
210
179
176
187
207
197
198
188
176
175
191
169
201
188
171
194
179
170
146
192
168
165
181
199
174
197
163
180
189
166
165
198
175
192
187
175
188
179
166
193
181
177
186
181
168
189
160
175
177
165
173
187
181
165
207
174
195
181
163
186
166
180
143
172
183
169
195
204
162
187
177
181
185
177
174
168
191
179
177
176
179
161
160
176
170
186
162
167
168
181
165
183
173
164
156
178
168
179
164
188
161
176
162
175
178
167
173
173
170
176
200
163
188
183
161
168
171
188
168
201
169
171
169
180
180
185
170
184
179
200
205
187
184
177
182
195
177
213
172
172
206
180
184
201
173
183
179
191
186
192
193
169
164
190
217
193
178
193
175
183
190
192
167
175
170
192
188
192
185
207
221
197
169
196
179
191
192
196
177
196
183
207
208
194
182
194
205
175
177
193
198
225
203
210
219
186
190
218
221
206
213
224
223
201
217
187
215
190
234
209
204
226
203
194
216
208
211
199
226
210
222
219
226
231
208
211
196
201
226
225
240
219
227
207
225
230
200
203
204
211
219
218
225
234
240
212
230
236
209
247
225
249
215
275
220
229
244
223
251
229
248
259
234
258
253
232
241
238
265
256
235
234
254
232
227
237
241
240
222
244
220
240
252
255
224
241
254
261
233
237
250
276
260
240
235
268
253
258
260
260
240
240
227
257
242
241
277
253
253
252
257
226
251
263
258
257
273
260
277
258
272
275
267
254
246
263
242
277
249
258
228
249
255
267
224
256
251
285
245
269
290
280
266
266
278
253
273
277
257
249
245
234
288
270
245
273
268
275
268
259
262
263
277
260
296
261
259
256
261
253
236
259
234
273
266
271
263
239
228
268
260
259
280
253
268
226
264
277
258
273
282
276
277
271
279
268
255
271
267
262
258
250
216
258
254
294
266
247
275
275
241
271
264
268
270
277
286
285
271
256
273
257
241
297
253
241
257
261
251
246
230
261
251
213
251
260
264
255
262
235
236
225
266
232
259
237
253
233
253
221
244
264
222
224
256
254
240
219
218
259
224
219
234
250
223
240
210
228
210
220
238
209
221
230
239
243
211
235
224
213
206
184
228
225
206
197
192
209
208
201
232
205
229
213
191
221
194
185
201
220
187
183
200
201
188
207
191
202
184
189
176
188
165
186
155
182
184
182
191
151
173
184
161
192
158
162
173
170
172
168
174
149
160
149
160
188
180
173
167
166
157
161
165
161
175
144
153
178
163
147
160
160
153
173
167
125
141
136
137
134
134
144
136
137
150
147
133
143
141
133
157
143
149
144
129
128
127
149
132
137
124
131
106
126
124
122
153
145
119
131
129
136
136
143
147
112
118
120
124
148
123
137
133
131
126
140
129
147
122
105
121
121
129
114
125
109
126
119
117
117
108
102
111
118
125
136
134
114
129
129
128
155
115
117
119
116
124
124
109
115
107
127
119
132
123
103
131
120
130
117
127
115
95
98
121
111
104
117
138
103
114
108
112
112
118
127
110
110
126
106
98
120
118
85
120
137
108
120
115
120
104
105
118
117
112
116
108
104
94
107
127
97
122
102
96
100
119
103
102
126
127
113
100
92
127
111
100
119
111
111
113
117
122
114
105
101
115
106
98
115
105
100
105
107
110
121
101
121
93
120
109
87
97
122
122
114
112
100
98
113
116
102
116
91
123
119
108
104
103
111
95
103
98
115
92
95
90
102
107
99
108
105
98
107
97
112
113
112
113
100
95
97
100
114
100
104
121
129
107
104
102
102
99
98
101
121
81
112
92
104
103
120
91
102
110
104
111
96
99
99
82
100
95
106
103
109
100
97
107
110
103
103
86
91
107
92
78
99
91
119
89
110
125
114
106
119
92
94
103
107
105
106
103
101
94
101
104
112
92
84
111
97
90
94
103
99
75
96
104
87
120
97
100
97
109
117
98
90
89
103
103
110
98
95
98
95
95
80
116
76
93
99
111
101
83
109
110
96
100
113
100
92
124
84
80
100
115
96
84
95
88
104
93
102
104
112
100
114
88
111
93
98
92
100
89
94
97
96
93
85
100
95
97
81
87
92
84
90
109
99
85
100
100
96
100
117
97
99
94
112
90
92
92
90
99
104
101
101
104
92
100
85
87
92
95
132
100
89
99
95
95
96
99
107
86
107
89
110
98
93
129
85
88
90
89
98
86
111
104
86
107
100
81
102
84
108
101
96
90
104
97
104
85
80
107
115
112
83
105
105
109
92
96
92
87
115
93
116
93
83
95
88
96
120
111
107
101
78
80
94
110
103
93
113
97
89
112
103
100
89
101
111
128
106
103
107
113
92
109
118
100
74
100
96
100
125
104
93
91
93
92
106
95
103
94
118
97
104
82
100
88
103
99
103
101
117
106
97
96
94
89
105
99
93
129
84
96
97
103
103
110
89
90
90
93
125
97
89
103
113
107
90
107
96
94
103
126
92
80
106
91
93
96
88
140
100
118
92
102
109
101
88
91
78
80
115
96
107
84
93
86
111
107
108
98
98
89
114
109
98
118
74
115
87
91
115
94
101
73
114
98
105
83
95
95
84
96
104
97
92
100
113
98
108
101
94
114
110
101
90
87
95
106
98
91
101
107
81
94
93
82
96
97
108
82
90
103
92
100
107
90
100
83
123
106
91
102
103
82
89
87
103
85
100
84
92
95
100
96
92
92
90
107
82
67
81
92
104
87
101
104
78
103
98
95
78
102
99
98
82
93
95
95
97
87
87
96
99
77
91
109
99
89
100
99
87
103
81
87
107
95
108
88
79
77
86
92
106
89
93
86
97
96
93
93
110
107
81
94
82
81
85
97
101
88
88
119
109
95
94
103
95
91
104
89
103
99
106
88
101
101
88
89
97
87
118
106
84
78
93
101
90
87
87
105
99
75
90
87
94
96
93
107
115
103
85
90
81
90
97
96
89
99
101
110
96
97
81
92
91
96
87
104
93
92
96
105
99
96
92
95
102
90
92
85
88
82
81
92
95
88
80
96
104
86
85
102
101
97
89
89
89
89
92
79
101
103
89
103
115
84
90
96
79
73
98
81
94
80
85
95
90
82
85
98
84
93
72
79
87
84
91
94
102
81
89
93
85
85
90
94
97
90
90
88
81
94
98
83
106
87
98
86
85
79
89
79
106
80
99
78
104
84
80
100
77
83
97
96
70
79
85
99
79
104
82
72
87
87
87
76
79
89
79
96
78
81
94
71
78
90
99
90
82
79
95
81
88
69
79
87
84
89
90
89
106
76
82
85
89
91
91
83
73
83
69
87
76
81
67
88
84
87
93
91
74
79
93
94
78
77
77
83
87
85
82
82
85
70
93
88
63
73
94
92
80
88
90
80
90
80
92
81
68
74
77
83
88
76
75
87
67
76
79
84
76
86
85
85
89
80
81
77
75
77
63
81
76
89
76
76
73
83
81
65
85
75
67
76
86
90
77
58
90
71
78
84
75
82
76
80
72
68
90
73
80
76
78
89
65
66
79
62
73
77
79
75
72
95
70
74
92
91
70
68
67
83
68
75
70
78
68
81
79
75
74
75
85
77
82
73
80
62
74
67
59
85
70
78
87
76
90
76
80
75
68
68
58
59
58
87
74
70
86
78
83
72
66
84
80
81
82
65
68
77
67
71
85
65
64
75
56
70
77
69
76
66
89
78
84
78
85
86
75
81
86
93
85
66
57
79
80
63
73
88
77
80
70
87
78
86
83
80
67
70
80
77
62
67
60
73
80
68
70
61
66
86
77
67
79
77
76
68
56
65
74
68
65
72
86
64
71
86
80
85
72
85
73
77
69
78
83
63
67
75
72
65
57
72
70
62
72
73
69
73
73
68
79
59
73
75
85
75
65
81
65
71
72
57
73
65
75
75
55
60
70
83
67
75
71
66
66
64
79
84
77
61
74
68
72
70
70
76
76
83
80
79
84
77
70
76
73
87
76
61
60
90
67
79
81
85
79
67
72
102
66
79
72
85
77
81
85
89
82
63
74
85
72
74
57
76
77
79
67
58
76
76
86
67
80
80
63
76
85
71
81
76
74
73
72
85
82
93
74
81
77
84
84
78
64
81
86
65
64
77
90
83
86
81
67
79
60
65
76
81
72
79
76
68
80
66
78
77
71
74
87
83
85
78
68
87
81
83
86
96
83
96
111
82
82
85
108
80
73
81
68
87
89
82
72
94
89
67
97
87
78
98
83
97
79
69
95
75
95
84
83
79
74
104
87
93
76
76
93
87
80
84
83
93
99
89
104
86
108
85
91
79
87
96
99
96
77
87
73
98
98
96
84
102
80
88
91
97
85
91
74
90
79
91
76
78
85
101
99
103
99
93
93
93
90
90
74
95
99
97
84
83
86
96
89
98
114
97
100
104
100
116
109
84
105
100
91
103
96
96
94
82
118
95
87
103
110
93
93
106
82
83
109
95
97
109
96
105
84
86
85
108
121
100
86
104
91
86
86
95
81
114
92
99
112
103
86
77
87
91
107
105
95
110
97
85
100
91
102
83
91
98
76
86
87
105
107
88
101
100
84
86
106
100
91
86
93
84
87
82
99
81
109
91
91
94
92
81
101
96
101
108
97
98
76
93
89
93
101
88
83
101
84
90
89
95
89
101
102
99
81
91
98
91
94
108
88
105
100
96
94
99
93
88
103
79
84
85
90
78
100
102
74
102
112
77
118
72
83
86
92
85
90
87
87
83
92
104
88
86
77
82
104
79
87
66
81
89
86
90
86
75
93
93
99
92
93
80
99
83
78
102
85
84
84
78
77
82
115
90
87
73
83
91
86
71
84
78
87
77
83
92
83
91
83
89
108
88
84
96
68
99
85
98
73
76
89
75
76
81
92
91
80
75
91
68
60
73
77
84
81
66
78
86
70
82
84
74
87
81
89
78
90
96
88
77
68
103
83
86
72
86
78
88
66
83
81
74
82
80
91
87
82
77
86
75
97
67
69
75
88
78
63
82
78
92
82
90
77
64
69
77
83
77
52
67
78
79
71
92
80
71
93
87
73
65
96
83
94
81
91
71
87
88
99
80
59
80
73
85
82
78
67
87
78
86
84
81
81
91
74
89
84
73
76
68
90
92
71
60
61
96
67
81
72
80
74
64
77
78
78
77
73
71
82
94
75
84
76
86
68
91
83
83
77
69
69
83
66
77
82
66
72
66
75
71
74
76
73
80
79
73
89
84
84
95
67
76
69
83
63
55
63
79
65
71
71
71
71
79
68
66
81
78
81
79
71
74
62
72
72
76
71
65
68
63
71
54
70
63
68
70
74
75
69
63
60
64
71
72
71
63
66
71
73
61
79
74
69
62
59
72
69
65
65
60
73
64
60
66
78
78
82
52
68
79
74
70
75
77
60
58
73
68
54
63
63
64
48
62
60
52
54
61
51
78
72
66
65
58
58
60
57
51
55
81
63
53
57
59
54
62
49
46
48
48
59
40
56
67
51
60
58
50
54
68
70
56
46
55
57
70
57
46
62
69
53
56
53
65
47
49
41
45
39
61
46
52
49
45
35
32
51
51
56
47
48
53
36
63
59
36
57
52
53
42
55
48
54
55
48
41
56
54
40
54
51
48
47
42
52
59
55
43
53
53
50
57
44
49
46
57
42
41
45
39
48
46
55
60
60
43
55
43
55
40
60
51
46
55
45
33
58
47
39
40
38
58
49
40
47
33
37
43
44
42
52
48
47
37
49
44
34
32
49
40
49
45
49
43
53
55
46
51
46
66
59
47
45
55
47
49
38
41
45
29
46
41
43
38
53
44
47
54
25
55
30
38
38
46
34
48
37
57
39
38
41
41
36
35
45
41
44
41
32
43
55
46
41
39
42
56
42
43
53
42
52
26
52
40
44
47
37
38
48
34
47
54
42
37
42
42
36
45
50
54
59
35
40
42
41
39
40
38
43
48
45
45
31
48
45
45
41
35
42
45
42
54
43
45
46
45
49
38
46
45
33
50
48
34
41
49
37
37
41
40
46
48
48
35
39
35
38
31
39
48
38
55
42
38
42
41
35
34
41
51
52
49
40
45
40
43
42
40
41
45
42
48
54
36
46
43
42
47
41
30
50
42
40
51
37
44
56
44
40
52
47
49
29
44
42
45
48
48
39
46
51
31
44
26
42
32
33
48
42
46
42
40
34
39
47
43
32
46
40
38
43
29
42
45
46
39
56
46
50
49
43
45
36
51
48
52
52
44
47
43
42
39
31
50
43
42
51
35
57
38
46
42
43
48
48
47
42
44
44
48
45
55
30
43
49
39
50
40
42
46
48
33
39
51
40
39
55
48
47
45
48
63
50
52
47
39
44
35
36
40
55
43
46
38
36
54
43
54
35
44
57
56
46
41
46
43
46
40
40
41
63
50
53
48
54
54
57
49
51
56
43
54
51
33
58
37
49
45
57
46
54
51
50
54
51
45
44
49
59
56
49
53
57
52
48
45
45
52
56
28
57
52
41
67
61
56
52
60
64
54
48
46
49
49
46
62
41
49
47
55
56
49
44
76
45
41
59
59
59
58
58
60
43
57
51
55
59
54
51
63
56
54
65
46
60
51
49
55
57
57
71
69
55
52
72
63
42
63
51
45
56
54
66
51
54
54
56
46
73
50
50
63
47
55
50
40
43
58
44
53
61
50
53
44
52
56
66
71
65
62
56
62
55
55
59
46
54
59
58
62
68
66
54
60
48
50
56
50
64
69
50
64
66
68
72
72
53
41
55
55
61
46
54
48
67
60
66
50
60
54
63
53
53
55
65
53
75
57
44
59
66
60
52
68
54
59
65
56
50
59
56
48
64
70
49
82
57
60
53
45
49
57
66
66
55
58
62
84
59
56
61
58
57
49
60
71
62
70
70
61
56
76
58
73
65
67
61
53
65
70
55
70
51
70
61
65
71
68
55
65
61
63
42
66
44
58
58
64
63
51
66
63
76
45
49
60
51
57
50
48
53
50
53
64
73
52
52
59
53
58
63
49
62
68
52
59
47
61
54
57
67
61
62
52
53
51
56
54
48
45
44
65
53
51
57
65
55
48
49
57
59
64
59
62
57
54
52
59
52
61
54
63
54
45
54
62
52
40
57
59
47
54
59
54
58
45
53
54
45
44
50
61
56
59
62
62
48
50
66
46
56
45
65
53
40
50
46
55
55
53
55
68
56
49
42
50
55
45
47
47
48
57
55
56
52
56
43
38
55
46
57
40
62
56
55
57
49
54
50
39
49
53
47
55
48
48
56
57
56
49
33
41
44
44
46
43
41
35
43
45
58
38
58
51
37
42
40
52
51
49
37
39
58
33
33
67
46
63
46
46
45
46
39
41
50
39
44
43
49
46
48
39
42
49
45
45
64
46
42
39
42
46
46
43
42
47
38
41
49
30
44
44
42
37
36
33
37
44
40
53
39
45
48
48
35
41
49
35
36
49
40
43
33
34
42
37
48
47
44
42
52
37
44
39
48
33
45
37
52
44
34
34
44
49
38
42
47
28
35
39
38
33
41
38
32
44
38
42
37
46
38
47
29
38
48
61
49
53
40
37
35
32
35
37
39
25
40
40
42
33
37
30
46
41
51
44
27
41
39
29
34
31
44
33
35
46
49
40
41
37
43
32
49
35
33
37
36
32
32
30
36
24
43
48
32
42
41
42
37
44
37
27
36
37
37
41
45
35
33
30
30
42
31
40
41
34
28
31
29
26
30
27
38
36
42
29
30
34
35
36
35
23
39
33
46
43
32
33
39
38
32
26
39
36
38
37
36
37
39
38
37
30
36
31
42
40
30
26
39
33
30
26
37
38
37
42
30
26
25
36
32
40
38
50
40
45
37
50
38
27
31
30
38
43
30
44
41
30
31
33
41
37
26
35
31
33
36
33
32
27
38
32
35
35
31
41
47
41
35
40
27
33
44
39
30
26
32
25
37
40
29
38
45
38
42
50
32
34
44
34
31
28
37
45
41
41
33
34
35
40
43
33
44
35
37
30
28
38
40
33
43
34
35
33
47
36
32
42
44
33
31
37
39
39
38
41
44
36
39
44
39
41
32
36
33
31
31
36
39
44
43
31
33
46
28
43
36
40
39
29
34
33
34
42
36
41
33
29
38
36
30
32
43
33
40
31
44
24
32
30
29
29
38
29
47
28
25
33
38
38
39
40
38
38
27
38
30
30
28
41
32
25
30
32
33
46
33
35
32
47
36
30
33
29
42
38
36
34
41
27
44
40
24
40
29
33
34
36
34
31
33
41
36
40
38
31
32
31
38
45
38
34
29
28
37
42
25
32
38
29
37
39
30
29
40
44
37
45
41
44
43
43
37
32
44
35
36
25
50
34
45
36
30
29
35
31
32
29
29
33
42
47
26
31
35
30
50
38
36
32
33
36
38
22
37
28
37
32
42
46
26
38
36
30
38
35
31
31
37
38
29
38
25
29
32
32
41
28
38
32
22
35
28
39
32
34
43
33
33
31
39
48
32
33
38
30
27
31
39
33
28
41
33
34
33
35
34
28
38
43
30
34
38
38
34
39
25
38
38
34
31
42
29
31
37
34
41
46
38
30
46
25
36
31
16
36
39
30
40
29
38
28
36
35
31
27
31
27
26
36
33
36
34
26
26
30
38
28
30
30
39
32
31
31
24
32
31
33
28
30
31
31
31
32
32
33
27
31
31
27
37
26
37
31
31
27
32
26
15
30
31
32
32
23
30
28
29
32
20
30
33
37
22
19
39
27
35
25
30
26
28
30
25
26
29
32
26
23
24
27
19
35
25
22
28
26
26
35
36
25
29
36
24
35
26
27
28
32
25
34
36
23
31
27
29
28
29
26
29
25
31
25
34
29
30
30
25
30
35
28
30
24
29
37
28
27
32
27
35
26
29
34
31
29
25
35
20
29
25
20
23
31
31
31
32
31
34
29
25
34
32
27
29
25
25
23
25
25
36
24
23
27
22
21
25
26
22
26
26
22
21
28
29
35
25
26
25
16
31
25
20
28
29
32
22
20
33
21
26
25
16
25
30
21
23
31
19
27
34
26
23
26
30
24
25
18
26
23
33
24
22
25
19
22
24
27
23
31
20
24
33
28
27
26
25
23
18
27
32
31
35
30
23
24
32
25
27
26
32
21
29
26
24
24
13
23
28
20
33
24
24
25
23
27
27
22
24
19
23
30
25
30
31
34
28
32
30
23
25
24
22
25
26
28
33
27
23
19
29
31
26
21
27
33
29
23
18
26
28
34
22
35
25
28
32
26
27
19
19
22
28
21
21
27
24
27
29
19
35
26
20
30
27
19
28
26
29
20
22
25
26
38
19
26
32
23
16
23
30
20
28
27
17
22
21
22
37
20
18
29
29
27
32
23
32
26
25
31
30
28
38
35
19
27
25
23
33
21
26
22
24
39
30
18
20
31
27
20
25
30
26
22
25
22
33
20
23
30
36
30
28
20
25
32
29
24
28
21
29
30
26
23
27
39
26
28
29
28
35
17
26
33
33
23
32
25
31
25
28
36
32
18
22
27
26
27
27
22
24
34
23
15
25
24
32
20
31
27
39
19
38
31
24
25
23
28
30
27
27
33
32
25
32
26
29
37
28
25
27
34
36
35
36
32
36
31
20
37
26
28
41
20
23
32
34
23
36
25
28
29
28
28
26
25
26
38
33
33
28
25
22
30
33
35
36
32
33
36
35
35
23
34
31
29
20
21
23
45
32
33
24
30
31
29
26
29
38
20
31
37
31
21
24
35
30
26
28
28
32
24
27
33
27
31
28
28
20
22
30
32
29
21
30
29
36
37
44
27
30
35
35
21
37
27
29
25
27
44
34
32
32
27
35
27
37
20
31
33
31
35
35
47
34
31
28
34
41
18
30
28
30
31
31
42
37
27
22
30
31
31
36
37
32
32
22
45
25
27
38
24
29
34
29
33
24
31
35
22
33
37
43
30
35
36
26
33
28
35
37
28
26
20
36
29
22
29
36
35
30
36
35
30
33
45
25
27
25
35
31
35
34
30
35
51
37
28
38
31
32
54
31
26
25
31
34
32
40
29
32
37
32
31
38
34
32
34
36
27
39
31
38
26
36
37
32
31
29
33
43
32
34
47
36
30
35
35
30
42
47
40
35
40
44
37
43
31
31
39
51
38
40
37
32
25
38
38
37
34
42
38
39
42
36
39
30
51
36
33
33
33
36
32
39
33
41
37
38
38
39
38
41
40
31
43
38
40
31
41
41
35
44
39
34
52
36
41
45
32
36
25
35
48
41
39
43
48
38
36
31
47
39
38
50
48
35
42
43
45
54
43
41
47
38
40
53
43
26
46
45
48
46
32
45
44
40
51
43
57
35
50
32
47
35
28
34
41
41
47
52
42
53
39
37
51
35
41
38
53
59
55
37
43
38
47
34
49
53
33
57
42
44
53
44
48
45
37
59
54
41
62
57
39
46
47
53
29
53
50
50
39
42
38
58
56
52
49
61
46
45
61
45
43
37
56
49
34
45
50
45
48
54
60
42
65
45
50
45
48
46
53
43
63
42
64
48
63
63
45
58
43
60
57
59
50
49
63
57
53
45
48
60
60
51
56
53
63
60
63
44
66
49
57
52
66
50
55
61
65
69
48
51
44
59
48
53
53
42
51
50
73
54
52
64
59
56
56
57
61
57
66
65
57
57
54
62
54
67
46
48
58
50
59
58
70
54
62
51
56
63
66
55
57
54
66
57
54
65
56
65
72
64
65
60
62
57
70
55
52
54
58
70
70
53
59
51
67
59
63
60
58
59
57
60
59
51
65
67
54
75
66
57
54
62
62
64
69
56
54
55
66
79
67
50
56
48
54
59
56
59
48
54
47
73
64
59
70
72
49
54
51
56
45
44
51
70
56
62
50
51
72
64
52
60
53
58
60
54
53
70
50
49
67
56
61
46
56
57
50
58
72
49
61
60
68
54
47
56
49
46
54
56
62
48
57
44
38
53
59
55
53
67
45
48
54
47
44
41
55
42
55
44
50
59
70
51
43
52
51
48
42
46
62
56
49
53
51
51
59
53
42
50
46
52
41
47
44
39
39
45
45
46
49
46
64
55
46
47
48
44
40
36
39
38
42
48
49
45
53
48
43
37
42
42
49
35
47
58
45
39
50
36
51
32
42
40
39
38
41
45
49
36
44
44
51
33
35
40
56
50
28
28
44
36
38
35
39
28
34
36
30
33
24
49
30
34
38
33
41
39
41
32
31
34
30
30
29
36
40
29
35
27
35
39
36
31
37
32
43
31
45
28
28
39
37
31
33
41
33
26
35
35
21
25
27
30
23
22
28
28
30
22
32
33
43
27
37
36
33
28
24
21
29
27
30
23
23
34
32
21
22
21
21
25
22
25
23
35
28
24
21
19
19
24
26
22
19
25
31
27
29
27
32
19
36
23
23
18
25
27
32
23
23
21
17
27
20
20
16
20
27
18
18
21
22
26
22
25
22
27
14
25
21
22
15
24
16
15
22
23
24
34
23
22
28
30
26
16
21
21
19
20
18
21
16
16
22
17
21
21
18
20
25
27
16
19
21
15
16
24
24
15
16
29
20
20
33
19
16
17
24
26
22
17
24
21
14
21
21
17
20
20
19
19
20
24
11
21
14
18
17
16
19
19
23
22
14
15
27
11
22
17
26
15
24
19
15
10
10
19
19
20
14
19
17
22
18
17
50
94
78
68
66
57
77
92
70
101
85
63
65
81
84
62
76
84
79
72
71
56
80
62
88
69
70
83
78
84
57
66
76
67
71
57
80
62
79
69
54
71
88
60
63
67
73
78
71
68
60
66
77
79
69
72
73
74
85
69
62
56
69
50
61
75
58
69
69
73
66
62
60
62
68
66
69
62
55
61
68
54
52
52
49
57
59
62
55
54
49
56
63
66
58
47
52
51
64
65
48
63
53
67
58
56
62
53
55
53
58
55
62
62
56
54
59
63
59
55
55
59
65
40
59
61
54
47
64
36
49
60
56
45
44
64
47
52
50
51
37
47
43
39
40
53
41
68
49
44
38
38
43
54
46
33
59
47
54
43
51
38
46
46
48
45
56
53
56
48
52
36
45
49
51
45
42
44
36
43
52
33
32
33
18
