# Filename : TXT_Files/Acq14400sec_028.Chn
# MCA detector ID: 1
# Start time : b'16':b'16':b'10'
# Start date : b'03Oct221'
# No channels : 8192
# Live time : 716370
# Real time : 720000
# En cal factors A + B*x + C*x*x
# A : 0.0
# B : 1.0
# C : 0.00
0
0
0
0
0
0
0
0
0
0
0
0
0
0
0
0
0
0
0
0
0
0
0
0
0
0
0
0
0
0
0
0
0
0
1
5
11
66
219
381
382
385
442
417
421
457
445
396
460
429
441
422
460
452
460
467
444
457
461
462
475
495
468
532
480
445
482
484
483
486
467
479
448
514
491
491
497
472
472
471
502
497
508
519
505
522
523
554
580
556
527
521
599
563
551
581
572
581
588
617
606
598
599
608
590
626
664
665
642
679
663
691
677
667
687
704
767
724
684
737
695
737
737
710
750
765
744
770
754
797
791
743
768
828
843
777
814
811
847
791
811
794
856
844
807
828
822
851
843
833
777
796
807
802
783
780
721
775
763
769
750
775
772
767
790
804
763
789
784
726
756
751
748
767
804
797
783
793
774
804
805
766
806
850
792
825
824
819
787
844
808
853
869
831
859
851
884
838
876
899
937
934
906
933
970
915
951
901
962
895
971
968
1027
1036
1063
1034
1022
1032
1069
1069
1166
1119
1145
1130
1095
1118
1177
1123
1093
1143
1143
1234
1183
1145
1183
1247
1212
1234
1285
1198
1215
1248
1256
1300
1269
1296
1346
1327
1328
1336
1301
1325
1340
1315
1447
1418
1398
1436
1488
1391
1446
1423
1501
1433
1535
1503
1513
1543
1587
1536
1657
1630
1566
1664
1578
1583
1688
1667
1730
1655
1685
1664
1745
1710
1727
1801
1773
1803
1879
1854
1819
1855
1922
1896
1890
1919
1910
1980
1919
1945
2023
1953
2070
1998
2064
2087
2116
2037
2072
2156
2171
2164
2157
2187
2268
2230
2200
2224
2278
2251
2320
2339
2305
2301
2268
2317
2286
2371
2387
2413
2372
2433
2415
2511
2393
2448
2463
2495
2567
2498
2526
2513
2554
2401
2612
2654
2660
2625
2582
2649
2749
2651
2676
2677
2763
2710
2857
2768
2771
2862
2887
2803
2797
2880
2937
2896
2839
2883
2777
3010
3023
2943
3113
2983
3113
3107
3062
3117
3151
3116
3212
3192
3195
3130
3167
3298
3325
3194
3228
3496
3317
3139
3349
3354
3287
3266
3226
3290
3447
3288
3328
3258
3305
3256
3395
3409
3351
3249
3325
3339
3258
3279
3220
3420
3245
3220
3277
3357
3283
3271
3231
3206
3171
3203
3209
3169
3267
3160
3161
3123
3151
3217
3171
3133
3092
3077
3098
3159
3147
3171
3111
3074
3179
3072
3226
3139
3218
3197
3289
3085
3288
3199
3201
3127
3235
3280
3255
3250
3231
3208
3255
3252
3244
3288
3311
3248
3199
3240
3197
3250
3199
3245
3185
3192
3111
3213
3177
3209
3176
3201
3251
3267
3109
3245
3099
3268
3112
3247
3209
3132
3178
3095
3131
3149
3127
3157
3264
3081
3110
3166
3146
3120
3146
3037
3005
3068
3076
3054
3045
3052
2996
3047
3012
3095
3086
3013
3007
3036
3063
3044
2954
3040
2963
3045
2976
3078
2942
3065
2968
3058
3068
3017
3078
2985
3066
2954
2958
2936
2886
3038
2903
2952
2961
2954
2823
2908
2955
2934
3041
3029
2901
2908
2931
2949
2991
2959
2936
2827
2924
2948
2829
2933
2803
2902
2927
2925
2927
2897
2911
2786
2862
2858
2883
2943
2803
2940
2837
2905
2896
2815
2835
2831
2765
2785
2797
2954
2851
2802
2887
2840
2849
2848
2777
2898
2785
2735
2874
2831
2718
2779
2865
2724
2822
2823
2712
2827
2805
2840
2722
2741
2731
2788
2756
2779
2743
2792
2873
2662
2815
2791
2793
2674
2815
2752
2635
2636
2774
2789
2760
2695
2743
2754
2692
2721
2708
2673
2652
2563
2682
2759
2656
2638
2675
2706
2568
2692
2590
2724
2629
2580
2662
2614
2616
2609
2580
2678
2637
2589
2644
2702
2619
2592
2599
2563
2668
2563
2538
2610
2604
2574
2582
2562
2701
2608
2468
2541
2521
2557
2542
2612
2593
2580
2495
2497
2526
2555
2578
2507
2482
2504
2540
2439
2571
2475
2454
2432
2482
2480
2388
2454
2516
2427
2489
2462
2414
2448
2398
2434
2437
2439
2325
2462
2407
2425
2430
2387
2364
2399
2397
2318
2350
2468
2400
2371
2323
2350
2313
2321
2293
2315
2358
2278
2375
2288
2322
2299
2304
2310
2220
2335
2292
2229
2263
2210
2314
2291
2244
2339
2264
2333
2372
2271
2277
2248
2195
2257
2265
2239
2240
2229
2334
2234
2293
2290
2191
2223
2274
2273
2292
2230
2221
2154
2222
2266
2190
2209
2277
2275
2171
2195
2218
2257
2203
2167
2195
2166
2161
2158
2162
2106
2123
2096
2215
2166
2176
2136
2217
2094
2199
2132
2131
2203
2082
2084
2157
2126
2053
2096
2025
2125
2070
2085
2042
2059
2102
2123
2017
2052
2067
2129
2048
2044
2153
2020
2047
2039
2047
1999
2110
2019
1990
1966
1995
1968
2001
1931
1982
1977
2004
2041
1942
1977
1988
2011
2060
1932
1963
1936
1989
1962
1956
1968
1933
1943
1946
1933
1948
1939
1951
1897
1884
1938
1901
1872
1813
1908
1947
1875
1942
1869
1868
2011
1809
1819
1869
1793
1818
1788
1795
1810
1846
1884
1834
1812
1905
1816
1849
1807
1798
1844
1767
1788
1801
1847
1704
1782
1764
1782
1826
1774
1740
1781
1776
1802
1831
1697
1763
1701
1696
1754
1762
1742
1721
1800
1853
1763
1781
1761
1713
1710
1678
1718
1775
1769
1709
1695
1728
1740
1706
1753
1792
1728
1633
1695
1759
1750
1668
1621
1745
1679
1662
1701
1700
1759
1693
1654
1714
1700
1706
1684
1705
1677
1608
1719
1624
1724
1594
1663
1682
1721
1635
1655
1728
1658
1699
1729
1638
1654
1627
1680
1638
1600
1674
1650
1658
1694
1644
1725
1634
1712
1589
1692
1643
1667
1600
1677
1676
1644
1651
1629
1596
1691
1589
1587
1614
1570
1600
1587
1572
1562
1639
1635
1595
1631
1511
1553
1602
1558
1565
1616
1633
1583
1546
1534
1573
1590
1533
1614
1524
1525
1562
1519
1526
1570
1528
1573
1536
1493
1453
1527
1548
1528
1476
1545
1506
1457
1516
1476
1465
1504
1490
1478
1468
1506
1446
1501
1502
1470
1442
1496
1534
1414
1519
1482
1411
1490
1481
1442
1477
1429
1434
1365
1389
1459
1449
1416
1382
1440
1399
1299
1365
1455
1467
1431
1409
1391
1307
1381
1381
1382
1414
1272
1365
1363
1334
1379
1336
1347
1379
1321
1388
1430
1390
1384
1431
1353
1365
1345
1369
1326
1300
1401
1296
1273
1358
1322
1341
1346
1323
1343
1314
1303
1328
1362
1337
1255
1340
1333
1281
1325
1310
1291
1264
1290
1261
1249
1300
1234
1299
1344
1242
1320
1307
1253
1308
1316
1253
1261
1278
1330
1372
1327
1257
1260
1203
1201
1228
1260
1314
1237
1249
1176
1231
1239
1205
1260
1270
1234
1225
1251
1201
1270
1246
1258
1215
1262
1237
1225
1266
1261
1238
1196
1192
1211
1262
1246
1260
1199
1221
1246
1222
1239
1247
1236
1239
1263
1224
1199
1256
1171
1245
1254
1215
1256
1245
1232
1220
1171
1254
1234
1233
1202
1195
1320
1213
1239
1260
1210
1277
1206
1236
1284
1249
1211
1295
1184
1261
1221
1299
1309
1244
1247
1264
1280
1354
1269
1282
1279
1275
1346
1306
1275
1325
1277
1220
1224
1299
1312
1247
1271
1238
1326
1287
1285
1290
1286
1295
1215
1293
1244
1283
1301
1274
1280
1236
1304
1245
1322
1209
1297
1304
1311
1319
1329
1304
1215
1289
1285
1327
1234
1298
1287
1229
1205
1338
1223
1236
1208
1293
1158
1274
1201
1212
1256
1188
1200
1209
1276
1245
1233
1209
1216
1196
1213
1137
1087
1139
1123
1215
1199
1117
1158
1067
1076
1141
1168
1135
1143
1076
1118
1005
1112
1080
1140
1067
1105
1100
1086
979
1110
1101
1062
1086
1063
1062
1040
1007
977
1058
960
982
1000
996
936
1036
995
961
976
965
993
957
929
991
973
947
918
943
940
933
934
915
983
843
895
929
914
897
932
948
914
878
909
867
904
906
892
893
887
856
887
828
877
853
876
852
850
858
874
854
821
812
842
834
838
836
845
807
878
816
849
835
862
885
847
810
826
802
797
829
864
791
823
793
868
791
794
777
840
796
770
778
763
750
803
786
845
764
731
786
749
808
772
779
766
813
716
780
812
767
796
771
801
780
804
804
704
736
766
739
752
795
815
779
750
773
764
771
745
680
833
706
793
788
775
770
752
754
772
769
765
736
758
763
765
776
761
812
777
745
719
744
746
729
726
738
751
774
778
762
759
713
715
696
757
701
734
783
752
715
708
766
718
733
728
702
753
774
695
726
749
767
709
755
779
762
753
790
757
763
764
722
765
724
736
726
709
784
719
754
764
703
731
705
717
717
734
757
701
731
754
702
740
755
760
742
751
736
779
767
728
807
761
730
724
721
740
718
746
743
679
733
691
716
721
719
788
732
709
714
681
681
705
701
673
645
705
690
716
706
720
671
663
712
708
728
667
704
710
696
672
731
677
688
720
658
725
657
692
699
715
706
651
672
671
700
668
666
668
652
687
703
696
692
674
667
674
627
692
667
659
712
631
671
618
638
640
656
627
628
651
660
634
609
623
620
644
581
613
619
636
624
639
664
584
634
611
610
601
581
656
642
615
608
634
564
582
622
569
578
536
601
611
555
584
621
561
535
574
552
515
530
530
542
563
546
608
512
566
566
552
564
530
562
567
542
543
530
546
515
570
529
553
552
538
546
526
576
578
562
525
543
497
554
525
531
540
498
508
523
503
551
553
558
541
553
540
531
552
525
507
491
535
517
477
519
563
554
546
539
534
543
489
556
539
554
552
536
537
517
522
542
534
560
571
495
558
567
499
544
560
559
520
543
549
532
514
548
546
551
586
511
539
523
533
501
526
537
540
529
508
535
546
545
530
512
525
549
532
578
523
582
555
562
588
600
531
590
534
580
552
567
572
589
565
562
543
560
544
572
586
563
542
551
562
528
576
605
545
597
538
571
579
591
570
549
528
539
578
587
562
590
592
558
611
583
560
596
626
530
583
582
612
537
558
591
591
551
584
553
575
575
618
579
613
586
580
598
580
634
605
557
547
608
559
592
577
564
551
557
605
574
595
573
562
613
600
588
522
578
574
587
563
596
554
582
570
536
559
557
562
560
549
580
525
594
499
584
524
549
539
550
536
529
602
547
549
558
524
566
520
527
518
528
516
564
519
518
534
536
548
529
520
556
484
532
480
532
498
522
511
524
521
491
494
506
499
499
489
482
499
458
526
488
459
471
501
468
448
488
498
515
460
435
453
459
464
503
440
433
451
443
407
478
492
421
472
477
415
417
451
441
428
412
407
441
431
413
411
396
416
426
435
411
395
383
438
370
383
403
441
379
393
393
373
397
392
384
368
365
386
377
419
351
386
380
357
366
335
370
354
379
369
367
362
346
344
371
374
354
386
355
326
332
357
366
328
325
348
346
346
348
327
322
375
320
339
348
349
292
313
352
337
314
289
328
306
297
332
317
342
298
346
336
332
300
346
339
321
353
308
361
308
327
360
336
351
325
309
339
325
302
328
314
326
305
319
306
335
305
322
334
329
327
305
292
370
298
336
324
322
350
308
347
336
321
327
343
307
331
365
332
333
345
330
342
317
315
324
343
336
315
344
317
331
320
330
324
313
345
300
341
304
348
346
328
360
335
321
340
341
377
353
351
342
324
312
336
329
353
312
364
331
365
332
353
354
336
339
358
354
337
327
324
363
322
318
352
356
378
344
368
361
364
395
344
352
362
360
346
307
345
369
390
358
356
364
339
348
369
376
353
328
376
374
366
355
351
351
388
378
335
369
381
379
355
370
384
372
361
366
340
377
365
371
382
367
331
358
372
341
383
363
353
349
413
342
356
342
345
354
354
372
370
386
354
340
354
380
398
324
366
344
331
357
362
329
360
361
353
394
343
379
334
350
369
343
357
351
319
355
359
373
352
383
353
290
338
330
312
325
385
335
343
311
350
326
313
328
351
330
352
360
338
309
304
329
328
313
322
333
333
356
300
309
326
319
343
314
312
317
318
341
281
327
307
303
305
286
320
316
319
303
305
262
327
307
278
274
314
268
293
299
283
304
262
306
295
279
267
302
299
270
286
305
259
289
270
268
269
280
257
278
268
270
284
234
290
258
267
238
274
277
255
268
254
248
241
280
275
292
258
288
266
234
260
252
242
258
267
260
237
262
251
251
261
238
229
238
249
279
233
245
258
248
225
240
246
234
250
225
244
256
244
257
253
254
229
235
223
234
239
266
259
237
227
229
256
232
250
222
267
231
241
248
227
225
257
243
242
215
250
260
227
260
236
234
243
230
240
246
242
241
217
225
251
231
267
238
239
233
248
238
237
230
238
236
236
222
256
260
253
234
214
210
229
232
240
237
243
216
241
237
235
220
214
240
263
195
237
216
237
223
249
209
223
216
239
209
230
245
217
233
220
244
248
206
223
220
234
238
254
262
227
229
228
228
201
232
225
216
220
241
210
256
231
236
223
207
239
216
208
225
227
236
259
223
258
237
230
239
236
236
219
241
240
221
199
225
257
225
233
227
198
221
216
238
256
230
238
224
213
243
218
227
255
209
242
231
225
224
217
238
229
248
206
227
230
229
207
219
196
217
222
205
207
224
200
190
236
187
194
223
225
217
205
199
212
232
224
234
226
213
208
198
190
214
219
207
192
230
206
207
228
227
212
210
229
230
227
231
230
200
228
226
205
226
194
218
203
242
182
210
220
190
222
204
198
232
194
217
226
196
204
217
219
227
197
236
212
201
196
215
200
181
234
208
204
219
190
208
206
205
204
235
239
217
214
211
205
203
220
203
212
201
217
195
191
193
187
238
209
224
223
200
201
193
227
240
223
216
208
212
209
198
221
209
236
207
216
209
225
210
235
224
207
217
207
192
211
208
228
227
195
237
225
238
222
230
245
185
214
227
221
224
226
214
213
223
185
214
207
200
198
201
240
216
241
219
226
214
201
202
239
222
239
227
206
237
206
199
224
233
218
214
230
221
229
214
218
197
207
188
226
203
206
187
230
221
222
203
222
212
208
218
230
192
219
205
230
232
197
234
210
225
225
229
193
185
202
195
194
196
214
208
177
229
221
197
212
231
215
190
213
230
172
204
227
211
204
191
201
210
193
231
201
191
198
191
228
211
204
192
193
214
208
218
220
201
204
199
202
196
198
205
202
208
204
202
175
196
186
169
196
176
202
195
197
196
193
183
189
195
193
177
212
187
187
179
187
182
179
173
200
162
196
177
165
167
192
180
197
183
181
186
175
189
194
174
191
211
170
172
171
225
170
189
203
195
194
171
194
183
170
191
183
177
174
180
150
158
168
201
177
173
184
174
166
162
176
178
167
179
178
169
186
179
172
178
156
164
172
147
183
166
152
173
172
185
184
151
203
193
158
177
162
169
169
157
159
165
184
174
187
191
172
177
156
160
209
185
189
178
174
173
166
180
177
185
174
188
188
158
160
185
172
182
172
178
204
169
166
164
186
191
190
191
194
192
172
158
163
174
186
167
167
168
185
171
168
201
199
155
164
185
197
168
186
196
193
199
201
198
179
179
194
177
177
183
182
179
154
212
184
187
189
175
182
193
167
199
196
182
170
191
190
187
188
183
207
185
183
182
203
189
202
217
196
159
202
206
193
224
180
167
191
211
197
220
191
196
195
221
176
196
214
223
202
224
205
211
201
215
189
210
193
190
221
207
210
182
195
187
211
217
213
219
252
233
226
227
225
230
237
204
223
226
219
231
219
201
180
214
252
223
243
224
228
232
241
222
206
212
209
236
226
229
243
210
219
229
242
224
218
243
240
226
247
213
246
210
232
249
239
226
243
255
237
245
274
220
220
238
224
249
250
248
230
226
239
230
238
266
256
269
221
230
243
221
243
224
249
249
224
267
243
258
255
251
282
268
233
264
274
261
254
219
274
237
226
266
282
237
263
285
258
236
268
249
279
252
227
279
272
279
286
251
274
286
252
268
249
281
255
263
245
278
238
260
264
257
276
259
247
248
253
246
230
288
268
263
234
282
267
273
282
287
262
278
275
276
297
264
267
307
230
270
269
268
260
254
278
280
273
267
267
256
285
280
249
278
266
268
258
258
237
262
262
246
262
244
280
254
318
250
242
273
272
275
295
222
247
265
246
242
276
277
251
240
252
264
268
250
215
249
260
244
253
271
254
255
261
272
272
240
275
250
274
261
262
276
221
268
251
235
291
241
248
261
261
279
237
249
258
238
264
238
237
203
234
253
231
245
232
256
225
236
240
257
272
241
238
215
211
250
220
218
225
205
225
251
224
200
216
207
210
217
203
220
228
199
225
240
227
200
217
213
215
189
192
208
210
231
223
224
196
227
203
219
213
228
190
208
199
187
206
190
197
173
211
189
206
182
205
174
191
177
185
184
177
184
176
172
206
180
176
190
166
144
187
170
169
193
163
177
154
183
172
152
181
167
174
182
169
156
154
157
157
139
157
173
138
150
157
150
140
149
149
153
125
162
145
151
150
146
152
141
137
141
142
153
145
147
160
155
127
146
131
143
149
135
125
158
131
155
128
131
135
141
117
138
132
128
133
127
134
117
134
145
151
138
129
125
130
137
131
125
136
98
139
120
142
121
121
122
121
118
121
119
128
113
112
126
123
123
133
124
104
124
114
131
129
115
101
136
124
132
118
116
113
114
120
127
112
112
105
127
121
112
123
99
120
109
111
107
98
101
121
101
116
110
116
115
113
134
106
115
111
127
111
115
106
119
105
133
109
123
109
112
106
142
102
114
124
116
120
120
119
109
120
93
118
107
116
102
91
112
110
96
120
107
107
118
107
115
106
106
117
120
103
103
104
113
132
112
105
102
115
106
119
132
108
118
90
100
113
118
97
96
106
118
100
108
97
111
100
108
129
113
102
97
114
116
107
112
108
100
110
118
100
99
101
107
120
96
107
107
115
114
118
98
92
112
111
112
107
103
97
131
101
112
114
100
111
123
94
102
113
100
119
126
100
112
93
97
117
119
111
103
101
109
99
78
81
109
112
87
105
97
114
106
96
109
95
96
120
104
94
81
107
89
105
104
96
106
99
99
102
112
106
101
100
98
119
100
96
93
103
106
109
100
108
100
80
113
96
92
77
93
94
83
92
103
105
99
100
77
95
92
88
90
93
106
109
97
101
98
84
86
102
109
109
105
97
117
82
96
91
110
105
105
96
105
78
87
94
101
85
87
106
106
91
89
99
90
114
105
107
82
102
119
92
105
89
118
89
102
113
101
109
90
93
91
109
102
104
106
105
88
100
86
101
98
87
104
116
101
97
98
94
106
86
106
92
95
97
94
91
93
86
88
97
86
94
98
104
92
73
84
90
77
107
99
112
109
92
87
84
96
84
98
115
96
98
88
102
99
93
105
95
100
94
108
86
96
117
100
97
104
115
109
94
117
118
91
89
95
94
99
99
108
102
101
99
107
96
93
91
87
84
108
94
107
94
108
119
104
90
101
100
106
120
64
79
83
92
88
111
106
122
102
110
99
112
98
95
94
99
98
95
113
100
107
94
100
96
104
104
86
114
111
94
108
125
101
111
113
87
102
106
96
94
112
100
80
102
99
106
101
88
95
105
95
92
96
102
107
86
89
94
91
102
94
103
86
116
110
109
101
111
110
97
106
86
105
112
108
79
95
86
81
103
104
84
101
99
99
88
106
96
119
110
101
96
98
94
87
81
92
94
107
88
93
86
93
92
85
128
99
111
97
100
111
95
97
106
101
102
99
103
95
84
89
108
106
109
83
101
95
87
102
120
92
89
112
85
93
100
90
101
93
91
123
113
90
93
108
103
114
92
92
95
84
96
94
78
97
103
86
94
101
99
108
97
79
103
93
98
111
98
102
104
94
117
111
80
90
89
78
96
122
91
84
107
85
97
97
84
84
108
103
81
85
119
86
102
93
103
104
115
102
103
108
103
82
94
96
103
95
96
82
94
108
102
88
86
89
82
108
79
101
92
104
91
89
88
93
112
106
91
97
104
82
83
98
96
94
103
85
98
91
96
91
103
93
88
94
101
93
97
111
87
74
78
92
101
109
95
103
96
92
88
111
86
84
95
91
100
94
79
112
115
114
104
98
90
94
99
108
100
83
65
87
91
99
99
88
95
100
92
102
85
105
86
92
100
103
91
99
110
90
94
94
98
82
108
78
109
79
85
106
86
85
112
94
91
108
84
72
95
98
92
97
87
80
86
82
92
93
99
87
96
85
93
82
97
94
94
92
122
72
85
89
106
87
84
88
94
85
92
97
103
95
75
85
104
80
104
94
90
78
75
88
97
98
91
86
88
90
92
91
92
97
69
83
63
79
105
92
94
91
98
84
88
79
91
104
83
83
92
84
87
74
71
81
73
104
86
88
92
89
97
81
91
99
91
98
103
85
75
63
102
70
92
83
84
98
87
97
75
79
74
91
88
74
104
74
81
82
87
82
74
95
91
82
97
71
77
89
84
79
70
79
87
93
85
77
93
73
93
77
75
74
77
86
71
93
83
73
82
83
87
86
92
80
91
81
105
76
84
69
74
86
72
89
70
64
78
83
80
79
80
82
81
78
71
90
75
75
79
80
66
73
74
83
77
73
95
92
73
57
68
77
79
80
68
91
74
71
90
83
73
91
67
78
91
77
66
90
74
65
91
84
70
79
76
80
83
81
67
83
67
80
75
68
70
89
64
76
83
74
65
94
81
83
69
87
73
68
92
74
57
59
90
78
62
75
75
73
80
89
75
62
79
79
78
75
75
72
64
81
72
80
74
82
56
78
80
75
71
68
68
79
80
71
82
59
71
80
70
84
76
77
72
83
77
64
72
76
58
68
78
78
72
94
77
75
80
66
72
76
72
70
82
81
73
69
71
70
81
82
77
75
70
85
85
71
62
89
64
73
73
84
68
69
72
86
87
66
63
80
77
66
54
83
55
94
80
73
71
76
85
74
58
75
91
66
73
70
79
75
66
73
58
62
66
73
73
65
73
94
66
75
83
60
81
77
76
71
83
63
78
78
78
57
80
64
86
75
78
74
62
73
70
75
67
65
72
70
69
68
75
71
76
80
69
89
77
74
73
78
73
79
57
51
54
84
85
88
72
73
69
73
80
83
67
73
69
76
86
77
83
59
81
93
79
67
86
77
84
68
78
71
68
65
71
79
74
64
67
68
81
75
79
78
79
76
63
79
68
90
75
63
74
76
58
69
77
84
68
81
67
76
79
67
84
77
75
79
82
82
77
87
75
80
77
94
77
62
80
75
88
78
55
74
66
64
52
66
80
82
76
95
73
83
64
75
91
74
70
102
70
65
59
81
77
69
78
72
66
88
82
89
62
63
93
89
72
65
80
84
80
95
73
93
80
72
73
74
78
80
77
68
91
76
105
104
74
84
85
70
99
95
79
90
96
82
89
76
91
72
77
76
79
98
94
85
80
89
85
85
91
70
92
84
86
101
79
84
82
69
114
85
91
103
88
77
94
92
68
76
85
91
82
91
111
81
95
74
106
67
78
97
87
71
91
97
79
88
86
99
88
91
91
114
94
69
89
82
86
81
80
96
88
86
72
103
93
95
95
82
110
81
103
106
91
100
92
85
101
121
93
99
84
86
94
87
101
92
87
92
94
82
101
97
85
95
102
80
85
102
79
91
80
81
86
89
104
93
112
90
97
104
88
91
89
84
91
107
89
86
102
91
61
85
95
94
89
104
96
100
101
105
96
82
100
78
93
101
106
89
80
101
102
93
101
101
89
98
99
97
102
93
97
95
113
118
86
99
85
105
94
90
93
105
97
106
98
97
79
90
85
79
80
91
86
100
96
116
108
96
98
83
101
68
87
88
90
106
83
81
104
73
88
81
103
104
93
103
91
89
87
92
91
89
84
98
84
79
97
105
103
90
82
84
86
104
86
94
100
87
93
99
79
93
85
83
90
92
98
81
94
98
77
84
85
89
100
74
88
96
77
64
98
75
89
93
87
73
95
72
99
93
88
74
78
101
91
98
94
90
93
84
73
90
96
65
77
85
72
69
98
92
86
84
88
86
84
88
89
91
94
81
94
66
88
95
80
83
81
80
63
88
95
98
84
84
71
74
78
87
84
78
61
94
86
70
79
94
71
70
69
86
80
83
84
77
72
93
84
66
86
70
74
97
74
75
83
66
70
90
65
87
87
79
83
71
78
76
95
84
81
75
65
75
102
91
82
93
82
74
92
78
83
85
74
77
82
80
95
82
96
82
92
81
76
75
67
76
78
71
83
82
77
89
70
68
76
73
74
81
79
64
87
84
77
60
70
90
89
76
73
64
65
85
70
83
72
86
85
88
67
77
75
81
81
85
66
82
75
80
87
68
69
74
72
78
75
83
72
91
74
67
89
73
78
91
72
61
60
82
65
84
58
81
67
70
71
80
82
90
88
70
62
63
65
81
70
79
89
62
66
62
60
78
63
67
100
70
55
80
88
61
60
69
61
76
76
78
78
69
74
76
73
86
71
85
69
69
73
64
75
70
66
81
60
68
75
73
65
63
75
63
75
79
58
64
64
77
58
67
76
74
65
58
81
68
78
73
51
77
59
65
68
65
66
54
70
82
64
71
66
54
61
53
69
68
77
64
71
60
69
68
65
58
52
65
77
63
60
72
53
58
53
65
65
56
60
64
61
67
49
68
63
67
54
58
55
60
73
44
53
61
72
37
57
63
63
59
53
52
59
51
51
51
71
63
67
59
54
77
52
56
61
55
65
53
62
52
53
45
60
42
56
61
53
67
46
51
49
56
55
45
37
66
42
60
61
48
55
49
56
50
54
55
57
46
47
43
45
61
52
35
43
44
68
46
54
53
40
66
49
54
51
54
49
44
58
37
48
46
47
56
44
35
49
45
54
52
55
61
53
51
46
56
43
38
37
43
45
44
39
37
43
46
42
41
49
49
44
38
43
36
34
38
46
42
44
43
41
42
41
35
43
47
43
42
39
37
42
48
45
47
50
41
43
43
42
30
41
52
44
36
53
47
45
43
46
49
42
44
51
44
29
38
44
49
46
36
37
30
44
49
49
39
47
30
51
40
57
40
33
46
46
40
46
44
47
47
52
42
38
41
38
40
49
46
36
38
48
27
47
39
46
43
49
50
41
48
55
37
57
35
57
53
40
39
53
42
47
40
47
48
44
34
39
45
46
53
40
39
53
50
49
43
56
38
28
36
43
57
46
34
38
39
51
34
50
44
44
44
47
34
46
45
38
48
38
38
35
47
41
55
47
36
47
45
48
47
39
32
36
40
44
27
36
42
57
38
43
43
39
43
52
35
44
48
43
39
33
52
48
46
44
33
41
47
36
53
57
44
39
52
41
45
39
50
36
44
47
42
40
45
35
50
39
48
50
55
44
51
41
50
42
35
44
41
36
41
31
49
46
45
37
42
40
42
38
49
47
58
46
47
39
42
40
45
47
46
43
39
42
40
50
49
42
43
37
34
42
39
32
41
24
48
46
43
47
43
50
46
47
40
43
52
56
51
40
41
54
42
37
57
43
34
41
48
53
51
35
49
57
35
41
51
50
38
50
55
53
48
51
43
50
45
43
33
34
45
51
37
47
65
44
44
55
56
57
60
57
43
52
45
43
40
42
52
44
46
58
54
41
50
46
46
43
41
56
48
58
54
41
56
44
48
47
51
44
43
44
48
47
38
41
48
44
50
50
47
49
52
64
43
58
38
55
61
50
42
54
59
49
49
48
45
55
48
49
61
63
59
44
55
67
68
58
54
46
55
42
52
43
49
57
47
50
42
43
50
64
52
57
62
47
53
52
53
60
44
64
53
48
51
47
59
63
59
54
50
60
47
56
57
48
47
59
61
47
46
72
56
67
65
66
57
62
60
63
44
63
52
58
59
54
51
61
62
53
60
52
66
49
49
68
48
68
63
55
48
47
55
50
59
56
54
60
67
64
58
53
55
62
63
57
58
56
51
51
72
62
62
59
61
58
63
59
77
53
63
62
63
56
56
68
50
65
61
57
57
69
59
56
56
76
67
50
58
55
63
52
63
55
69
61
49
53
65
68
57
58
51
51
56
71
49
62
59
56
60
81
58
59
61
48
60
52
43
64
54
69
65
55
64
54
62
66
47
52
55
52
57
64
49
50
54
72
52
64
44
69
58
67
58
73
66
59
62
57
52
70
57
75
48
59
45
60
78
59
58
68
67
60
54
48
69
57
55
55
60
57
46
58
55
55
56
75
51
62
46
52
52
66
48
59
43
62
53
57
51
74
52
47
59
63
56
54
69
58
52
58
70
57
64
49
58
54
50
55
53
50
65
60
53
44
43
45
65
68
57
50
59
50
51
55
68
49
54
54
62
51
49
45
52
55
48
45
61
53
48
41
56
54
55
39
50
41
47
37
54
40
48
63
51
64
57
58
42
39
62
58
49
54
40
53
49
50
47
45
43
48
51
61
49
51
47
49
46
67
49
53
46
47
45
44
57
49
42
31
51
44
52
44
44
52
50
54
28
62
43
46
46
55
48
58
41
44
56
46
56
44
44
44
37
51
46
52
58
43
46
52
50
49
41
46
43
43
42
43
41
42
50
30
52
46
34
39
44
43
43
48
41
41
47
43
35
44
43
40
33
58
38
39
46
37
48
35
59
48
33
31
39
38
38
31
35
37
43
35
37
40
45
37
25
53
41
31
41
30
60
37
38
47
38
41
42
31
39
42
40
37
50
39
49
38
37
35
31
38
38
43
40
31
40
45
50
36
45
45
34
40
43
29
34
31
42
30
29
36
41
38
40
36
35
50
27
34
41
39
27
29
43
36
38
59
30
25
39
28
39
44
41
30
41
47
44
37
26
38
32
53
32
34
38
27
32
34
44
38
37
39
34
24
30
42
39
35
30
39
46
35
35
41
42
45
39
41
42
35
24
41
27
41
37
41
37
37
44
35
31
39
36
44
36
42
32
37
24
30
27
44
26
36
33
42
38
33
29
31
26
39
37
39
37
43
34
35
56
45
45
42
31
45
35
35
44
45
32
39
37
28
40
37
37
33
43
34
31
37
36
23
34
36
45
38
36
38
29
37
39
28
38
27
33
34
35
40
25
39
22
25
40
27
31
35
35
30
38
40
36
34
32
30
35
41
45
30
44
31
27
34
39
32
32
38
31
25
46
43
40
39
30
44
40
41
46
40
35
35
50
30
25
31
31
46
21
28
27
32
29
38
37
32
48
42
27
36
29
34
37
35
36
33
37
36
28
45
33
45
34
39
46
36
31
39
34
35
30
31
32
42
40
39
44
42
35
33
36
35
40
25
46
51
46
36
47
40
32
33
32
37
28
44
37
44
39
30
41
40
52
28
43
39
44
33
38
26
34
30
40
37
26
42
30
32
49
36
35
37
37
30
32
40
30
35
43
42
43
47
23
38
42
35
32
32
36
33
28
30
35
40
36
39
34
42
36
44
44
35
43
34
33
35
35
48
39
42
36
34
52
38
40
38
46
33
48
35
32
41
47
26
39
37
41
49
36
29
34
50
36
37
26
33
33
36
41
38
35
30
49
36
32
38
36
45
35
37
43
34
40
39
35
50
29
40
35
33
51
35
36
40
35
36
43
44
44
43
35
44
38
42
33
29
39
34
31
41
32
36
36
27
30
34
47
31
33
32
39
28
32
33
28
32
33
43
25
39
41
37
32
38
39
36
34
26
26
37
34
34
23
37
34
36
38
34
31
28
43
38
27
24
33
32
33
41
31
32
29
37
28
34
39
33
37
37
35
30
27
33
36
29
29
34
39
33
30
32
45
32
48
34
33
38
37
33
33
25
26
36
26
43
35
31
31
30
27
33
29
27
31
31
33
27
29
25
35
33
32
30
34
26
22
32
36
32
25
32
29
45
30
31
25
36
25
33
31
28
35
42
20
36
29
34
28
26
38
42
32
24
29
28
23
24
21
28
22
29
31
32
28
26
33
31
32
31
27
27
39
34
27
29
42
29
37
23
28
24
27
26
30
36
16
31
22
21
39
30
31
24
22
27
34
28
20
22
37
28
27
24
25
22
43
26
22
24
23
25
26
34
20
39
29
19
30
34
28
26
22
21
25
31
26
33
25
42
33
25
26
31
31
29
31
26
27
22
29
28
24
31
31
22
29
31
24
30
29
22
22
19
27
24
31
20
25
18
28
32
21
31
29
28
31
22
25
34
26
30
37
32
30
22
26
26
24
31
26
31
24
24
22
24
32
26
24
31
24
27
31
35
21
26
23
17
15
29
23
22
22
28
31
29
30
33
22
23
27
18
26
30
24
25
23
26
27
30
25
24
26
30
19
16
29
24
27
22
29
26
31
30
24
29
19
28
26
22
27
26
19
18
30
25
23
23
29
31
34
17
18
29
22
23
26
32
37
25
18
23
24
24
24
37
27
29
20
21
25
16
21
14
35
38
27
16
28
24
25
31
17
27
39
30
25
33
29
25
33
36
14
22
24
23
26
25
28
27
31
27
24
26
22
30
17
23
35
17
39
22
26
28
20
18
21
17
27
24
19
22
28
28
27
28
22
30
27
30
25
19
23
37
32
31
29
32
26
28
30
33
21
26
34
28
18
33
30
24
27
19
26
20
29
21
14
26
19
36
32
30
28
26
30
24
32
25
24
29
31
28
26
32
28
26
26
20
24
31
14
30
30
26
34
24
23
20
41
29
23
23
37
24
24
27
26
28
28
25
22
32
24
31
29
18
22
15
22
31
35
16
33
22
21
33
23
29
27
31
34
25
35
26
32
20
21
27
28
22
27
25
28
33
22
29
25
34
21
24
31
33
33
21
15
26
18
22
23
26
30
37
26
40
32
26
40
24
26
28
25
28
31
36
31
35
19
19
30
27
28
34
29
30
28
34
30
26
28
27
17
25
28
36
20
28
36
28
41
26
37
33
26
33
29
29
25
27
30
28
26
34
29
27
27
27
34
23
24
29
23
22
25
35
27
29
33
25
28
32
29
30
27
36
28
30
34
27
30
29
49
25
35
32
30
37
27
36
27
27
37
34
35
34
27
21
26
33
30
29
31
31
31
36
30
32
34
29
32
31
26
44
31
23
32
35
46
42
30
23
31
26
26
33
29
27
29
27
34
29
32
39
35
33
34
33
31
28
25
31
26
41
23
17
36
40
28
34
33
35
34
36
37
40
31
38
32
27
35
33
30
21
31
35
31
26
29
28
36
34
35
31
26
34
34
29
32
39
29
38
35
26
37
40
37
41
30
30
24
29
37
42
22
52
24
32
42
35
35
33
27
33
45
46
34
32
38
39
35
40
29
38
34
22
36
32
37
35
36
40
36
41
34
41
43
33
34
31
37
41
41
42
38
29
43
30
39
31
31
36
38
41
42
21
35
22
30
37
47
40
41
36
39
41
34
28
31
40
37
37
34
46
43
42
37
45
45
48
35
41
28
40
41
50
49
37
35
47
30
40
31
55
37
33
41
26
44
36
49
40
46
33
43
37
38
44
42
42
45
31
47
33
38
43
44
35
41
39
45
44
34
33
46
32
36
50
57
55
37
40
38
52
38
43
39
56
43
42
45
53
55
47
32
39
43
40
37
50
39
37
36
39
45
45
42
42
45
32
31
35
42
50
48
57
49
52
43
37
50
49
48
46
48
35
55
60
50
53
33
49
46
49
54
51
47
46
44
48
62
57
34
49
45
43
46
55
52
68
44
47
66
43
62
43
55
45
46
46
74
41
39
55
50
38
39
33
53
48
50
54
41
43
58
32
50
55
55
47
55
52
59
41
58
55
55
71
57
41
54
53
58
57
38
62
47
56
50
56
43
62
62
66
52
55
47
57
57
68
66
63
51
48
56
67
52
69
59
54
51
62
76
62
53
89
74
68
59
44
57
65
49
72
64
61
65
48
56
53
72
52
57
68
56
64
61
55
59
50
56
62
51
75
45
61
72
58
64
56
62
57
60
67
57
55
63
80
56
44
70
57
60
53
55
51
66
59
47
56
67
67
76
62
65
63
59
59
58
60
63
65
48
54
59
57
54
60
49
58
55
58
49
50
67
52
49
61
56
53
51
51
49
57
52
68
71
57
64
48
49
69
51
58
55
74
59
57
48
59
62
58
49
62
57
46
48
62
46
46
57
50
59
48
51
57
57
63
64
60
61
58
79
52
47
61
54
53
57
53
52
39
50
53
47
53
58
51
44
49
59
47
43
57
47
56
45
52
53
45
56
53
60
54
47
48
46
48
61
55
50
40
47
49
46
56
49
42
45
51
53
43
46
57
53
52
51
38
49
58
49
53
42
36
47
38
51
48
39
47
46
41
41
50
31
41
49
46
48
52
38
40
46
47
39
43
35
41
39
34
45
39
45
43
45
50
40
28
36
40
41
51
36
43
55
33
49
47
36
58
40
39
39
44
51
41
44
38
41
34
37
36
27
38
22
38
34
25
36
39
45
39
42
29
35
32
25
34
41
32
29
33
29
29
35
30
43
36
40
33
25
38
30
33
34
27
36
23
30
32
29
40
27
29
29
28
34
30
28
39
31
25
43
26
35
28
35
22
33
27
24
29
31
30
32
29
30
22
34
21
33
31
26
23
20
36
22
24
23
24
19
30
28
23
42
27
23
18
32
30
25
26
21
27
19
30
23
24
29
22
23
21
27
34
29
20
15
26
19
15
19
17
23
33
25
31
23
20
25
18
25
33
21
26
27
23
23
25
20
24
15
30
19
25
15
21
23
20
20
22
22
19
26
25
16
28
24
31
21
15
19
15
22
23
24
26
25
11
19
22
19
16
16
15
17
15
16
21
24
15
17
19
29
17
23
22
17
16
24
23
18
15
15
26
15
24
26
17
20
16
21
11
20
21
15
16
10
17
11
18
11
18
16
16
11
16
16
18
25
12
14
24
15
13
17
19
22
16
12
14
20
14
19
21
18
22
20
23
16
12
25
16
22
14
25
43
75
70
72
57
64
71
79
66
81
81
60
72
69
71
79
78
76
68
82
83
71
89
91
83
74
59
75
66
69
79
77
75
67
73
68
66
68
68
60
77
69
79
73
80
72
61
77
73
82
67
65
74
58
68
61
64
73
59
64
57
57
68
62
58
63
71
66
75
61
59
43
62
73
77
53
74
61
66
65
75
53
71
54
56
49
53
58
64
57
59
58
62
56
53
60
59
56
64
51
56
52
62
59
58
55
54
62
50
61
52
43
49
64
49
51
40
42
55
67
50
67
55
58
69
58
44
58
57
66
59
37
51
48
45
53
42
50
45
54
36
42
52
47
45
56
51
52
49
53
35
46
53
52
55
42
42
44
41
43
48
44
47
51
45
44
51
39
47
50
45
40
50
44
41
31
42
43
51
47
36
36
38
44
17
