# Filename : TXT_Files/Acq14400sec_031.Chn
# MCA detector ID: 1
# Start time : b'04':b'04':b'51'
# Start date : b'04Oct221'
# No channels : 8192
# Live time : 716369
# Real time : 720000
# En cal factors A + B*x + C*x*x
# A : 0.0
# B : 1.0
# C : 0.00
0
0
0
0
0
0
0
0
0
0
0
0
0
0
0
0
0
0
0
0
0
0
0
0
0
0
0
0
0
0
0
1
0
1
0
7
8
70
230
349
396
402
426
439
414
442
453
449
440
455
443
442
446
406
480
412
401
446
415
458
475
491
458
457
472
470
444
474
445
483
495
526
515
479
484
457
499
497
518
503
542
516
520
545
559
510
485
507
529
547
532
569
553
555
536
565
522
551
573
627
607
568
641
602
604
654
588
589
665
608
625
671
661
651
667
707
684
689
694
699
738
739
738
745
722
701
769
763
739
761
762
859
839
816
869
781
802
799
817
824
816
778
795
829
844
823
884
828
821
848
821
786
815
747
811
766
786
792
786
826
786
724
735
729
733
770
735
738
735
778
742
768
796
769
788
747
781
797
774
796
752
824
833
827
832
822
776
847
812
893
814
839
844
819
835
879
844
836
887
845
930
857
877
897
982
893
990
956
969
993
1022
1003
1052
1025
996
1018
1073
1088
1066
1017
1105
1007
1109
1037
1110
1101
1117
1138
1184
1218
1163
1139
1203
1160
1202
1223
1226
1207
1265
1219
1213
1258
1250
1241
1184
1307
1271
1295
1300
1311
1410
1384
1407
1412
1356
1404
1394
1406
1480
1493
1459
1434
1513
1505
1499
1514
1538
1480
1570
1529
1613
1602
1565
1628
1609
1630
1665
1634
1652
1726
1701
1721
1833
1690
1768
1778
1806
1835
1846
1910
1866
1958
1904
1968
1932
2055
1998
1924
1984
1920
1996
1962
2046
2065
2026
2107
2155
2142
2194
2168
2102
2117
2154
2178
2119
2180
2236
2256
2234
2276
2274
2354
2324
2336
2330
2317
2345
2316
2383
2361
2436
2470
2385
2375
2499
2435
2450
2488
2431
2479
2534
2492
2488
2585
2585
2558
2656
2597
2588
2612
2611
2675
2746
2738
2663
2734
2858
2714
2850
2749
2773
2964
2792
2819
2844
2923
2936
2929
3032
2955
2927
2994
2974
3013
3030
3001
3181
3190
3047
3266
3202
3246
3144
3193
3277
3134
3210
3196
3179
3287
3304
3346
3278
3183
3364
3389
3350
3278
3448
3352
3257
3393
3265
3311
3299
3332
3303
3298
3309
3322
3277
3162
3334
3234
3273
3219
3398
3238
3257
3404
3215
3181
3114
3243
3283
3232
3232
3286
3191
3249
3187
3210
3240
3180
3252
3268
3205
3096
3067
3152
3156
3018
3116
3186
3085
3111
3135
3079
3290
3195
3113
3190
3260
3202
3179
3259
3222
3151
3185
3236
3201
3196
3203
3238
3281
3230
3214
3166
3123
3136
3234
3134
3271
3163
3215
3183
3102
3272
3153
3176
3195
3144
3190
3284
3162
3064
3164
3118
3209
3104
3164
3192
3106
3169
3170
3120
3151
3125
3179
3141
3032
3077
3077
3094
3131
3156
3113
3069
3083
3008
3081
3093
3089
3075
2951
2925
2926
3011
3014
2975
2942
3060
3061
2844
3117
2970
2970
3016
3067
2940
3067
3008
2931
2918
2951
3026
2980
2909
2958
3016
2973
2994
2955
2955
2941
2964
2908
2982
2905
3021
3013
2956
2961
2897
2928
2963
2921
2938
2936
3032
2916
3023
2876
2859
3001
2987
2920
2918
2952
2952
2810
2959
2988
2926
2806
2870
2866
2839
3007
2870
2857
2856
2921
2858
2774
2926
2872
2852
2882
2812
2919
2852
2765
2837
2756
2798
2832
2835
2739
2843
2745
2727
2745
2761
2745
2814
2800
2808
2803
2747
2803
2796
2776
2728
2678
2726
2778
2767
2742
2763
2762
2673
2676
2760
2701
2786
2801
2767
2763
2736
2759
2798
2668
2704
2712
2686
2625
2776
2733
2797
2658
2730
2723
2673
2714
2723
2655
2608
2641
2673
2685
2712
2637
2580
2721
2647
2687
2704
2681
2561
2588
2520
2630
2559
2557
2551
2686
2631
2629
2508
2595
2665
2589
2575
2547
2542
2663
2647
2531
2545
2548
2575
2607
2564
2592
2546
2445
2555
2468
2486
2501
2552
2546
2486
2417
2547
2543
2431
2458
2505
2507
2413
2513
2477
2439
2447
2377
2338
2405
2357
2372
2389
2366
2398
2421
2419
2380
2323
2374
2446
2341
2375
2387
2381
2342
2450
2282
2274
2334
2333
2410
2358
2330
2352
2312
2400
2353
2274
2359
2331
2306
2315
2352
2359
2175
2266
2279
2237
2337
2291
2302
2296
2285
2278
2269
2270
2222
2154
2290
2194
2251
2289
2295
2213
2299
2313
2294
2255
2249
2257
2253
2274
2215
2234
2180
2251
2208
2240
2179
2262
2271
2165
2223
2138
2155
2171
2180
2142
2226
2078
2133
2199
2157
2157
2191
2225
2123
2137
2141
2104
2171
2081
2166
2128
2104
2184
2154
2121
2133
2031
2022
2072
2173
2088
2101
2026
2106
2017
2109
2031
1985
2010
1968
2104
2017
2041
2069
1948
2042
1983
1981
1953
1992
2012
2006
1951
2006
2104
1949
2079
1963
1984
2034
1932
1892
2029
1943
1895
1952
1993
1943
2000
1967
1880
1945
1931
1927
1896
1897
1917
1905
1976
1873
1854
1934
1931
1873
1899
1904
1844
1869
1888
1818
1952
1848
1813
1894
1904
1903
1835
1870
1820
1845
1851
1806
1869
1821
1808
1815
1805
1768
1765
1754
1715
1891
1803
1817
1808
1746
1813
1792
1847
1752
1856
1718
1792
1765
1761
1733
1661
1774
1720
1666
1749
1755
1692
1780
1714
1754
1771
1748
1734
1797
1684
1772
1765
1693
1650
1781
1790
1693
1722
1710
1750
1710
1687
1671
1784
1688
1690
1731
1748
1698
1637
1749
1659
1684
1765
1621
1616
1673
1700
1663
1701
1635
1704
1736
1722
1691
1708
1615
1659
1730
1625
1710
1717
1694
1625
1618
1682
1682
1650
1636
1630
1740
1608
1565
1616
1586
1681
1669
1668
1667
1640
1589
1630
1575
1715
1605
1595
1652
1622
1636
1622
1605
1605
1617
1652
1588
1624
1594
1618
1587
1593
1675
1591
1621
1563
1569
1623
1597
1619
1611
1514
1571
1550
1571
1570
1599
1557
1527
1521
1517
1514
1529
1530
1521
1635
1533
1529
1554
1535
1521
1509
1516
1529
1492
1492
1432
1408
1519
1444
1428
1442
1502
1390
1535
1511
1491
1440
1466
1423
1430
1417
1441
1427
1434
1434
1449
1434
1403
1386
1408
1339
1420
1412
1448
1406
1417
1335
1345
1417
1401
1378
1390
1376
1400
1423
1428
1404
1428
1447
1412
1392
1411
1353
1433
1388
1366
1336
1417
1341
1385
1372
1302
1327
1369
1269
1332
1374
1287
1330
1353
1306
1339
1336
1391
1388
1300
1343
1323
1296
1289
1269
1329
1349
1319
1356
1269
1332
1289
1330
1336
1265
1321
1340
1297
1315
1282
1292
1253
1291
1276
1268
1291
1224
1255
1263
1280
1295
1344
1240
1271
1222
1300
1249
1229
1239
1230
1249
1276
1241
1226
1284
1289
1245
1164
1272
1170
1267
1239
1149
1268
1217
1232
1218
1200
1174
1223
1251
1280
1193
1179
1208
1192
1235
1241
1192
1257
1272
1228
1256
1248
1270
1183
1212
1228
1262
1234
1270
1218
1209
1250
1233
1202
1210
1163
1205
1268
1249
1225
1165
1240
1180
1300
1282
1203
1262
1204
1267
1239
1238
1303
1239
1221
1219
1245
1253
1258
1315
1284
1229
1167
1278
1239
1289
1274
1289
1245
1250
1237
1266
1270
1292
1290
1272
1258
1253
1287
1326
1331
1301
1329
1181
1257
1277
1305
1283
1239
1304
1223
1285
1280
1266
1287
1305
1259
1291
1253
1298
1200
1257
1284
1309
1261
1252
1264
1248
1287
1277
1300
1254
1265
1279
1225
1211
1201
1256
1189
1276
1228
1212
1192
1223
1193
1307
1191
1184
1170
1288
1209
1153
1232
1206
1197
1215
1284
1213
1191
1179
1144
1178
1122
1138
1196
1192
1124
1097
1122
1138
1124
1133
1072
1068
1065
1055
1079
1108
1047
1092
1099
1040
1026
1075
1090
999
1044
999
1000
990
985
979
972
1011
981
1003
961
955
1008
989
986
974
995
986
954
947
949
904
988
918
890
905
938
907
914
894
918
931
929
894
897
918
886
853
935
902
903
814
875
830
889
853
824
800
905
859
837
839
816
845
817
847
857
767
793
789
784
779
799
808
897
786
786
851
797
853
864
831
785
826
825
810
826
791
778
807
749
769
766
830
773
754
780
793
838
796
730
752
765
828
810
755
750
751
782
773
778
775
808
786
801
748
792
776
811
767
763
775
739
786
727
821
792
737
767
682
771
786
763
735
790
779
749
756
784
743
746
751
735
730
750
765
767
741
752
746
743
723
775
774
721
767
743
780
742
730
724
777
703
697
724
730
753
748
726
764
740
758
707
774
762
772
719
684
670
720
750
754
728
707
739
772
720
789
768
760
706
766
698
752
731
754
731
774
730
679
724
687
731
708
713
735
737
752
727
759
704
737
761
759
748
728
714
691
709
734
751
764
687
738
703
750
725
721
674
740
716
745
689
751
751
697
727
720
739
714
690
745
745
727
721
760
686
669
737
722
737
740
744
673
668
726
708
686
714
679
739
682
722
706
671
712
698
684
718
682
698
672
715
685
677
669
751
660
657
666
714
668
676
692
666
645
662
660
657
669
607
676
711
679
651
647
633
696
692
644
603
643
624
599
637
627
628
596
644
661
607
592
620
627
615
588
645
597
645
635
629
636
584
602
627
600
597
603
606
585
559
574
599
600
611
571
581
617
557
580
597
597
610
577
561
580
574
588
553
538
558
603
586
547
586
560
564
578
570
550
561
542
520
512
551
533
530
541
577
542
580
551
533
540
578
551
533
525
533
562
545
550
550
544
550
537
520
524
532
564
525
516
440
508
557
585
537
557
536
530
559
575
521
533
540
531
531
480
544
496
502
514
492
565
527
580
544
537
527
540
566
541
508
505
580
577
535
497
504
576
568
521
546
532
573
497
577
532
544
562
536
587
540
589
536
582
537
541
540
559
530
549
532
562
488
520
563
581
588
597
578
568
544
582
520
561
554
588
574
568
588
606
590
576
519
556
558
601
600
587
597
579
560
565
592
568
533
577
565
599
557
604
572
596
571
576
547
621
590
584
581
598
597
585
584
533
557
576
560
589
570
554
610
609
569
598
588
611
583
620
607
579
550
591
599
570
589
558
624
567
607
625
584
593
557
575
559
584
569
586
596
549
602
579
601
573
605
579
570
568
519
615
573
547
584
531
526
554
570
597
538
597
558
529
556
538
548
577
562
569
543
549
566
549
571
547
521
565
511
558
490
606
578
558
529
480
502
519
544
539
516
503
525
536
535
482
482
517
491
486
517
475
531
498
474
497
480
466
492
470
477
509
475
478
455
445
453
451
452
447
463
445
452
426
415
441
441
455
412
420
433
413
453
422
411
417
452
447
446
406
429
434
406
430
376
437
375
369
391
387
361
360
352
386
385
406
415
396
374
364
372
375
384
375
399
399
421
375
386
345
366
367
316
371
386
352
367
355
379
360
334
355
340
324
369
349
318
372
345
317
367
334
307
363
334
345
350
317
349
317
352
321
341
348
326
327
332
341
327
335
333
309
318
329
329
318
324
288
328
341
319
336
326
304
336
327
325
375
328
324
291
316
343
317
319
308
322
330
331
354
377
330
331
303
310
313
348
296
351
330
309
292
341
366
325
313
338
330
298
327
290
328
322
279
313
332
353
339
322
320
331
322
331
316
311
327
302
331
344
341
338
319
347
338
307
347
350
375
289
340
328
312
323
330
330
364
319
347
296
352
327
334
345
320
357
314
301
313
364
327
375
393
347
352
343
369
342
364
328
335
368
343
326
340
327
318
335
304
350
362
321
367
337
395
367
350
366
336
345
318
353
347
358
362
337
349
351
349
350
335
315
369
364
353
354
361
353
347
360
344
315
339
347
358
318
341
315
358
367
353
344
309
353
335
359
329
373
334
363
354
383
368
368
349
335
334
316
318
339
332
350
367
358
342
352
381
350
367
355
367
348
343
369
334
344
361
310
346
319
342
326
334
310
342
350
335
362
362
334
326
341
352
318
321
313
321
318
342
344
313
329
324
302
347
329
316
364
329
323
336
340
331
338
299
311
314
315
309
316
321
293
299
317
311
307
281
305
321
298
304
300
274
323
294
292
304
320
310
313
336
316
276
301
288
293
271
285
264
294
288
257
269
260
293
301
281
299
255
283
265
277
258
286
281
271
284
245
248
254
269
298
241
276
257
225
277
244
236
253
283
270
245
283
259
240
273
263
219
274
274
271
266
276
270
257
282
237
243
248
266
249
248
227
234
267
279
238
257
262
263
235
266
245
251
264
256
248
275
212
222
234
276
291
246
254
235
220
253
214
243
228
244
223
251
251
250
267
247
244
238
240
238
256
223
226
245
210
226
210
230
245
237
229
221
245
261
239
244
225
245
209
253
219
232
231
224
237
224
234
246
268
192
241
228
249
217
226
243
236
223
208
221
230
244
229
235
240
225
251
244
214
247
249
224
228
241
231
217
235
220
231
222
237
247
232
255
222
217
234
239
239
236
230
239
236
232
221
240
243
212
239
241
245
205
222
229
254
234
224
234
207
224
257
237
225
227
211
237
221
237
211
235
231
231
234
216
253
220
232
232
245
214
209
264
207
224
228
229
225
230
224
219
195
232
205
233
199
234
234
211
237
211
225
254
224
209
215
224
246
213
245
202
243
226
196
218
226
216
212
217
191
220
221
225
221
240
228
200
229
221
236
222
215
243
216
216
206
191
225
206
231
222
230
241
227
237
220
180
210
214
223
223
212
236
204
200
241
224
222
215
205
211
218
230
210
190
197
211
190
231
229
223
192
200
213
224
229
187
219
228
222
225
214
230
219
185
223
208
247
199
208
194
219
209
236
208
188
214
182
202
199
203
235
210
228
239
221
209
199
223
208
210
221
222
208
214
197
235
184
217
199
202
209
236
229
207
182
215
218
215
211
208
250
205
244
213
205
207
245
216
226
211
209
214
202
216
210
218
208
213
219
216
210
202
223
214
200
202
223
213
214
248
236
228
186
227
227
216
216
212
219
224
213
229
186
217
198
212
196
201
220
201
197
203
216
236
216
204
220
223
221
238
203
201
195
209
199
197
200
231
223
214
205
208
217
211
207
206
228
204
217
216
227
228
200
208
212
218
236
212
244
226
216
229
214
209
220
205
219
196
228
204
226
220
219
232
188
230
228
205
213
198
180
199
214
217
217
187
208
209
206
190
198
201
182
197
186
206
218
184
211
204
215
206
181
198
198
213
202
203
210
204
192
200
210
212
182
186
220
208
207
197
195
196
180
201
193
178
188
195
169
206
197
193
172
207
191
184
183
208
163
202
188
190
208
192
196
193
177
209
192
173
178
189
176
176
196
195
189
222
172
204
210
166
191
197
186
160
180
169
181
172
187
182
186
211
147
172
174
197
182
166
202
174
207
183
172
202
177
176
185
189
172
186
185
168
169
189
178
168
175
181
156
180
169
177
191
165
173
157
180
180
204
192
183
179
187
196
173
157
201
188
191
175
169
189
172
193
183
160
182
151
160
176
171
176
195
187
195
163
179
196
156
175
172
159
197
186
175
173
162
183
156
199
175
165
188
156
176
162
168
178
156
195
199
191
181
190
190
211
163
176
205
178
162
184
179
190
154
205
212
203
178
188
199
172
186
190
188
202
204
207
196
158
193
184
191
190
191
187
182
191
189
189
175
222
188
180
184
189
213
194
200
197
194
189
203
209
193
189
218
171
188
202
166
176
193
182
211
232
207
203
200
172
205
211
232
182
229
190
229
211
214
185
215
212
220
202
226
242
219
211
214
222
220
219
231
216
232
208
212
227
194
202
239
205
222
206
222
214
211
222
219
229
244
229
241
223
210
240
223
227
256
224
219
230
251
251
234
229
214
234
257
251
233
263
264
227
223
251
224
244
256
230
230
229
238
253
241
237
231
269
255
270
241
230
211
262
250
258
266
260
254
245
233
238
239
257
236
237
246
261
248
258
259
228
236
249
242
293
250
262
229
259
276
242
245
262
244
286
246
259
251
254
256
231
263
250
261
265
263
259
255
279
266
251
263
268
250
263
255
258
242
249
255
260
252
228
260
255
252
283
272
277
268
275
283
276
275
259
287
285
285
256
249
270
296
275
275
260
259
258
274
261
261
282
242
270
278
296
281
261
231
270
278
273
262
280
257
256
260
267
276
272
280
262
281
277
260
303
278
238
263
259
248
252
237
244
235
279
229
243
300
250
259
268
257
249
269
254
257
258
251
254
252
261
258
257
275
253
270
246
251
251
239
260
248
268
248
251
213
246
271
227
269
269
237
273
247
254
260
242
222
241
270
251
236
220
238
255
233
213
224
219
222
219
225
227
236
222
204
232
238
245
217
257
225
219
233
243
241
238
211
216
228
204
213
208
227
231
198
208
201
213
206
216
194
224
224
235
195
187
191
171
184
228
206
203
208
217
192
193
183
190
208
192
215
182
196
201
168
196
169
215
189
163
171
193
167
179
162
173
171
187
142
182
163
161
167
156
193
175
164
188
166
166
151
167
162
167
140
155
194
150
173
149
167
171
124
153
141
154
159
166
137
162
163
151
162
143
146
156
139
142
134
133
146
159
150
122
135
119
149
157
135
120
138
128
159
130
134
119
105
150
151
112
117
124
117
121
134
131
117
132
127
106
136
143
125
132
139
104
139
124
148
126
109
138
140
123
108
111
108
107
136
124
139
129
112
118
116
139
127
117
126
112
99
106
110
86
122
113
108
111
123
109
115
111
107
115
112
127
118
115
104
109
126
140
130
124
132
105
102
121
97
106
123
122
98
114
106
124
108
96
112
105
100
103
103
106
105
111
120
116
99
91
107
107
124
137
129
116
121
115
123
103
108
106
105
132
123
129
112
95
105
116
106
125
132
101
126
117
102
123
116
110
109
116
119
92
108
107
93
114
106
104
106
109
104
117
110
101
92
119
97
104
101
124
104
114
111
99
104
87
90
108
119
104
109
107
99
102
92
109
141
97
97
98
100
99
99
108
92
114
101
92
112
97
123
116
120
88
108
113
105
97
107
104
115
86
81
95
117
92
94
91
93
114
102
108
114
98
100
99
111
107
103
89
107
110
111
120
85
109
96
95
91
107
107
111
112
97
100
110
108
100
104
90
90
111
84
91
102
94
98
119
125
113
97
107
102
113
102
105
102
108
114
110
77
98
106
113
91
111
83
90
88
121
88
100
105
87
114
102
100
91
103
104
78
112
96
123
92
116
109
98
104
95
112
115
92
108
98
68
107
98
101
83
89
102
98
98
97
104
82
118
93
106
96
105
105
108
113
103
106
104
91
94
110
98
90
103
100
98
107
100
102
92
73
93
94
109
92
113
103
115
110
84
102
100
90
101
103
95
80
98
99
95
79
85
84
87
101
118
112
103
91
78
89
89
99
91
90
99
107
109
94
95
96
96
104
104
99
102
103
89
101
111
104
112
96
91
99
95
119
99
109
96
100
88
95
111
118
98
102
93
89
90
94
91
115
95
111
107
106
106
100
118
98
107
86
104
90
102
73
93
111
94
105
96
108
99
99
97
103
110
91
86
94
94
90
103
98
94
113
90
87
93
94
106
87
104
104
104
95
107
110
90
100
110
103
97
107
97
92
88
93
100
89
88
111
107
94
98
108
115
102
113
109
95
112
103
92
105
100
101
94
93
109
97
115
104
97
101
97
97
103
95
96
104
96
97
96
89
113
100
99
117
93
97
102
84
94
101
92
90
119
91
93
114
105
103
97
95
101
100
86
108
91
88
93
85
105
88
109
105
110
84
115
113
100
90
90
81
90
104
117
82
94
91
118
122
81
84
94
94
92
121
90
86
97
76
79
95
112
110
94
94
94
107
105
103
100
92
111
79
88
76
96
97
118
97
117
89
97
114
82
96
89
97
113
96
110
95
86
113
94
103
112
108
109
83
97
98
93
94
94
97
101
110
88
110
106
96
117
100
97
86
95
96
89
103
94
98
83
110
93
104
96
95
105
82
88
109
87
93
82
85
92
98
97
96
98
95
109
95
96
78
104
72
93
98
90
87
93
92
96
92
92
104
93
88
103
94
85
95
87
94
104
86
100
103
97
96
83
111
93
84
99
95
87
107
88
119
98
92
94
96
101
83
93
94
97
90
96
92
100
95
84
92
101
102
83
73
98
91
101
95
93
95
114
93
110
102
86
87
87
81
106
95
96
74
91
78
101
96
107
113
101
80
94
99
97
91
75
87
95
87
94
100
94
96
102
106
90
104
109
91
97
96
86
86
93
101
110
101
88
83
98
94
88
92
107
92
81
98
106
85
92
90
96
104
110
91
81
73
93
111
95
98
100
87
88
111
101
100
93
102
84
87
94
81
85
83
88
83
95
87
106
90
78
72
86
90
82
82
71
98
79
97
69
80
93
81
86
84
83
88
92
95
76
68
82
93
87
70
85
73
86
96
89
85
83
85
90
107
86
85
87
99
96
86
78
80
96
94
87
82
83
94
95
90
81
78
99
89
77
72
91
87
72
70
79
97
104
92
91
73
83
92
79
57
75
86
78
97
105
89
81
92
84
77
76
84
89
87
93
87
91
79
85
83
95
86
68
87
72
73
74
73
88
79
99
75
77
83
82
91
97
88
73
81
70
84
67
90
95
88
95
73
67
79
81
71
101
81
60
79
81
82
77
72
63
78
75
82
67
70
72
83
76
74
80
68
84
77
75
84
78
77
75
70
85
79
75
86
66
81
82
84
87
73
67
89
89
77
80
71
77
67
78
89
72
74
88
73
79
71
85
74
74
89
72
83
72
71
85
72
81
81
61
77
74
82
58
74
82
68
66
74
77
95
73
69
80
61
63
62
78
80
72
78
71
86
80
74
77
79
68
75
70
78
64
72
82
85
81
64
84
82
74
71
69
86
66
61
76
85
86
77
75
61
62
68
90
69
59
84
83
66
74
77
76
71
64
78
71
60
92
79
73
67
93
64
73
96
68
76
84
78
70
80
88
85
76
91
74
76
62
65
60
68
63
75
68
83
71
71
70
68
72
81
66
70
78
70
74
65
70
72
74
69
70
89
71
64
79
80
72
73
69
73
71
73
47
71
72
64
79
81
76
65
80
74
94
78
50
93
86
78
78
78
70
84
78
66
73
90
70
65
71
61
83
75
62
62
65
58
82
98
74
102
81
76
69
64
76
77
68
79
70
74
85
82
63
72
66
56
64
78
67
74
63
62
92
78
64
74
56
82
73
73
80
64
70
69
90
78
88
57
70
61
96
69
80
85
74
75
92
72
66
60
78
88
82
90
73
74
92
78
86
73
77
67
63
77
69
75
69
77
90
80
74
82
68
83
80
79
62
85
75
80
78
90
66
70
81
72
80
88
68
64
79
76
73
83
84
63
71
77
78
73
64
68
63
72
77
85
79
75
78
80
82
77
75
92
99
80
80
75
77
82
70
72
77
70
79
79
76
87
82
102
93
91
89
83
80
76
74
75
84
73
74
75
87
85
61
97
86
79
74
80
86
78
75
81
94
90
77
85
101
78
82
96
76
72
108
91
96
87
69
88
77
100
79
96
71
100
79
91
98
85
95
86
87
85
86
98
89
95
93
68
76
80
82
92
88
95
96
88
90
80
107
85
74
94
111
83
87
82
93
92
88
107
102
91
84
109
107
79
86
95
98
92
86
99
88
81
99
99
73
95
103
104
91
79
94
100
101
96
98
95
99
101
97
109
86
94
96
93
97
86
97
94
106
96
91
102
113
87
84
82
110
100
87
104
95
96
96
81
90
95
84
100
101
89
103
79
99
105
87
88
83
102
116
98
95
91
92
92
89
93
92
90
96
98
97
107
94
89
91
91
91
107
93
103
91
95
87
95
98
84
97
93
105
92
97
89
92
80
103
99
97
101
116
91
110
90
78
78
94
94
96
89
111
93
94
104
97
102
78
97
86
98
79
91
95
83
100
90
82
92
96
92
88
98
92
96
89
106
88
93
94
99
101
85
71
103
97
93
77
80
82
89
100
108
86
88
79
70
82
99
89
79
95
94
97
84
88
106
75
76
82
107
79
83
97
87
92
94
72
84
92
83
85
96
100
78
72
94
94
95
80
84
82
100
92
86
75
80
80
94
77
90
86
99
90
82
73
91
91
89
87
82
67
88
88
74
91
88
92
88
70
65
95
82
75
78
75
99
79
76
93
72
79
91
86
111
72
74
105
84
89
87
81
89
90
67
80
78
86
78
90
78
90
95
69
58
81
86
78
97
79
87
82
92
89
87
83
72
86
72
80
89
85
76
86
75
63
79
64
75
94
89
79
91
73
79
78
84
88
85
74
74
58
80
79
86
79
77
72
79
94
61
87
68
77
79
75
74
81
88
81
68
87
88
78
83
66
78
81
86
73
73
79
84
72
69
85
77
79
67
75
65
84
72
73
78
70
83
79
67
77
59
63
72
71
84
79
75
70
65
94
79
87
78
70
71
72
79
66
72
77
89
77
73
87
75
78
71
83
76
79
72
75
75
81
66
73
74
69
62
74
65
72
67
75
71
85
60
58
82
77
73
73
85
68
70
70
76
67
73
81
55
68
76
66
53
50
83
78
77
64
68
64
67
63
81
57
70
67
61
72
70
62
58
61
64
73
58
62
52
60
65
71
64
75
62
58
69
73
69
57
61
67
72
74
53
64
60
55
59
61
53
70
70
75
77
63
59
76
78
48
70
61
76
67
61
56
66
64
57
69
67
56
52
58
70
53
66
63
61
56
56
61
60
68
45
46
52
54
57
68
64
45
59
57
47
45
49
50
51
56
64
46
59
57
36
64
53
54
52
39
50
48
62
65
40
52
50
56
56
41
55
60
57
65
49
53
43
61
53
43
53
50
63
41
60
56
55
45
51
46
60
53
66
43
47
54
48
42
48
46
50
56
53
48
56
68
48
58
48
44
58
50
43
42
43
58
48
42
37
43
50
39
44
56
49
52
45
50
62
45
45
36
43
38
50
45
34
44
37
41
51
47
58
48
52
44
57
43
48
55
50
49
42
35
49
40
45
36
39
43
49
42
46
49
65
39
37
34
44
33
38
50
46
43
35
41
44
34
36
49
43
43
40
47
42
41
52
45
39
41
49
46
48
40
38
43
41
46
47
42
49
54
48
44
39
44
41
38
39
31
40
31
45
45
41
43
44
40
45
42
39
40
57
38
38
36
44
47
37
46
45
48
44
33
38
48
45
38
45
51
34
49
45
38
34
50
42
43
56
41
39
47
49
40
44
39
51
40
40
36
56
42
45
35
46
37
53
42
58
45
39
31
49
46
40
44
45
58
23
53
47
54
28
42
37
49
55
47
42
32
42
30
35
44
53
51
36
44
38
44
43
32
30
42
39
41
52
40
46
28
39
44
42
46
34
34
30
48
50
42
23
52
58
48
43
46
34
41
59
44
60
43
52
42
49
50
46
54
37
38
37
38
40
48
44
46
47
55
53
38
37
39
47
37
37
31
43
45
41
31
39
32
47
53
47
36
32
41
36
49
43
48
38
44
54
51
52
47
52
46
55
42
55
55
42
39
46
30
42
44
44
41
39
43
45
43
35
34
40
45
48
42
42
53
55
54
28
56
46
37
49
40
39
47
41
33
37
33
37
54
44
38
37
52
53
41
42
50
51
51
53
45
41
45
42
41
53
36
47
46
54
40
53
47
48
44
50
43
57
60
57
44
50
56
40
60
51
53
52
46
48
46
33
47
54
61
55
53
46
58
38
50
54
50
55
58
63
52
44
45
52
49
55
45
58
42
66
56
63
45
51
58
42
53
38
42
43
45
53
39
48
53
56
54
43
59
46
49
61
46
43
56
56
50
54
34
59
40
59
43
54
42
74
53
48
51
55
44
47
50
46
50
58
50
61
69
51
57
62
57
53
47
51
45
60
64
57
53
59
59
40
59
66
50
64
57
68
56
56
46
52
51
43
52
51
53
63
63
51
61
50
41
47
62
51
77
59
51
48
56
61
63
59
59
62
64
57
56
64
43
56
53
60
56
60
59
57
60
54
47
57
71
66
57
60
56
55
65
56
66
57
51
46
63
46
74
51
55
45
52
57
63
62
57
48
59
55
58
65
56
54
49
64
49
55
55
64
73
67
48
63
60
69
58
53
47
66
59
68
54
63
57
64
56
65
54
59
58
67
70
62
64
59
59
54
62
76
71
58
64
70
66
60
64
64
61
60
62
64
55
61
63
50
49
61
69
48
61
58
61
54
59
60
47
57
61
62
69
54
68
74
60
69
52
59
66
69
47
61
54
60
59
53
47
61
47
59
49
45
72
69
62
56
61
59
53
58
53
51
44
56
56
46
61
70
47
62
55
59
71
60
53
62
54
54
58
51
51
57
56
56
72
53
52
59
63
52
50
64
52
61
61
55
43
57
51
57
67
52
44
59
52
57
59
56
59
43
64
43
53
46
52
39
53
51
48
66
51
69
51
47
55
50
52
54
46
60
54
63
46
50
47
52
41
52
52
44
59
40
45
49
53
60
56
48
42
64
44
56
50
61
54
45
55
52
48
39
50
41
47
53
43
42
55
50
52
51
55
46
43
41
44
42
50
41
46
47
47
41
44
37
49
42
33
47
41
46
50
33
48
49
49
46
40
40
55
48
52
43
35
39
53
34
37
40
42
44
47
55
43
38
41
45
48
43
52
40
49
50
47
35
32
39
48
36
36
46
51
34
27
51
40
37
25
32
42
34
50
40
53
42
51
35
43
41
35
42
46
33
41
47
39
40
45
52
35
37
36
36
34
48
39
56
47
40
32
36
42
37
41
49
41
37
37
46
40
45
38
46
43
35
42
46
43
35
37
39
30
39
42
30
35
43
35
28
38
53
40
30
45
43
34
31
30
33
37
38
43
35
43
36
37
43
27
37
35
42
45
33
23
34
37
26
34
36
48
38
34
41
42
43
28
37
38
39
41
47
32
46
30
37
35
31
38
34
44
43
34
32
35
25
38
31
45
39
36
47
49
35
46
32
25
40
41
43
31
36
31
27
46
38
37
39
34
35
36
34
25
32
32
35
35
28
35
36
40
36
51
36
42
33
44
39
32
48
31
41
41
34
42
33
40
40
38
33
43
29
34
29
53
39
43
41
29
31
39
31
39
32
44
39
33
29
35
48
27
29
33
43
41
41
33
34
40
49
28
42
36
28
37
34
39
28
42
39
38
32
31
49
26
33
32
32
38
27
30
40
34
35
42
29
33
37
30
38
39
38
42
38
42
43
38
38
26
32
30
37
47
35
37
36
33
27
43
37
33
40
40
38
31
43
43
30
38
28
37
31
38
30
34
30
29
34
31
22
37
39
34
43
29
45
33
38
34
36
37
26
42
36
39
37
43
33
28
42
31
45
34
41
32
32
46
42
30
41
49
35
48
41
35
36
41
36
24
44
32
30
28
32
30
49
31
42
31
39
46
41
39
32
38
31
35
34
30
36
35
29
27
41
47
37
35
31
37
25
46
45
40
36
41
33
41
40
37
29
32
26
30
42
28
33
40
32
35
38
32
41
30
34
37
43
43
34
34
29
36
30
42
36
39
28
32
43
33
32
32
25
33
43
35
21
36
28
31
33
40
43
40
24
37
33
45
28
35
48
36
45
41
41
40
40
31
42
43
27
30
28
40
43
31
35
35
36
47
41
27
50
40
36
41
45
32
24
40
35
31
30
34
38
36
40
40
36
33
36
35
39
43
44
35
32
28
45
37
32
34
40
35
41
34
33
30
32
38
37
29
32
28
32
38
39
26
30
26
45
37
37
29
28
36
22
32
35
40
26
36
37
32
30
40
25
28
28
40
31
43
37
36
32
22
36
31
37
34
34
29
25
35
29
39
35
30
33
23
31
30
34
38
23
36
34
31
34
35
22
34
36
29
31
30
27
41
33
17
23
32
26
32
25
28
28
25
36
33
27
35
34
27
28
32
28
27
29
24
21
26
31
27
27
26
29
27
41
31
35
37
32
32
48
40
31
24
21
30
39
30
39
35
24
39
27
33
33
26
27
27
35
26
25
22
28
32
26
32
30
30
29
36
19
38
25
23
33
25
21
29
29
24
35
31
34
39
34
26
28
24
24
31
22
18
30
33
19
24
30
31
21
28
25
33
24
30
36
22
28
27
23
24
32
33
27
29
28
22
27
34
29
22
33
23
31
30
29
28
36
20
18
25
27
36
22
23
30
31
27
28
23
28
31
24
25
24
25
17
23
31
32
24
22
26
40
30
29
33
28
18
22
26
24
26
31
27
35
29
35
28
29
29
19
32
31
22
35
30
33
34
30
28
18
18
33
19
31
32
22
19
17
33
28
23
33
29
28
28
25
30
31
25
35
23
21
20
22
18
16
22
23
20
30
18
25
21
24
27
21
29
31
28
30
35
21
20
22
24
25
25
19
28
24
28
28
21
24
29
25
21
20
38
25
28
22
35
17
25
20
23
23
21
23
31
20
26
35
29
27
22
18
22
26
31
24
31
24
25
29
26
30
28
40
24
24
31
22
34
21
18
23
33
27
19
36
22
19
22
25
15
35
24
25
26
22
37
19
16
28
25
36
22
28
25
24
25
20
28
28
36
23
30
25
27
21
22
15
23
26
20
27
24
33
32
25
18
30
21
27
21
30
29
17
31
25
29
18
18
23
28
27
28
24
21
31
21
31
21
30
22
15
30
23
30
17
18
29
26
22
23
27
17
25
23
21
22
16
31
29
36
21
24
28
30
28
25
33
18
19
25
27
32
18
27
20
16
30
18
32
34
35
28
18
21
27
26
26
23
36
23
30
32
20
25
24
39
34
25
24
22
26
22
12
30
32
23
39
30
21
28
29
24
25
31
23
23
29
25
33
21
20
24
28
20
24
20
27
26
26
28
40
23
25
28
27
33
28
34
21
29
30
26
27
28
23
38
22
27
19
34
21
17
23
29
25
33
26
21
27
23
27
44
27
26
26
26
34
32
30
23
24
26
28
36
28
26
31
28
34
30
28
25
29
25
28
35
37
26
26
30
21
37
30
33
30
24
34
25
34
26
29
25
38
27
36
31
30
30
29
27
33
34
27
23
33
23
24
31
29
27
29
37
25
33
25
21
33
24
27
30
29
37
33
30
27
38
32
36
33
36
35
26
39
25
23
37
29
30
21
36
34
32
24
21
40
26
38
33
14
28
28
33
24
29
34
23
34
21
35
23
28
35
34
29
31
27
26
30
27
24
36
34
18
37
41
32
24
37
35
40
31
37
31
25
30
28
31
34
24
44
33
26
31
31
29
32
33
38
32
33
29
42
23
29
36
30
38
39
23
27
34
39
41
38
32
35
31
34
30
29
34
38
34
35
34
38
36
33
39
40
40
36
32
36
37
30
33
46
28
36
36
47
39
26
40
35
33
39
41
37
31
35
35
41
34
47
32
43
34
25
32
35
47
30
40
49
32
32
35
33
32
41
30
39
36
25
37
40
36
36
35
47
43
34
28
26
40
40
36
34
28
39
27
42
36
32
33
28
43
46
37
32
29
54
44
46
36
38
41
49
29
42
32
34
38
56
42
28
41
35
53
41
43
32
37
46
31
38
43
39
40
33
35
45
43
43
40
41
50
42
46
48
48
32
53
52
38
30
41
38
40
50
41
36
54
41
51
46
51
25
40
40
48
44
47
35
49
41
50
46
45
45
38
37
54
54
56
44
50
54
38
43
45
51
33
44
50
46
42
39
41
60
47
52
48
53
43
58
44
54
38
47
61
49
46
38
39
55
53
45
38
42
48
48
53
49
46
48
54
57
54
60
52
56
53
64
52
61
61
51
61
61
50
42
40
64
55
52
46
54
47
50
60
53
56
51
49
51
60
55
55
64
63
61
52
72
66
48
65
53
57
62
74
59
54
61
51
64
68
56
52
54
64
53
64
60
60
50
65
62
47
39
58
61
61
51
56
58
67
65
43
62
57
41
61
64
47
57
45
55
55
57
49
57
57
59
57
67
65
55
67
70
60
50
66
70
68
68
59
55
51
61
57
56
58
42
58
71
72
58
79
61
52
63
59
52
67
58
67
61
55
57
57
64
60
59
56
48
52
47
56
62
56
51
58
48
47
76
63
62
66
69
64
48
45
51
53
62
55
60
64
50
52
63
49
59
62
45
69
57
36
57
59
38
58
77
46
48
63
61
45
74
58
58
57
68
48
59
51
64
51
63
68
51
55
52
56
54
61
60
71
53
52
67
52
49
50
46
59
54
50
46
61
42
50
51
46
48
38
66
56
43
58
55
53
62
54
56
59
40
52
41
51
49
64
45
53
50
54
57
62
43
51
57
39
44
56
46
54
53
64
56
57
59
44
39
43
58
54
40
60
53
48
57
41
52
45
52
47
48
36
38
37
41
49
34
37
52
46
46
43
39
41
39
36
49
51
50
41
50
34
46
43
39
39
46
47
37
40
53
34
41
33
45
41
37
42
37
38
43
44
26
30
30
40
41
24
32
44
47
34
46
33
34
36
43
38
49
32
32
32
31
33
37
43
47
35
37
26
30
38
31
32
34
39
38
30
35
30
33
35
29
42
27
33
18
24
25
32
38
27
31
30
33
26
25
39
35
24
37
32
28
31
30
29
30
33
39
31
36
23
25
27
23
23
40
26
19
23
43
38
29
32
30
25
35
26
28
23
27
18
30
20
22
25
18
25
28
26
30
22
25
29
27
21
22
28
35
21
23
34
35
24
21
25
19
27
28
13
22
13
27
21
19
20
28
19
25
25
31
22
21
31
9
18
21
28
23
28
22
31
22
21
23
22
33
26
21
26
30
22
19
11
27
17
25
24
20
21
19
19
25
23
25
20
24
16
14
18
19
20
17
17
22
27
16
23
13
11
24
23
12
22
22
18
23
16
30
29
24
16
31
16
32
18
28
21
23
19
17
27
14
17
13
25
25
19
16
18
22
15
18
19
14
18
17
15
25
20
15
18
12
26
17
27
24
16
16
12
26
19
13
18
20
14
17
15
25
20
21
11
55
68
80
99
94
73
75
71
83
80
64
81
66
77
66
78
90
77
86
79
71
70
69
81
68
70
81
70
84
72
78
74
73
67
67
63
87
78
78
52
67
65
68
71
59
62
57
89
67
58
69
72
60
64
71
76
67
77
68
66
64
59
69
94
67
61
60
63
84
73
68
66
69
49
69
69
58
52
69
74
57
67
59
56
61
49
62
59
70
66
52
55
60
62
54
58
72
49
65
59
65
46
68
56
60
54
66
69
57
51
61
54
56
63
61
62
45
48
47
42
57
51
53
46
41
50
52
66
48
55
41
50
59
58
47
48
51
57
45
52
45
47
47
64
49
46
50
42
45
39
39
48
56
44
45
62
51
52
61
63
46
36
44
48
57
36
35
36
32
55
34
50
33
45
48
39
38
43
45
51
40
43
41
44
22
