# Filename : TXT_Files/Acq14400sec_002.Chn
# MCA detector ID: 1
# Start time : b'08':b'08':b'53'
# Start date : b'29Sep221'
# No channels : 8192
# Live time : 716290
# Real time : 720000
# En cal factors A + B*x + C*x*x
# A : 0.0
# B : 1.0
# C : 0.00
0
0
0
0
0
0
0
0
0
0
0
0
0
0
0
0
0
0
0
0
0
0
0
0
0
0
0
0
0
0
0
1
0
1
3
4
11
79
239
380
406
428
432
419
412
433
429
453
439
437
440
473
462
434
426
447
442
459
453
452
453
440
489
445
505
490
485
498
479
453
511
547
494
511
490
486
491
515
496
498
528
506
512
545
526
530
475
499
520
539
536
583
562
541
583
527
579
564
597
577
600
591
632
559
613
625
673
630
683
689
666
690
698
696
715
676
698
680
773
746
705
705
737
770
757
771
720
715
787
771
764
771
829
781
809
864
797
832
876
824
843
856
840
807
869
857
843
853
887
827
803
850
780
778
783
838
809
762
829
774
809
818
760
832
776
771
808
804
750
801
781
786
771
811
762
847
786
821
841
777
800
836
859
826
846
866
846
836
850
849
912
897
875
858
895
827
863
907
901
936
933
947
902
963
936
938
971
960
965
963
972
1048
1006
1048
1028
1071
1021
1076
1090
1135
1073
1094
1123
1097
1161
1163
1084
1167
1124
1196
1161
1169
1163
1202
1142
1209
1233
1168
1245
1223
1276
1328
1198
1257
1294
1287
1283
1276
1390
1330
1356
1395
1350
1387
1377
1441
1423
1420
1451
1403
1471
1430
1443
1484
1519
1511
1496
1568
1642
1590
1627
1561
1634
1619
1678
1666
1655
1774
1700
1777
1717
1724
1738
1725
1758
1779
1791
1806
1834
1849
1810
1916
1890
1957
1949
1965
2043
2034
2046
1986
1928
2013
2001
2025
2100
2152
2135
2074
2132
2166
2164
2224
2118
2237
2243
2200
2343
2215
2230
2259
2326
2285
2393
2323
2375
2452
2404
2300
2389
2432
2385
2391
2414
2433
2519
2502
2446
2491
2425
2574
2501
2617
2650
2577
2717
2625
2655
2585
2753
2631
2711
2718
2786
2716
2801
2689
2797
2842
2869
2846
2851
2835
2908
2867
2946
2915
2932
2966
2954
2873
3024
2972
3003
3033
3078
3044
3069
3195
3161
3246
3150
3248
3304
3271
3167
3248
3237
3201
3323
3293
3147
3217
3245
3303
3337
3345
3304
3321
3334
3356
3372
3369
3427
3409
3332
3312
3402
3438
3293
3332
3332
3357
3246
3407
3298
3322
3313
3229
3202
3232
3336
3220
3341
3206
3283
3245
3225
3253
3263
3212
3266
3225
3163
3200
3191
3274
3249
3232
3198
3166
3175
3219
3217
3194
3210
3233
3293
3211
3114
3254
3238
3182
3230
3206
3286
3160
3161
3240
3277
3250
3254
3131
3218
3155
3353
3225
3144
3116
3220
3242
3234
3312
3262
3239
3212
3216
3141
3142
3188
3059
3158
3160
3233
3232
3179
3075
3105
3212
3124
3069
3152
3123
3102
3128
3115
3188
3148
3143
3160
3079
3081
3084
3021
3147
3063
3107
3047
3044
3066
3135
3193
3069
3010
3001
2964
3070
3178
3010
3038
3036
2989
2974
3003
3098
3053
2972
3136
2974
2974
2999
2926
2922
2942
3132
2945
2975
3019
3067
3020
3006
2879
2955
3021
2999
2870
2984
2939
2857
2919
2899
3005
2915
2950
2913
3056
2884
2956
2942
2973
2883
2923
2844
2876
2912
2935
3050
2834
2845
2840
2944
2955
2886
2909
2902
2910
2903
2977
2932
2926
2825
2914
2854
2889
2857
2857
2842
2845
2873
2811
2813
2871
2851
2907
2816
2866
2786
2815
2860
2782
2757
2802
2839
2871
2826
2811
2793
2753
2776
2790
2709
2834
2804
2900
2754
2745
2836
2769
2751
2786
2829
2791
2757
2677
2800
2767
2755
2801
2784
2636
2832
2718
2724
2751
2669
2717
2680
2812
2718
2615
2652
2675
2839
2750
2607
2719
2709
2689
2725
2771
2643
2744
2667
2741
2671
2637
2613
2653
2584
2608
2703
2635
2564
2689
2710
2590
2677
2586
2544
2562
2582
2616
2527
2706
2570
2570
2685
2593
2711
2570
2612
2565
2587
2561
2617
2558
2576
2513
2632
2617
2571
2525
2557
2576
2563
2594
2517
2514
2411
2421
2454
2536
2450
2445
2449
2439
2493
2449
2431
2436
2418
2515
2420
2432
2493
2354
2344
2394
2454
2349
2414
2366
2264
2398
2317
2365
2419
2341
2404
2380
2374
2342
2439
2363
2408
2367
2313
2266
2310
2421
2286
2283
2331
2269
2327
2338
2306
2321
2376
2227
2300
2285
2334
2325
2310
2259
2249
2212
2242
2201
2313
2187
2307
2316
2240
2337
2279
2327
2269
2401
2364
2223
2250
2249
2184
2218
2208
2141
2206
2302
2250
2159
2254
2286
2237
2220
2261
2276
2200
2164
2277
2123
2183
2181
2177
2145
2171
2130
2128
2184
2165
2145
2156
2144
2180
2152
2056
2132
2125
2055
2117
2174
2096
2066
2177
2167
2178
2087
2129
2108
2131
2103
2118
2127
2064
2060
2084
2144
1973
2013
2062
2030
1972
1976
2056
1972
2067
2072
2089
2003
2014
2075
1998
2076
1995
2039
1993
1982
2029
2008
1904
1938
1968
1928
1987
2001
1930
1933
1936
1910
1908
1930
1962
1959
1901
1890
1957
1926
1913
1867
1915
1943
1966
1884
1917
1956
1879
1951
1915
1841
1857
1896
1923
1919
1815
1880
1855
1863
1886
1881
1874
1836
1933
1831
1866
1864
1905
1718
1787
1798
1804
1824
1797
1814
1828
1810
1791
1797
1818
1701
1831
1789
1840
1819
1798
1819
1724
1795
1766
1768
1818
1825
1711
1774
1852
1780
1788
1825
1746
1792
1686
1696
1703
1742
1719
1802
1714
1736
1725
1760
1767
1693
1668
1790
1712
1703
1670
1729
1701
1714
1685
1745
1700
1724
1698
1727
1815
1721
1635
1718
1640
1715
1700
1687
1733
1614
1696
1683
1744
1684
1762
1666
1666
1671
1642
1621
1806
1635
1707
1688
1745
1738
1650
1693
1683
1609
1654
1716
1626
1652
1629
1620
1690
1588
1670
1608
1549
1656
1635
1638
1597
1606
1587
1587
1615
1737
1571
1611
1627
1611
1571
1636
1597
1563
1674
1513
1579
1615
1605
1596
1588
1594
1539
1536
1561
1524
1609
1557
1562
1539
1391
1529
1552
1450
1556
1582
1443
1478
1548
1474
1527
1543
1506
1512
1504
1552
1526
1472
1489
1442
1526
1547
1505
1522
1488
1443
1500
1444
1441
1481
1536
1410
1423
1454
1467
1461
1398
1383
1461
1447
1409
1343
1431
1444
1435
1421
1396
1418
1417
1359
1456
1409
1480
1370
1402
1371
1386
1405
1416
1399
1356
1419
1364
1360
1428
1403
1391
1370
1341
1406
1373
1387
1420
1333
1308
1358
1322
1361
1319
1334
1319
1383
1311
1355
1322
1324
1304
1373
1302
1351
1343
1432
1329
1362
1334
1445
1315
1320
1338
1393
1281
1386
1327
1265
1263
1321
1292
1266
1360
1302
1311
1265
1271
1287
1264
1327
1210
1333
1287
1298
1246
1234
1283
1321
1250
1280
1330
1220
1249
1232
1250
1147
1315
1294
1282
1270
1243
1203
1253
1237
1221
1252
1283
1274
1298
1257
1276
1179
1221
1285
1256
1249
1227
1231
1287
1168
1243
1277
1274
1241
1225
1287
1238
1252
1252
1166
1223
1182
1228
1250
1259
1199
1223
1229
1246
1228
1241
1320
1295
1258
1296
1245
1288
1289
1293
1242
1289
1269
1274
1247
1247
1261
1242
1245
1283
1250
1322
1327
1207
1327
1323
1251
1228
1229
1234
1303
1338
1272
1286
1304
1257
1265
1284
1275
1316
1379
1370
1319
1292
1376
1317
1350
1280
1348
1296
1347
1285
1291
1315
1293
1340
1309
1351
1316
1259
1266
1308
1290
1286
1300
1323
1298
1286
1261
1279
1304
1267
1291
1276
1266
1292
1206
1278
1267
1248
1261
1214
1203
1269
1141
1243
1182
1254
1178
1218
1160
1189
1216
1156
1198
1237
1187
1133
1178
1224
1199
1166
1187
1207
1198
1156
1114
1139
1169
1122
1086
1134
1107
1138
1146
1140
1143
1128
1140
1126
1069
1008
1055
1037
1085
1066
1066
1086
1016
1007
1044
1000
1029
966
986
996
1020
1038
952
964
967
1008
970
964
976
933
946
922
993
938
884
900
931
917
932
908
927
936
904
948
939
903
921
867
887
901
849
876
868
870
859
815
921
883
880
837
884
839
862
868
839
878
863
808
859
830
859
808
798
901
823
792
815
797
814
834
809
813
809
819
808
812
847
824
788
781
801
872
835
804
809
772
781
788
812
770
782
750
766
816
814
850
790
796
806
788
814
789
744
770
767
796
774
769
782
746
747
705
780
736
782
770
788
775
737
787
807
783
788
806
801
800
725
762
759
761
820
722
811
786
763
759
772
800
773
717
726
742
738
718
760
735
720
708
772
735
741
761
764
768
672
764
771
693
765
737
740
720
757
767
748
756
701
714
731
768
705
745
729
795
736
763
758
670
734
696
755
757
730
743
737
758
716
740
732
735
724
688
765
752
751
736
788
733
753
777
736
708
719
692
704
777
707
717
732
711
815
733
728
752
703
695
696
696
749
713
714
710
687
727
736
706
693
721
745
739
724
735
737
717
689
679
700
724
700
731
714
689
736
699
683
729
667
708
696
694
714
686
721
650
751
695
726
715
722
675
698
719
744
696
656
679
681
692
685
682
670
654
673
674
607
650
692
646
659
655
632
683
658
674
670
649
628
640
617
657
620
635
662
634
640
634
607
674
642
639
624
621
617
642
642
625
599
634
568
613
647
604
621
615
625
599
576
604
621
598
563
552
623
608
561
570
592
611
558
506
578
576
588
591
610
528
536
547
558
545
549
543
553
559
575
529
588
607
571
569
577
555
538
551
519
512
536
523
564
576
569
530
573
541
602
558
579
545
543
527
552
538
558
525
544
537
553
541
514
525
576
502
507
516
550
558
537
541
542
518
536
540
543
512
488
497
585
548
498
470
520
539
538
514
537
516
512
532
525
482
557
537
546
551
516
513
495
518
553
481
498
543
560
569
516
554
534
525
563
537
571
521
586
566
566
555
522
560
560
501
574
511
586
547
531
517
529
512
576
544
621
573
565
562
550
537
554
555
571
586
579
570
538
592
563
591
564
559
550
576
619
572
584
547
590
569
600
565
589
620
570
572
552
590
596
559
564
549
573
573
568
578
608
543
598
590
560
586
527
561
549
565
551
612
598
568
560
570
585
565
583
580
563
604
564
606
599
597
566
556
586
614
590
583
637
626
610
551
609
587
542
562
567
600
561
572
543
578
555
568
618
515
546
559
609
560
572
545
578
607
536
553
547
550
571
548
566
572
549
528
570
523
559
569
620
537
519
539
539
528
524
571
507
512
537
515
558
531
551
511
491
506
508
506
502
511
541
523
494
511
500
516
523
481
502
494
466
470
482
500
464
449
488
467
516
486
512
438
468
492
459
426
426
441
457
450
455
455
425
467
436
425
439
423
447
455
436
434
436
441
412
429
386
419
444
398
406
401
411
435
367
404
389
399
420
432
392
363
384
379
361
383
414
355
375
365
363
396
358
361
367
398
387
377
356
360
352
366
373
336
361
349
381
332
365
366
319
350
359
344
365
373
362
347
347
346
379
355
353
343
376
364
349
388
351
330
401
336
343
347
322
362
346
355
339
313
317
348
362
332
330
324
347
348
347
348
372
349
364
344
338
348
344
318
357
342
364
352
386
328
359
349
340
326
340
367
331
363
375
382
394
393
352
375
364
342
363
352
381
330
349
381
379
380
375
364
399
364
355
365
400
397
371
368
391
400
393
460
401
406
395
409
362
398
417
395
404
429
413
413
433
416
446
414
441
432
457
428
446
430
450
436
422
442
466
427
426
471
457
441
479
491
432
437
422
461
438
452
442
475
418
472
468
508
481
487
478
489
485
488
460
489
498
459
508
445
475
520
528
528
506
483
528
498
503
508
530
503
480
509
534
485
558
558
536
571
517
504
538
526
553
551
509
511
533
547
555
519
560
521
557
574
519
572
528
512
564
547
571
574
565
551
510
516
536
495
573
532
527
547
534
579
548
515
555
592
575
550
534
566
561
553
564
516
514
564
529
524
566
590
524
496
536
537
499
543
520
499
531
511
525
520
553
512
522
515
480
520
535
493
493
516
540
442
480
498
501
461
505
465
494
469
468
486
466
453
473
460
434
491
452
471
474
460
465
416
470
477
419
440
391
387
426
405
403
400
410
397
413
407
416
372
391
380
412
409
390
372
367
373
366
401
387
363
384
371
352
364
365
359
345
324
338
349
341
361
373
358
337
291
331
314
332
324
367
283
347
292
313
324
293
285
316
327
305
300
299
319
294
298
274
287
249
280
316
285
265
285
279
276
255
290
287
286
260
258
239
275
261
273
241
245
249
271
238
266
270
234
235
258
241
239
241
255
243
257
267
255
249
261
245
248
255
264
259
261
220
219
256
245
265
232
219
226
275
223
279
268
248
251
227
252
229
224
239
250
237
216
213
263
268
261
237
253
233
241
242
243
268
240
249
244
237
238
257
222
222
239
262
222
234
218
230
241
239
215
239
232
230
219
226
243
235
242
218
226
229
261
220
223
221
211
237
223
238
241
227
211
268
245
239
239
211
256
245
220
221
217
222
225
215
232
202
230
238
211
208
221
249
235
202
216
217
228
230
227
253
222
234
201
224
227
230
221
230
232
231
212
223
222
232
248
233
214
261
205
219
220
195
234
240
260
234
213
215
198
213
212
230
200
224
216
216
202
242
244
214
230
218
245
232
217
247
219
252
244
267
219
226
201
226
215
237
235
210
234
256
206
227
212
245
210
247
224
245
243
230
221
211
229
209
205
240
201
237
202
208
243
211
200
204
216
214
224
218
215
197
214
196
221
218
232
233
213
208
231
221
222
215
193
227
217
209
201
211
208
206
237
221
210
224
235
189
224
212
200
199
231
195
202
209
205
217
240
219
216
205
219
215
213
236
234
209
202
202
242
207
215
193
219
210
197
224
211
229
195
203
226
207
207
217
189
212
200
229
227
224
231
198
202
212
212
206
233
213
206
204
224
222
203
222
239
179
226
217
218
193
236
203
212
210
215
234
203
195
216
198
215
196
230
197
234
198
230
237
182
183
219
200
217
224
200
231
218
201
232
214
236
224
220
220
214
203
206
223
192
193
224
231
221
201
219
223
197
226
210
217
223
216
217
230
214
220
213
209
225
228
208
225
219
206
217
201
211
190
207
216
212
215
231
213
199
191
219
208
211
220
219
231
218
183
212
202
205
235
221
202
197
206
207
196
209
216
202
213
203
208
185
191
228
215
190
210
186
223
209
226
179
224
200
203
223
198
206
202
196
214
176
186
212
206
247
212
181
198
170
206
195
192
183
215
201
190
223
189
176
172
200
163
191
207
185
174
195
180
165
204
201
196
178
180
203
179
220
195
203
184
191
179
185
173
179
211
188
191
172
191
187
200
193
151
195
190
193
189
184
197
172
182
182
192
213
170
161
161
165
205
183
174
193
157
179
181
182
205
182
168
177
173
200
160
162
184
178
175
183
211
184
163
173
173
182
193
186
182
177
172
190
185
180
172
167
145
191
150
191
181
163
169
160
170
196
165
186
177
189
160
172
179
193
160
181
174
185
164
156
196
167
173
160
179
173
189
171
198
169
170
171
152
160
154
174
172
194
177
151
173
171
190
184
163
158
187
188
178
155
167
177
183
181
163
167
175
206
188
186
189
200
186
180
168
176
203
191
184
170
208
192
182
187
189
183
179
198
200
204
163
199
190
180
185
184
173
197
187
190
186
199
177
197
208
184
200
182
192
189
195
204
194
188
200
203
225
203
189
193
194
186
215
209
195
185
190
207
215
189
195
175
205
197
230
234
192
223
196
212
190
211
212
228
194
218
202
206
220
213
204
219
195
201
195
226
232
202
214
215
225
200
216
203
210
215
231
228
224
209
223
223
227
224
233
227
249
250
235
208
201
230
253
239
263
247
266
231
220
257
242
253
198
248
236
250
247
268
246
219
239
226
230
232
229
237
249
235
237
233
230
275
258
260
234
246
266
254
244
264
233
250
239
275
218
263
254
258
244
233
263
258
255
239
245
204
277
260
245
260
244
277
246
269
277
259
231
261
251
258
236
280
286
242
271
253
257
235
252
257
264
264
285
274
263
267
282
268
276
273
269
274
239
257
281
279
261
261
252
285
277
287
266
274
260
238
282
296
268
291
278
257
296
273
275
268
242
256
288
236
274
300
261
231
262
266
281
291
258
240
249
271
264
293
269
260
258
263
258
279
287
282
271
263
250
290
300
279
236
243
254
283
273
254
269
268
254
247
251
266
277
253
270
268
253
251
264
238
260
254
257
219
242
262
256
290
248
268
237
269
267
258
217
253
277
265
275
258
251
268
271
247
261
220
250
252
231
247
238
232
237
253
269
230
212
235
228
230
246
238
239
202
250
233
228
212
247
241
232
235
226
268
255
249
221
222
210
226
228
240
220
214
202
215
192
233
195
230
241
196
191
205
230
216
190
228
185
203
200
224
207
251
193
221
194
205
208
208
200
200
189
187
186
196
185
171
203
212
194
187
200
200
188
170
180
192
179
173
180
187
161
186
169
201
159
181
176
180
193
179
170
178
157
182
164
148
159
169
164
164
143
146
188
147
152
150
149
176
164
150
143
154
153
157
172
150
149
149
125
164
134
140
151
143
165
138
157
137
135
148
135
151
128
123
135
150
130
134
125
152
122
132
120
114
127
124
127
119
123
140
132
128
140
124
121
126
135
130
109
109
133
111
123
130
141
120
130
107
127
115
128
123
123
130
119
119
137
134
118
128
131
116
114
142
128
116
121
132
114
106
95
147
110
126
108
126
122
121
125
131
111
130
109
120
137
117
115
126
103
100
118
114
110
118
110
108
103
111
116
97
126
91
122
128
127
115
121
125
102
128
107
89
108
106
108
114
109
130
123
107
114
115
123
119
117
122
99
115
113
120
97
98
97
89
120
94
117
120
110
116
106
110
127
100
112
107
112
114
95
118
113
102
102
106
116
109
105
123
111
98
104
103
115
123
111
121
102
109
123
104
119
92
98
98
98
106
101
107
110
120
109
106
109
110
104
90
81
83
92
107
89
114
103
115
114
112
99
112
101
100
114
92
90
114
96
105
98
115
104
93
108
106
95
109
105
104
90
89
110
95
97
88
103
108
117
98
92
109
97
110
92
110
122
111
97
114
107
97
100
88
113
101
102
108
116
114
94
109
106
102
100
92
79
113
125
118
80
95
105
107
113
99
107
91
105
111
101
101
109
98
102
83
94
89
108
108
125
105
100
108
99
112
110
93
101
105
117
99
81
94
110
118
98
78
98
110
88
108
106
106
92
90
115
70
85
87
104
96
89
108
101
93
86
87
101
109
118
95
84
93
84
98
95
115
95
89
122
109
95
115
105
82
101
98
100
104
115
94
84
104
96
84
90
98
95
98
107
81
92
100
88
89
90
103
91
102
110
88
82
87
94
126
92
88
107
107
92
104
90
94
88
80
94
93
99
107
92
94
101
112
105
89
98
108
94
101
95
98
106
115
101
107
95
98
109
91
95
103
106
92
108
86
116
113
106
100
109
97
104
97
99
105
111
108
95
107
95
94
110
93
81
100
104
113
95
103
116
92
105
80
87
114
104
100
102
83
86
116
103
116
118
94
91
107
93
95
97
107
84
92
118
89
103
107
97
102
93
100
90
100
110
98
93
91
95
105
92
110
104
96
108
107
86
99
87
113
98
100
97
99
98
107
99
100
96
91
100
83
89
93
84
93
97
108
102
91
105
93
104
93
95
106
89
104
96
102
103
95
95
90
107
87
97
98
100
102
91
102
93
84
100
94
113
92
109
78
130
125
95
107
97
98
93
116
95
91
94
89
111
112
109
113
93
98
95
109
113
103
100
98
87
113
94
110
90
94
96
94
101
88
91
101
81
108
102
117
105
103
92
86
104
98
117
99
100
88
106
96
92
105
97
89
92
102
108
92
98
103
88
108
83
103
97
95
102
85
93
82
86
119
93
96
95
126
76
96
82
103
96
103
82
84
91
89
99
114
101
95
87
106
71
106
109
97
107
98
102
91
111
121
97
105
95
93
84
99
93
100
83
112
103
99
104
88
92
89
117
98
84
119
79
111
93
83
83
103
94
99
94
95
95
109
104
103
75
112
102
101
99
100
99
89
80
90
97
98
108
96
108
84
97
96
95
101
96
86
90
98
97
109
85
87
107
90
100
87
81
104
81
110
103
93
118
96
94
99
109
101
91
89
107
91
95
101
83
109
96
91
95
90
110
76
87
92
90
95
93
88
96
102
98
90
81
96
102
102
96
88
98
94
112
102
90
98
107
87
94
106
109
97
92
96
102
82
89
84
86
101
98
96
82
94
101
105
96
88
102
87
70
93
97
104
89
95
96
90
108
65
91
96
86
89
89
98
95
104
103
96
98
105
88
108
98
91
94
103
106
94
97
82
80
100
81
99
75
89
89
90
105
87
88
85
92
106
87
99
98
79
98
82
90
73
80
104
92
77
85
88
79
95
97
97
90
92
94
72
88
81
82
86
87
76
96
81
90
82
94
97
89
86
93
83
86
77
98
86
86
82
81
89
77
81
86
75
80
98
94
80
71
74
88
104
85
81
69
92
77
72
82
100
82
87
68
101
84
77
90
92
72
80
85
69
70
82
75
86
83
73
96
95
72
75
76
83
73
69
82
75
88
84
81
89
76
87
73
78
82
74
85
74
88
59
81
87
80
74
80
74
84
86
61
64
77
86
76
99
80
78
73
66
59
85
81
75
65
91
74
79
71
85
71
76
69
86
75
79
86
80
80
74
84
69
71
63
74
84
62
78
78
73
75
90
63
75
66
68
81
80
79
73
77
67
82
79
83
83
82
68
84
76
91
85
80
92
78
86
99
80
70
82
79
68
84
81
67
79
83
72
77
105
77
83
96
97
71
72
91
75
71
73
68
68
91
77
68
78
82
77
75
58
89
64
76
64
73
80
62
71
65
77
72
82
90
74
73
80
85
72
70
64
79
66
72
72
80
81
79
67
85
73
77
56
62
60
67
85
69
72
58
74
73
84
73
67
91
74
70
66
78
74
70
70
70
61
66
83
68
78
84
84
63
63
80
60
79
61
95
90
64
91
74
72
69
59
88
80
57
85
70
68
74
65
67
68
69
81
87
75
82
81
79
72
91
68
90
65
65
74
83
78
66
72
76
70
81
86
81
75
82
83
68
64
88
80
85
82
69
69
77
84
83
62
71
65
76
77
75
76
75
75
81
96
75
74
78
75
79
65
85
80
65
78
69
69
81
68
64
83
68
63
72
66
73
75
66
86
77
84
69
80
78
69
69
84
83
70
80
77
74
70
81
78
62
75
81
74
81
74
78
88
74
70
107
86
84
88
92
98
74
81
71
83
82
72
93
83
76
83
88
87
85
76
92
76
108
72
70
80
69
83
82
73
70
64
85
86
69
68
82
85
69
60
72
90
93
73
66
84
85
77
84
80
92
69
78
83
86
64
89
78
74
85
89
69
74
85
81
91
84
91
89
85
66
97
95
73
60
86
62
89
98
67
65
87
80
92
70
82
76
88
75
80
88
90
92
84
84
85
82
78
85
87
78
97
89
95
85
91
100
95
92
83
83
80
103
103
92
75
76
101
95
111
72
103
90
89
88
93
84
77
77
85
94
99
92
90
82
79
85
108
85
99
105
88
85
97
77
100
79
91
88
88
79
105
91
103
87
101
91
101
90
84
82
90
89
95
81
110
101
109
95
81
99
94
93
87
82
100
91
88
102
100
94
92
77
100
95
92
89
94
101
111
88
96
89
92
108
92
98
79
87
104
112
87
85
91
96
110
80
95
86
104
113
100
90
94
94
118
96
98
106
95
95
90
99
99
94
89
104
105
89
100
90
94
94
104
95
101
105
94
112
98
86
66
89
105
96
87
88
101
111
102
89
84
90
107
97
73
100
80
108
115
92
110
99
97
98
98
94
95
97
104
102
87
97
99
89
103
93
91
90
93
99
96
103
108
81
105
76
106
91
94
87
101
95
85
99
83
94
95
84
101
90
72
83
86
81
85
81
89
92
85
81
88
77
93
74
87
104
74
89
78
95
88
83
92
82
77
101
60
82
99
77
86
93
90
88
82
72
81
74
90
82
87
89
85
89
93
104
104
95
89
85
84
96
101
89
82
96
78
73
80
83
72
82
85
83
81
95
76
77
101
87
82
76
95
79
80
93
80
83
83
56
79
78
75
91
79
78
92
93
91
92
85
84
72
81
96
82
71
99
94
83
92
93
72
52
98
66
85
73
93
87
88
78
70
86
79
82
80
79
91
80
85
82
85
88
78
79
85
80
83
73
92
75
72
79
89
66
66
91
70
93
76
74
91
73
73
92
92
81
94
88
92
79
65
84
70
86
88
89
79
82
79
75
80
91
92
90
79
78
83
79
80
94
75
72
86
83
68
84
62
85
93
85
73
94
78
80
76
80
68
73
88
78
79
91
86
72
74
74
79
75
92
80
72
79
74
76
74
87
63
72
71
81
75
77
72
86
77
74
88
79
67
80
79
75
70
87
84
69
68
76
81
85
70
76
72
73
76
63
68
74
80
82
81
66
77
70
72
79
78
71
66
83
80
72
86
68
71
66
71
75
61
54
73
81
61
84
73
63
57
70
59
79
79
72
59
85
76
63
53
76
55
74
65
75
59
71
58
64
77
79
75
73
59
64
62
71
55
69
64
69
57
64
70
72
55
61
66
86
61
51
61
72
61
71
59
53
59
57
58
55
62
63
60
68
64
52
62
56
55
56
53
77
55
63
69
50
53
52
53
53
57
51
53
63
65
52
74
57
59
68
54
52
46
46
59
52
57
60
58
53
65
48
63
54
58
52
50
52
59
47
51
61
53
51
66
56
52
44
49
42
59
61
55
38
49
38
47
34
49
63
50
41
45
42
56
55
55
47
48
53
42
55
62
45
40
57
58
59
36
53
52
52
37
56
42
48
49
53
52
37
35
43
39
55
58
55
50
49
41
42
53
40
50
36
41
53
42
49
54
39
52
56
45
45
42
51
46
43
52
47
47
47
55
48
46
51
39
55
53
53
50
45
40
44
44
42
57
42
42
36
35
54
52
47
53
38
41
43
32
48
54
43
54
50
57
49
52
43
36
38
53
40
43
46
42
58
41
48
56
42
55
33
40
40
46
40
43
37
49
47
44
49
45
36
50
60
41
37
45
41
42
35
34
46
28
35
40
47
43
35
53
45
43
41
36
41
42
53
41
48
39
41
53
36
44
41
38
51
48
46
34
42
42
52
45
45
39
39
51
47
53
39
52
41
39
36
43
36
42
46
44
42
46
39
30
44
43
39
40
40
35
47
50
43
40
41
51
40
46
58
42
37
44
44
43
42
45
48
47
44
39
48
51
41
41
51
44
58
43
35
45
48
39
45
44
39
52
38
42
50
39
48
50
40
25
35
44
40
35
37
50
44
44
50
47
47
38
41
39
41
40
41
45
32
36
52
51
43
39
48
49
40
46
49
39
45
48
40
48
37
32
32
64
50
51
37
45
48
43
56
46
46
47
42
35
39
47
47
53
36
47
44
57
48
37
45
51
37
35
46
48
39
44
47
37
57
55
43
42
46
51
45
46
50
46
35
58
52
39
45
38
35
42
53
42
47
51
47
36
37
50
49
56
48
50
49
48
42
52
53
46
45
39
52
53
53
44
40
48
42
54
42
47
29
43
53
55
55
51
42
58
42
44
50
54
52
51
31
49
52
56
44
53
43
56
43
54
41
45
51
44
46
43
52
49
49
57
47
46
60
48
59
62
37
55
56
58
50
32
54
59
48
48
42
46
47
52
41
52
46
58
47
68
47
52
48
64
43
41
64
51
56
46
47
62
45
62
57
49
45
49
49
62
43
56
53
67
46
50
53
49
59
57
60
56
52
51
54
49
64
48
54
46
43
51
59
62
57
58
57
59
61
54
48
54
62
55
51
59
67
49
39
63
59
56
56
47
59
59
66
54
69
60
63
60
56
68
57
57
51
53
48
56
66
59
57
65
54
60
56
58
54
63
45
44
53
73
58
59
65
62
58
56
53
68
63
73
61
53
65
71
52
71
54
61
52
51
57
65
66
52
62
56
50
66
63
63
58
54
64
62
53
59
56
65
59
62
69
65
59
52
62
63
78
68
48
58
67
71
70
64
58
57
57
69
44
69
70
65
63
56
59
63
64
47
71
66
48
57
57
56
49
61
64
86
58
60
76
49
72
69
57
69
60
52
33
58
52
53
73
44
66
66
60
64
60
60
54
73
70
51
60
50
57
54
66
67
46
54
49
58
57
66
64
61
62
65
61
76
60
58
50
72
48
60
50
68
51
53
76
70
70
66
60
53
55
58
51
58
68
71
54
45
62
67
71
72
66
72
66
62
62
60
71
51
62
71
61
58
55
68
56
54
50
67
59
47
47
53
52
59
51
54
56
46
57
55
51
57
55
51
62
46
53
59
53
48
62
54
50
62
47
43
64
62
48
36
58
47
51
56
51
52
55
48
43
65
64
38
56
57
55
45
54
49
47
58
52
55
53
48
38
54
50
42
48
49
40
36
57
45
47
63
62
57
37
45
56
47
56
34
51
52
49
38
50
52
40
53
42
53
50
61
48
49
34
51
58
45
46
55
50
38
58
45
41
41
49
60
56
55
35
43
59
51
31
47
41
45
45
42
47
33
55
44
50
42
47
52
41
49
46
42
44
42
37
53
39
49
48
37
36
57
44
27
41
58
32
39
34
35
49
46
33
40
36
47
48
50
48
52
46
37
36
32
44
42
34
38
37
53
45
37
38
46
40
48
43
33
34
44
43
39
49
44
34
53
42
30
37
36
39
38
38
30
38
35
35
41
36
41
38
36
39
44
33
40
40
40
31
55
43
42
46
50
49
40
32
39
40
41
46
45
26
32
37
38
43
43
42
46
27
34
42
43
28
37
37
34
28
31
50
41
34
37
52
30
41
36
31
43
40
31
37
46
40
40
45
36
23
37
46
44
42
31
37
28
35
33
34
38
36
38
30
24
33
37
34
23
37
34
36
32
27
39
45
41
49
45
37
37
32
37
49
36
34
34
46
46
35
34
33
38
45
44
23
29
37
46
41
29
24
35
43
36
42
43
33
48
39
41
39
37
35
43
40
42
30
38
33
39
26
52
30
36
34
38
35
37
30
21
43
35
43
34
34
40
40
39
31
24
29
40
29
35
36
43
39
37
37
33
38
28
27
39
22
28
48
37
33
34
41
48
31
35
36
36
47
34
44
33
34
44
37
36
40
26
32
25
31
32
36
33
37
38
46
37
34
43
28
36
29
37
41
40
41
39
35
32
31
39
33
39
44
46
34
52
42
34
34
41
38
45
43
36
42
29
46
33
50
37
44
35
45
36
33
33
31
45
41
45
29
39
36
42
43
35
43
37
35
44
33
37
36
47
39
29
33
38
28
50
43
29
29
45
25
34
26
33
40
33
34
43
38
26
39
30
38
38
44
46
28
39
34
32
38
37
39
31
45
35
31
43
42
36
34
32
33
29
36
45
35
33
38
28
38
34
41
35
38
32
45
33
29
38
39
44
44
44
37
26
32
24
36
42
45
32
37
46
24
40
42
40
37
39
41
40
51
39
29
32
38
46
39
34
30
43
38
39
43
40
46
24
40
42
40
28
29
39
39
33
43
32
35
42
35
34
41
41
51
38
40
42
36
48
33
35
39
35
36
47
32
41
28
43
50
41
35
43
38
38
40
40
36
36
26
31
44
34
45
34
33
25
39
35
35
25
38
33
40
30
33
40
31
38
35
30
33
39
40
27
32
34
39
38
31
25
40
20
40
38
31
40
28
37
36
35
32
35
26
28
32
37
34
40
36
38
39
34
32
31
32
40
28
22
30
38
28
34
35
34
30
37
31
35
28
29
25
30
26
33
31
28
30
38
34
33
40
30
42
29
25
36
30
34
35
39
26
35
30
25
26
31
25
32
33
28
30
29
24
33
40
29
33
43
35
37
35
42
42
36
26
31
30
27
31
31
31
28
39
27
28
18
27
28
38
37
34
35
21
28
32
28
32
26
40
27
34
35
27
20
28
37
32
24
30
26
34
32
32
28
32
30
33
29
41
29
32
23
30
28
25
23
29
28
24
29
35
28
18
28
23
25
38
30
28
38
35
21
35
33
24
31
27
31
29
24
29
24
26
27
22
26
28
47
30
30
31
27
30
25
30
30
25
25
24
28
23
35
18
32
32
32
24
22
42
29
28
27
28
35
14
37
26
21
39
22
14
30
26
31
25
27
28
26
31
23
33
21
20
20
28
28
35
20
25
31
37
33
28
27
31
36
17
26
26
26
26
32
25
31
29
32
25
25
15
27
33
30
22
25
30
25
23
24
25
24
32
28
28
23
32
20
23
30
29
35
23
24
30
35
29
21
22
21
24
28
19
28
24
28
29
20
21
19
28
25
38
26
26
25
29
19
25
31
36
25
24
26
32
24
21
33
29
29
24
22
24
25
25
26
17
31
30
39
29
34
26
26
19
20
29
30
33
22
30
30
35
18
28
23
30
27
31
24
27
28
32
26
19
26
32
28
21
34
32
28
32
29
35
29
17
26
30
17
24
29
30
18
26
24
30
22
29
26
25
22
23
24
26
31
26
24
27
32
18
28
34
22
24
24
23
27
31
27
23
37
32
35
31
28
27
32
27
34
31
21
17
23
33
34
29
17
35
20
23
27
25
31
29
29
17
35
22
27
23
31
28
18
22
40
38
32
18
28
20
21
31
32
34
30
32
39
39
44
22
28
31
32
32
30
37
23
38
42
31
34
36
33
34
33
43
35
29
25
31
31
36
23
30
21
28
23
38
33
23
25
29
33
37
31
31
20
30
30
29
34
34
29
37
26
31
32
37
22
26
28
42
23
28
28
24
37
21
31
25
42
26
29
32
32
19
35
32
30
32
30
35
19
30
27
30
32
45
31
34
34
34
34
22
32
22
26
40
31
37
29
22
24
35
37
28
39
54
28
26
31
25
33
42
23
26
26
32
33
37
30
32
28
37
36
30
21
48
27
31
37
26
37
29
31
40
27
30
38
43
33
34
37
47
48
36
30
30
30
30
34
42
31
29
35
39
27
32
36
40
30
25
35
28
33
30
30
38
30
44
31
34
27
33
44
33
40
41
36
29
33
30
39
29
34
27
32
32
39
27
25
29
44
40
40
44
39
31
30
37
28
36
31
33
26
37
39
42
28
24
35
29
35
41
41
41
33
36
40
39
34
42
32
29
39
33
45
33
28
32
24
32
28
30
30
32
30
31
25
32
37
39
22
36
36
49
28
35
50
29
24
34
42
31
35
28
25
32
31
30
32
36
34
29
36
37
33
32
34
35
42
39
30
32
33
27
37
42
33
31
27
29
34
32
39
37
40
39
40
29
39
32
38
40
42
35
38
42
31
31
21
25
48
32
39
40
39
38
42
39
42
29
36
36
35
39
38
26
42
33
41
39
28
35
28
44
43
30
30
43
49
42
34
53
38
34
25
38
17
36
46
41
40
26
31
38
33
42
36
48
39
35
33
37
52
28
42
28
46
41
54
40
45
54
38
48
40
35
44
33
37
37
25
48
43
42
43
43
43
45
49
37
35
54
54
51
30
42
45
47
42
43
38
48
47
58
36
43
41
42
43
40
54
24
33
43
46
33
39
52
42
46
40
44
46
44
52
42
49
52
43
52
51
36
46
37
49
40
49
30
48
46
47
48
40
39
50
62
58
49
44
51
46
44
56
56
51
45
47
60
35
46
39
45
41
39
52
59
50
42
63
56
56
45
43
50
42
46
48
58
50
62
64
61
45
62
46
48
56
53
53
40
49
55
48
48
58
59
65
46
56
52
52
43
49
52
41
50
71
64
45
50
62
59
59
42
53
56
50
50
57
46
53
51
57
49
53
42
50
55
51
55
47
53
58
66
60
65
45
74
59
51
51
61
53
48
65
49
45
53
54
46
58
55
67
51
56
60
56
52
48
66
53
50
43
53
58
66
59
62
54
62
80
59
52
63
53
64
73
57
72
71
50
79
57
66
52
61
75
53
67
64
71
39
53
50
63
51
63
57
55
64
61
66
58
59
55
71
46
63
59
57
64
60
51
64
55
56
69
53
69
55
56
62
67
61
69
54
53
55
65
53
62
69
44
60
65
39
37
63
72
62
59
70
74
57
54
55
56
57
60
51
60
59
61
72
51
56
63
45
64
58
49
51
45
63
55
58
54
64
70
65
46
49
59
66
60
41
58
55
56
46
52
58
46
46
49
48
60
34
52
47
52
54
50
55
58
64
57
68
45
63
33
49
61
45
58
43
49
54
48
57
57
59
48
53
46
51
46
51
57
30
44
50
50
43
50
53
39
36
55
56
50
40
45
49
27
44
51
44
45
48
40
48
46
40
43
41
41
57
40
43
45
38
45
42
49
35
39
42
41
35
47
39
41
39
45
43
41
40
43
45
45
55
35
56
43
37
36
29
42
35
35
40
33
41
34
34
31
43
36
42
42
42
36
39
36
29
41
31
36
36
30
41
34
42
33
28
51
27
48
33
37
44
35
42
24
32
25
47
35
34
31
37
38
35
30
24
30
31
30
38
33
38
24
23
28
31
32
29
31
36
24
34
38
32
32
35
18
24
30
31
27
33
39
47
29
28
33
22
22
34
27
33
25
27
26
35
25
24
24
27
37
27
20
22
27
20
31
24
14
23
31
21
25
30
39
20
31
18
24
32
30
25
35
31
27
18
25
19
22
28
25
28
41
27
21
35
25
28
28
30
15
15
20
23
29
30
21
25
16
19
22
18
19
28
19
23
25
22
18
32
22
22
17
23
27
28
17
18
28
25
25
10
22
29
18
20
20
11
27
17
18
17
22
25
30
27
17
17
19
24
21
16
17
27
23
22
16
23
12
26
33
21
20
18
26
16
24
16
19
25
24
15
21
19
11
23
10
23
20
18
16
13
30
9
13
17
24
17
24
28
22
18
20
20
19
18
22
20
30
49
71
74
74
85
61
72
65
79
85
83
63
68
75
79
68
75
65
59
71
66
75
67
69
67
72
62
60
78
59
69
67
70
67
78
82
71
70
80
60
74
75
71
84
62
59
59
65
72
78
68
67
85
61
72
69
71
58
80
51
63
88
60
75
75
74
77
58
75
61
69
64
57
71
62
57
67
69
68
62
61
63
49
57
68
60
61
66
62
63
64
68
49
63
67
62
62
54
59
57
47
56
48
52
67
49
64
48
65
45
60
53
67
49
58
57
63
50
44
43
54
59
52
56
51
53
40
57
44
49
68
58
53
47
56
54
43
39
61
49
52
54
40
56
47
62
38
49
48
45
50
48
51
37
39
50
47
43
46
59
38
41
63
53
48
58
51
51
39
48
47
50
54
43
45
32
31
44
47
38
42
38
49
41
23
