# Filename : TXT_Files/Acq14400sec_006.Chn
# MCA detector ID: 1
# Start time : b'00':b'00':b'28'
# Start date : b'30Sep221'
# No channels : 8192
# Live time : 716309
# Real time : 720000
# En cal factors A + B*x + C*x*x
# A : 0.0
# B : 1.0
# C : 0.00
0
0
0
0
0
0
0
0
0
0
0
0
0
0
0
0
0
0
0
0
0
0
0
0
0
0
0
0
0
0
0
0
0
0
2
3
9
67
238
380
397
428
379
419
412
446
418
422
468
468
459
448
432
424
489
455
488
472
481
484
475
524
459
499
477
493
488
431
499
480
478
470
466
489
478
502
534
491
498
499
522
509
530
500
483
533
538
517
560
598
552
563
534
571
535
574
562
591
597
629
571
673
628
620
614
637
625
688
696
690
661
670
673
725
667
662
706
674
721
746
765
732
757
753
745
752
741
774
761
765
748
765
805
800
855
793
809
852
846
869
828
864
831
860
769
814
853
830
800
886
840
825
795
809
809
808
836
789
806
787
791
830
833
762
737
796
759
830
801
802
803
778
780
790
783
795
814
775
798
776
786
881
777
837
825
913
846
834
862
886
844
835
855
870
886
923
897
870
922
918
893
925
960
917
958
957
981
936
1009
981
1026
1000
996
1036
1040
1062
1043
1052
1052
1087
1081
1123
1072
1108
1150
1164
1166
1144
1155
1130
1128
1120
1155
1199
1274
1215
1219
1250
1232
1266
1266
1273
1280
1267
1239
1300
1317
1307
1397
1318
1383
1399
1427
1357
1327
1395
1311
1417
1382
1390
1469
1427
1463
1529
1543
1534
1518
1555
1650
1568
1634
1570
1617
1648
1684
1703
1676
1685
1674
1722
1761
1776
1756
1748
1756
1783
1804
1885
1808
1856
1874
1990
1959
1922
1929
1921
2003
1964
2014
2010
2034
2010
2013
2050
2003
2137
2120
2118
2075
2155
2203
2111
2249
2168
2161
2233
2283
2147
2306
2381
2289
2269
2321
2327
2411
2390
2404
2422
2351
2394
2383
2470
2401
2422
2387
2549
2531
2497
2521
2453
2506
2598
2657
2527
2632
2671
2675
2646
2702
2702
2718
2726
2640
2701
2645
2772
2804
2820
2758
2899
2938
3020
2745
2980
3017
2858
2922
2962
3055
3003
3035
3062
3057
3039
3159
3081
3203
3127
3201
3201
3115
3212
3254
3132
3313
3216
3268
3246
3199
3294
3322
3265
3335
3403
3329
3310
3233
3437
3336
3252
3234
3420
3317
3324
3372
3384
3334
3389
3327
3297
3334
3234
3234
3322
3316
3224
3219
3151
3269
3247
3258
3265
3273
3182
3140
3143
3196
3304
3153
3215
3131
3216
3269
3191
3179
3148
3090
3131
3264
3268
3139
3204
3293
3151
3185
3224
3166
3235
3208
3188
3163
3360
3322
3190
3180
3177
3184
3216
3313
3147
3226
3208
3150
3161
3113
3230
3264
3133
3292
3255
3166
3155
3166
3227
3227
3239
3253
3140
3249
3087
3171
3101
3196
3202
3234
3255
3289
3188
3199
3099
3111
3100
3152
3137
3224
3192
3145
3179
3224
3131
3191
3142
3062
3140
3053
3084
3168
3151
3028
3244
3033
3054
3142
3099
3085
3009
3107
2980
3050
3115
3081
3051
3079
3028
3037
3004
2983
2982
2907
2911
2972
3073
3045
2989
3005
3029
3061
2973
3003
2991
2982
2997
2978
2995
3012
2903
3000
3012
2885
2967
2903
2964
2894
2934
2962
2937
2893
2957
2984
2920
2882
2935
2892
2879
2904
2990
2875
2868
2888
2882
2906
2843
2839
2804
2916
2889
2932
2936
2781
2868
2848
2871
2896
2857
2788
2688
2813
2863
2844
2758
2909
2813
2751
2802
2777
2842
2789
2876
2913
2788
2783
2714
2799
2828
2856
2791
2774
2758
2792
2703
2727
2732
2826
2776
2842
2645
2727
2758
2788
2832
2803
2787
2699
2706
2738
2692
2785
2800
2717
2760
2802
2722
2680
2747
2687
2742
2725
2687
2687
2711
2637
2758
2759
2717
2686
2702
2638
2683
2639
2698
2661
2669
2663
2605
2666
2673
2695
2669
2668
2635
2635
2663
2627
2594
2619
2653
2561
2607
2619
2619
2720
2613
2560
2677
2608
2493
2555
2576
2622
2530
2594
2649
2524
2520
2423
2494
2537
2653
2581
2445
2551
2553
2599
2559
2569
2569
2469
2513
2472
2521
2499
2476
2542
2520
2505
2460
2444
2480
2532
2441
2448
2424
2346
2429
2398
2447
2425
2337
2393
2406
2374
2276
2455
2423
2359
2389
2399
2363
2331
2277
2404
2361
2292
2404
2390
2330
2389
2310
2362
2324
2282
2340
2335
2383
2338
2350
2266
2290
2318
2348
2346
2309
2301
2361
2273
2238
2243
2300
2269
2251
2287
2241
2260
2172
2250
2225
2209
2227
2185
2400
2289
2131
2245
2222
2290
2239
2156
2283
2188
2194
2248
2184
2216
2211
2160
2145
2284
2204
2219
2194
2228
2257
2189
2234
2150
2103
2217
2120
2122
2103
2112
2177
2162
2035
2189
2105
2150
2137
2190
2082
2171
2121
2058
2088
2129
2165
2089
2175
2138
2108
2055
2025
2109
2078
2118
1996
1985
2093
2020
2065
2079
2032
2042
2023
1993
2070
2072
2036
2025
1995
2039
1989
2061
1992
1995
2046
2003
1987
1942
1981
1962
1952
1913
1929
2047
1970
1964
1995
2005
1920
1949
1910
1940
1889
1952
1851
1913
1844
1862
1965
1846
1912
1899
1862
1857
1884
1880
1883
1840
1870
1880
1867
1899
1818
1836
1802
1803
1878
1901
1799
1785
1835
1876
1814
1832
1871
1825
1869
1794
1837
1876
1775
1826
1827
1834
1783
1704
1825
1793
1737
1820
1864
1790
1865
1732
1848
1808
1772
1799
1788
1730
1842
1720
1731
1735
1732
1690
1787
1747
1746
1687
1732
1740
1687
1798
1735
1726
1790
1795
1751
1712
1694
1838
1770
1621
1760
1721
1640
1707
1668
1724
1677
1748
1724
1703
1698
1678
1715
1723
1670
1661
1683
1729
1691
1652
1595
1674
1727
1559
1680
1687
1686
1709
1613
1643
1684
1610
1669
1672
1633
1727
1681
1681
1617
1662
1687
1654
1659
1673
1682
1697
1674
1665
1680
1620
1633
1660
1650
1621
1674
1572
1557
1723
1633
1640
1587
1617
1617
1594
1562
1615
1595
1576
1600
1590
1552
1573
1594
1597
1703
1545
1522
1564
1589
1530
1585
1551
1535
1558
1569
1567
1547
1602
1516
1491
1502
1460
1507
1550
1414
1453
1531
1518
1512
1494
1424
1567
1508
1445
1465
1493
1467
1479
1459
1448
1481
1465
1414
1415
1469
1458
1486
1461
1428
1448
1478
1440
1445
1390
1413
1434
1402
1408
1448
1423
1426
1464
1400
1377
1336
1370
1453
1397
1407
1437
1381
1473
1408
1350
1454
1361
1401
1372
1419
1414
1362
1445
1335
1389
1355
1387
1326
1356
1337
1386
1404
1362
1291
1379
1300
1364
1384
1249
1311
1304
1318
1332
1262
1324
1295
1335
1364
1378
1296
1285
1350
1305
1347
1275
1406
1260
1267
1319
1354
1385
1357
1314
1402
1292
1267
1318
1295
1230
1326
1337
1284
1264
1280
1300
1276
1236
1279
1217
1215
1289
1218
1277
1225
1198
1253
1231
1259
1232
1248
1274
1298
1237
1256
1291
1239
1242
1257
1275
1278
1242
1281
1163
1270
1226
1225
1254
1225
1256
1240
1272
1319
1261
1226
1211
1228
1251
1194
1205
1253
1256
1235
1292
1175
1257
1218
1201
1310
1220
1230
1209
1242
1226
1308
1240
1248
1172
1264
1205
1258
1237
1288
1191
1273
1252
1259
1235
1260
1223
1237
1308
1299
1321
1287
1269
1205
1294
1312
1309
1245
1240
1298
1283
1330
1311
1260
1243
1334
1334
1247
1288
1301
1317
1264
1219
1283
1321
1312
1314
1281
1272
1326
1279
1317
1322
1358
1244
1316
1304
1303
1310
1320
1348
1370
1298
1379
1339
1323
1303
1306
1328
1282
1298
1304
1307
1253
1310
1182
1261
1246
1177
1242
1243
1219
1242
1234
1216
1219
1245
1280
1202
1179
1129
1160
1181
1258
1121
1177
1184
1153
1182
1145
1136
1162
1092
1103
1123
1170
1123
1057
1113
1126
1090
1105
1126
1085
1070
1040
1072
1096
1048
1090
1027
1074
1074
1049
1034
1047
1016
990
963
1057
1017
1076
964
988
999
979
1014
993
962
944
1002
932
912
910
899
942
993
975
968
902
992
920
888
933
910
934
936
913
870
832
875
905
887
872
846
852
864
867
914
907
850
876
876
828
766
823
904
790
831
841
810
790
845
790
871
824
910
804
771
809
808
805
815
813
826
854
774
819
787
839
823
830
857
777
748
788
749
818
830
820
784
772
821
774
770
747
780
781
828
787
767
807
776
797
786
767
760
769
767
801
815
755
780
787
796
794
759
763
746
783
787
757
737
783
825
782
815
755
715
731
814
767
761
774
806
769
744
775
827
764
773
701
789
774
754
758
722
787
752
777
759
740
726
797
794
745
790
747
730
761
750
828
749
761
737
763
725
712
696
723
726
731
768
783
680
772
725
777
728
753
710
739
717
746
720
707
734
735
723
730
741
765
729
733
741
727
751
731
755
757
764
716
705
727
765
759
726
715
728
697
721
704
737
778
717
721
739
717
699
745
748
787
772
735
694
727
718
648
705
737
706
727
742
737
753
715
738
726
719
668
707
737
766
702
705
653
695
734
722
684
747
686
665
679
700
682
701
678
712
703
675
727
636
708
677
659
687
677
712
644
701
645
651
683
664
711
711
691
688
679
656
672
658
672
653
632
684
604
680
627
716
657
627
647
602
654
630
596
621
607
634
646
616
590
682
666
623
584
621
652
604
607
604
612
632
584
607
617
598
585
601
571
603
608
572
569
571
529
603
558
586
595
582
566
594
615
564
586
566
512
621
561
625
588
554
593
541
571
561
591
596
571
591
570
530
551
569
575
506
570
526
527
499
583
536
533
525
535
575
530
515
500
541
533
577
572
488
525
557
567
517
547
555
486
551
556
520
531
542
547
507
519
578
509
556
474
533
542
574
584
475
566
528
527
501
537
498
543
536
555
525
523
613
516
591
505
518
495
532
531
541
545
536
543
533
555
541
570
583
521
566
546
545
547
550
539
526
538
567
563
577
546
546
540
517
558
584
580
555
532
537
558
583
506
572
637
569
536
520
558
591
552
588
569
619
591
539
533
583
548
605
587
565
632
579
541
573
565
572
589
593
547
547
581
548
599
540
585
500
578
567
544
576
578
558
607
566
564
582
581
567
545
628
582
570
593
606
553
585
591
559
585
580
581
561
545
561
544
576
535
602
593
584
573
621
589
564
599
584
563
599
575
534
571
592
554
587
588
590
554
604
567
567
614
551
560
589
597
557
609
559
595
583
536
564
562
598
549
550
594
580
538
573
558
574
539
541
550
578
527
574
544
500
518
538
593
514
509
469
533
505
505
534
517
499
510
499
513
540
528
486
483
467
492
492
472
512
498
472
468
514
480
475
491
494
460
479
518
478
455
476
442
438
470
492
453
468
467
423
424
448
443
457
446
416
456
450
421
416
396
448
435
429
399
407
404
387
423
420
394
393
404
420
406
386
416
412
426
426
369
413
398
376
368
376
357
361
385
367
348
398
381
409
369
332
369
366
355
374
301
392
362
364
347
396
369
345
371
340
335
386
359
370
382
350
333
355
338
369
337
350
358
355
344
397
337
316
347
350
362
348
321
360
370
329
380
339
347
340
330
344
371
358
316
343
353
314
332
362
357
341
359
354
313
347
361
361
385
325
350
345
323
349
331
343
360
352
346
312
341
364
357
339
372
363
341
345
371
376
377
366
372
357
378
369
357
366
386
384
394
415
361
389
389
403
368
349
358
389
375
401
388
393
382
391
401
420
379
373
400
398
355
455
421
399
377
418
418
439
407
440
426
424
468
385
399
397
425
420
461
416
382
399
432
426
414
451
435
444
419
473
445
430
402
474
419
461
430
445
446
435
443
455
463
428
485
457
428
491
459
491
475
440
463
454
488
455
458
468
499
474
512
501
455
449
480
491
491
476
514
492
521
490
549
519
532
474
492
487
470
477
508
499
463
523
505
534
494
495
508
501
531
490
492
506
483
502
507
535
509
492
531
437
540
546
484
553
496
477
480
461
498
501
494
525
526
494
498
519
510
491
503
476
474
507
464
466
489
468
478
480
544
497
463
479
487
444
490
454
463
481
459
447
450
445
461
460
442
459
441
470
449
471
406
436
442
438
482
417
424
377
414
441
427
452
448
423
412
398
403
395
390
390
438
350
398
420
378
427
358
349
378
419
359
381
383
375
403
396
365
365
341
371
335
347
379
331
320
360
326
332
302
352
317
323
335
315
349
294
322
317
305
327
297
313
329
279
317
304
301
303
321
312
324
265
292
268
303
277
303
261
290
257
264
302
289
304
285
284
262
281
271
270
261
264
260
258
255
263
256
264
271
271
270
253
256
285
270
245
266
231
246
238
257
244
218
257
248
241
254
238
258
205
263
245
230
231
243
269
218
246
250
263
248
264
264
216
244
236
228
240
252
259
255
228
237
242
258
250
252
228
244
259
211
231
209
223
267
245
248
213
256
242
247
235
240
235
241
233
226
209
243
242
233
243
229
262
217
209
229
243
229
252
225
240
222
227
251
226
228
224
220
223
219
261
236
222
254
230
244
228
216
238
239
205
226
226
249
252
220
224
215
207
228
205
224
247
198
216
254
240
238
230
250
217
215
251
223
230
247
233
227
238
239
246
238
208
241
216
199
211
210
198
227
200
236
218
246
228
221
223
227
199
214
215
223
219
226
203
221
205
197
203
242
235
218
219
228
216
236
256
229
211
215
217
243
221
247
200
215
221
222
238
208
207
206
215
199
243
220
201
223
250
226
208
231
247
231
225
231
224
220
212
213
221
200
222
213
205
195
214
228
214
232
225
207
230
232
200
218
239
220
235
211
234
221
188
220
194
226
218
204
202
208
205
219
220
200
203
208
184
214
216
209
232
201
188
205
203
174
225
215
235
229
208
216
224
229
226
212
205
217
220
198
223
220
234
179
234
201
213
234
211
214
225
198
217
198
218
189
224
212
206
220
217
218
198
193
207
222
228
220
218
216
208
203
209
212
211
216
225
204
210
214
205
208
201
222
180
170
218
230
201
213
206
214
201
237
184
208
249
250
243
220
223
240
203
208
202
203
195
205
202
210
206
238
194
198
218
202
200
206
206
223
210
200
239
203
234
199
203
217
211
230
198
229
223
208
225
207
219
230
220
231
207
208
204
232
231
239
205
211
232
200
234
240
208
223
215
252
196
223
201
191
205
246
213
203
245
197
216
219
214
197
230
198
218
223
185
219
201
191
223
215
217
208
199
205
199
213
210
195
196
206
184
187
206
219
215
203
218
199
228
194
195
196
215
203
202
217
175
197
204
199
200
192
195
194
189
194
171
199
201
204
196
220
180
216
207
195
208
204
198
197
197
170
177
175
199
201
184
194
211
180
192
206
174
183
186
175
177
192
193
176
204
211
196
176
179
150
173
168
211
178
161
178
170
176
187
194
184
188
181
167
181
184
171
178
180
186
194
172
193
170
168
187
192
209
166
177
178
202
176
156
163
172
179
188
176
194
201
195
154
175
187
186
185
169
161
173
185
182
172
190
174
176
179
194
175
170
169
182
175
173
184
170
193
188
176
184
174
181
172
183
198
189
183
159
175
181
162
186
158
179
179
168
191
159
192
165
178
188
194
179
168
167
168
142
176
190
192
195
165
164
173
174
209
165
169
205
186
188
164
187
194
181
176
202
194
190
196
187
176
176
194
178
188
187
174
211
176
180
172
185
195
193
200
153
155
193
200
166
184
196
175
208
185
199
173
201
199
191
216
186
172
176
199
198
199
207
200
183
181
207
209
186
181
190
226
209
170
210
206
201
200
205
220
200
185
197
223
196
217
206
196
223
201
197
220
205
209
193
203
223
214
204
197
207
211
191
203
225
229
231
221
228
211
184
195
238
244
218
222
229
222
215
248
213
239
189
223
227
222
227
242
221
229
246
215
225
243
226
225
249
242
232
218
233
243
263
250
262
253
254
246
224
248
254
249
250
231
248
234
260
236
287
237
245
265
249
242
259
235
238
237
231
258
237
235
265
260
237
256
246
258
254
274
248
253
244
247
273
261
242
221
269
249
232
236
272
272
276
301
251
262
255
243
278
248
251
265
276
267
263
247
264
276
276
269
232
273
261
265
268
271
269
251
259
259
278
249
254
259
245
273
243
260
268
273
277
257
261
287
280
254
244
277
262
286
268
269
261
253
278
275
255
273
264
276
290
244
258
266
240
299
243
248
306
263
250
274
282
254
269
258
254
261
244
260
276
257
271
248
271
235
262
268
251
247
225
275
260
270
257
238
260
284
269
224
267
250
251
267
267
260
281
259
254
278
244
261
239
270
257
271
258
256
256
233
278
250
252
276
287
256
245
226
257
242
239
254
222
243
275
238
272
257
249
281
238
241
236
259
229
233
241
247
240
247
232
230
244
214
244
227
218
233
226
224
220
217
216
237
204
216
240
207
234
225
223
212
219
227
221
224
192
167
201
206
224
188
215
203
225
207
199
213
191
186
199
210
199
204
205
224
196
182
206
196
182
193
163
184
170
209
190
176
215
176
185
181
189
175
177
176
171
175
191
177
182
143
160
176
186
176
180
172
185
161
129
178
164
160
152
154
171
152
181
159
157
158
159
152
165
141
162
162
164
177
146
156
175
156
158
153
148
145
168
144
142
157
128
145
144
162
143
171
130
149
132
148
135
141
129
160
152
150
133
124
125
132
126
148
137
114
121
131
139
99
116
105
149
109
134
130
127
118
130
117
124
125
132
108
137
123
120
116
126
130
125
101
128
143
123
125
130
98
123
119
96
124
97
127
122
130
118
131
99
87
119
121
119
127
109
128
113
132
121
114
99
125
116
114
115
113
135
121
114
129
126
112
113
110
116
106
96
115
124
98
124
118
114
117
106
133
109
111
119
123
113
130
123
99
105
103
108
123
120
125
108
87
103
115
112
104
123
117
87
133
99
113
112
107
95
112
89
101
103
121
90
98
105
111
108
106
107
110
114
98
126
116
109
105
113
105
112
114
119
100
117
101
110
103
111
102
107
97
102
88
120
107
122
114
100
94
109
98
79
118
109
122
108
101
116
97
107
94
101
108
82
97
111
102
99
112
101
109
111
102
113
118
106
100
91
104
128
101
93
129
93
108
110
103
123
106
97
92
104
129
87
116
103
101
107
112
107
86
106
114
104
115
95
89
101
106
93
97
99
108
102
98
109
115
104
91
94
104
93
99
102
100
113
103
93
108
101
116
95
99
89
100
96
119
110
90
120
107
123
101
101
103
116
106
101
105
108
105
86
95
97
72
115
95
111
100
110
99
109
109
102
85
116
105
97
107
106
111
99
90
93
88
95
109
91
91
101
103
95
92
103
97
96
80
105
97
99
121
96
100
86
83
90
106
109
99
105
99
117
92
104
113
104
116
91
107
101
95
90
92
79
104
108
111
116
98
101
88
105
87
90
93
101
94
106
85
109
86
113
114
101
87
85
79
93
121
111
99
113
95
97
97
95
102
111
100
90
90
101
90
78
96
103
98
107
85
84
89
98
86
110
99
91
105
91
86
107
106
118
110
91
90
92
110
90
88
91
102
110
100
83
107
101
90
107
95
94
93
83
95
106
94
102
85
101
96
94
92
107
102
88
88
86
94
104
74
107
104
116
97
89
115
103
102
123
106
92
91
104
107
105
111
98
114
108
92
102
112
114
93
98
96
97
111
104
110
119
112
96
99
100
85
84
90
89
97
100
104
89
96
100
105
114
111
96
117
93
95
110
95
88
97
104
100
90
101
82
90
116
101
72
89
100
84
93
95
103
92
108
87
89
79
100
92
96
95
96
95
105
95
100
85
106
93
112
91
83
100
101
110
97
107
97
97
90
93
120
89
102
94
85
87
107
102
89
105
88
107
91
86
94
101
110
88
114
94
117
92
100
100
78
98
92
100
114
99
82
86
104
97
93
110
121
87
89
106
89
102
100
93
98
87
100
108
101
96
95
103
95
116
101
77
81
92
92
91
96
99
77
85
104
95
96
99
77
96
94
80
115
97
106
89
99
97
86
98
82
96
85
101
101
105
101
110
91
93
104
90
98
116
101
90
101
101
85
95
116
101
92
106
93
98
92
108
92
94
108
97
101
112
96
87
72
99
89
109
99
94
92
98
88
93
101
108
105
100
106
93
90
109
103
99
97
95
88
89
101
86
101
100
96
87
100
96
88
95
95
109
75
75
109
96
104
99
97
89
100
97
95
94
117
87
79
92
95
77
101
84
106
79
79
96
95
92
98
94
106
67
95
101
90
82
103
107
90
69
82
86
98
93
109
93
103
93
93
90
108
95
101
101
88
109
107
101
97
106
89
96
70
102
101
98
119
89
78
82
97
87
101
94
104
100
94
74
74
99
104
95
94
99
85
97
87
103
75
100
95
99
78
78
76
80
92
73
86
68
77
87
94
84
90
86
92
78
99
91
87
89
100
90
87
81
105
93
93
88
89
99
80
108
88
78
101
83
105
93
96
84
87
73
98
86
89
85
83
97
84
101
60
94
76
85
78
87
80
73
85
85
88
82
91
84
82
75
108
90
93
84
80
81
63
79
82
78
88
76
84
95
96
98
80
66
80
93
82
74
79
71
85
91
76
84
92
93
81
82
94
85
88
75
65
86
69
78
81
94
71
84
87
82
76
75
79
79
89
90
88
87
73
79
79
78
65
78
83
74
96
85
74
73
84
83
93
81
74
74
68
75
88
77
69
83
65
90
92
77
74
76
89
82
82
74
66
57
75
61
80
67
74
68
65
88
69
90
81
77
73
90
85
83
70
79
80
76
76
83
68
75
65
70
63
84
68
72
83
91
60
78
90
94
75
60
89
86
76
73
71
81
64
66
76
77
86
90
68
87
77
82
81
75
69
77
93
68
68
81
87
59
63
75
58
59
77
66
80
77
73
69
74
77
83
94
71
77
62
79
75
68
71
90
60
57
67
82
72
91
66
75
78
75
73
87
87
55
71
82
91
61
71
84
81
69
91
63
58
84
78
82
70
71
77
65
74
75
90
61
60
75
74
86
68
78
85
75
81
74
64
72
70
67
66
65
70
82
68
84
81
83
67
76
86
79
75
93
72
67
77
84
75
70
74
77
77
79
86
71
79
72
71
71
61
71
86
73
78
67
80
75
58
72
73
88
62
76
66
58
66
71
103
82
79
79
82
67
62
74
77
76
77
76
66
67
76
89
75
96
88
73
68
65
93
62
78
68
70
63
71
68
64
79
85
63
66
79
60
72
66
72
79
81
67
79
78
69
72
75
65
78
71
74
55
78
62
78
72
71
77
66
65
83
57
92
88
78
67
61
64
55
82
83
80
59
75
84
85
67
84
69
77
72
72
65
78
62
79
67
71
84
92
81
84
75
74
78
86
76
64
74
70
82
78
91
96
66
72
75
79
83
100
81
74
91
83
73
87
80
65
76
79
89
78
86
82
76
79
62
83
74
102
74
75
80
97
86
79
71
75
71
88
71
73
85
84
85
82
77
80
62
81
75
77
93
75
86
71
91
78
101
70
83
79
89
99
70
87
99
78
72
87
71
69
60
85
67
76
73
95
91
80
99
83
88
88
101
95
90
78
98
94
88
65
103
81
87
82
75
92
79
96
80
91
99
87
86
98
79
93
92
119
75
87
78
95
99
76
86
74
75
81
85
86
84
89
93
88
102
88
79
91
105
98
85
84
86
113
114
84
87
93
95
84
77
103
96
105
88
100
93
103
85
88
87
96
88
72
99
82
90
94
104
91
109
94
90
82
95
96
106
93
101
101
112
89
104
102
87
94
83
84
109
113
75
94
99
93
108
93
98
100
106
105
99
84
82
85
85
98
108
102
99
96
97
106
84
101
87
92
98
90
97
87
106
79
98
96
96
103
116
101
87
118
126
109
85
89
109
80
93
91
85
101
93
87
120
95
89
96
89
85
97
114
88
81
116
90
102
105
107
93
88
85
76
86
89
82
80
103
83
92
84
102
84
101
77
96
85
93
95
101
82
93
90
73
78
95
89
90
98
89
81
89
86
85
95
90
92
84
84
80
90
77
75
89
93
103
92
78
110
82
81
91
106
90
93
86
81
84
88
79
96
92
74
104
83
85
96
87
90
83
85
85
78
96
90
94
85
73
90
81
69
83
79
85
85
93
82
99
77
72
86
88
79
78
83
101
97
93
78
51
85
71
90
93
83
84
80
85
65
84
71
98
83
87
77
94
76
68
92
84
84
52
78
77
96
67
66
86
75
80
72
81
81
96
90
83
90
92
95
82
87
78
79
68
88
82
70
84
67
84
88
93
83
87
69
81
68
96
83
84
85
95
75
87
102
80
86
88
75
71
83
81
77
71
90
88
68
77
78
77
68
89
78
77
85
67
92
81
83
92
70
76
53
81
86
77
76
72
86
77
68
74
69
83
74
91
92
79
85
93
73
82
71
66
78
88
94
89
68
67
79
91
84
76
88
83
88
77
66
78
71
82
70
63
76
85
75
74
83
66
75
73
79
62
82
81
65
93
91
85
93
97
84
78
87
77
71
79
93
81
73
78
70
87
76
70
73
71
59
87
77
68
85
73
74
65
80
91
75
69
83
74
74
75
71
73
71
75
59
86
72
73
83
71
69
77
66
67
71
83
71
59
69
81
77
67
77
64
61
67
64
56
60
87
67
63
61
57
70
65
76
71
69
78
72
69
76
73
62
68
70
46
67
71
63
67
66
72
62
71
60
83
53
67
65
70
76
63
53
62
65
62
58
44
69
72
48
60
61
65
66
66
68
65
64
68
64
59
70
56
60
60
56
64
55
65
57
50
49
58
67
53
60
63
53
69
51
71
58
46
63
49
59
55
50
53
53
68
59
54
60
57
55
50
58
55
56
58
57
54
57
65
45
51
43
57
56
51
48
58
57
53
57
54
49
44
70
42
53
52
51
62
61
48
54
49
48
54
59
56
41
52
49
41
52
63
53
43
47
41
45
37
55
54
40
44
46
55
57
56
47
40
48
53
36
46
49
40
53
51
43
43
49
46
41
47
44
46
48
59
51
37
36
52
50
50
48
38
61
46
45
54
48
40
54
42
53
40
37
44
49
40
49
43
41
47
33
44
46
41
40
53
53
47
37
33
42
32
40
47
40
49
52
43
43
33
47
42
37
38
37
47
50
41
48
45
35
43
28
47
44
42
43
37
31
35
47
47
44
47
49
56
43
40
39
54
41
41
28
41
32
47
34
43
50
40
42
45
46
37
36
54
49
43
28
46
36
42
33
51
47
60
53
38
42
55
38
45
39
40
44
42
36
42
33
37
46
32
37
45
49
43
46
36
44
42
37
43
52
45
44
48
45
34
20
55
44
42
43
44
39
55
37
46
30
48
43
44
45
34
30
49
51
52
39
47
42
43
38
38
27
40
39
47
47
33
40
47
40
35
45
40
50
35
36
38
38
48
48
42
34
38
45
43
44
39
48
41
32
46
48
33
39
47
37
35
48
46
49
50
43
47
44
41
58
39
39
28
36
43
49
52
43
30
38
52
43
41
45
37
46
44
42
52
35
54
44
43
46
42
47
42
43
44
42
34
44
46
35
49
46
41
37
45
37
46
32
43
43
35
51
46
46
30
43
41
50
53
48
44
38
46
31
52
40
47
50
32
48
56
44
40
40
36
53
52
46
48
36
37
55
56
56
52
47
41
52
55
41
47
52
44
54
32
52
48
37
47
51
40
47
44
49
40
43
44
43
51
48
40
53
56
37
46
56
39
50
44
50
56
40
48
40
59
47
55
50
36
41
55
53
42
55
45
53
53
45
40
64
37
53
37
53
67
50
44
52
58
48
47
55
51
58
46
58
47
49
54
52
63
39
49
42
69
50
45
54
51
57
48
51
48
40
53
43
50
48
57
48
45
56
45
57
60
48
53
66
49
59
57
68
46
58
47
52
52
54
42
57
47
56
47
45
58
47
62
55
44
37
50
54
54
61
46
52
47
52
48
59
56
60
52
57
50
47
58
49
50
53
66
46
65
50
54
63
59
43
58
53
67
64
46
59
49
68
52
48
58
57
44
50
74
68
68
51
58
59
53
61
54
59
51
59
64
56
70
57
50
57
72
61
66
56
63
53
49
57
52
52
44
47
58
55
51
51
56
50
44
71
55
53
51
60
59
50
45
71
64
60
76
63
66
72
61
71
76
58
47
79
59
60
59
71
62
74
57
52
61
65
68
60
46
65
59
70
59
62
72
69
56
62
59
72
66
64
69
72
54
67
72
58
60
65
67
64
52
61
58
76
69
69
74
62
68
55
58
73
65
60
61
63
75
55
61
60
62
56
57
56
57
64
64
61
69
61
78
56
61
65
57
53
48
51
59
56
62
65
51
46
53
51
69
64
61
64
54
43
59
51
57
71
69
48
56
55
64
51
69
68
47
47
57
45
65
63
64
61
48
76
54
66
69
59
56
50
60
62
48
64
49
69
52
45
62
54
59
48
58
58
60
64
56
55
56
60
62
50
47
50
54
55
53
61
54
41
43
54
58
51
54
49
72
50
43
65
55
56
53
47
56
71
61
56
52
51
42
51
47
43
54
52
46
43
43
49
45
47
51
55
39
57
49
49
38
48
42
46
47
46
40
46
40
53
52
38
51
57
55
37
34
38
43
40
51
49
59
44
48
42
50
32
41
33
45
49
55
38
37
35
58
59
37
60
48
38
47
49
48
44
43
38
42
41
37
54
55
41
44
30
44
40
49
39
50
52
50
54
35
41
53
54
39
39
45
45
39
43
44
52
49
45
26
56
45
43
42
42
45
51
32
36
38
37
33
50
43
30
45
40
38
41
47
41
32
37
34
37
48
35
43
34
40
41
35
36
33
45
35
26
32
34
48
33
44
45
35
47
41
49
36
32
32
32
48
31
31
47
36
36
38
50
41
41
35
35
45
36
34
42
43
36
34
38
34
36
51
47
41
40
41
31
39
50
41
32
49
43
36
44
38
35
50
36
40
37
27
35
29
44
38
41
22
42
34
41
35
27
47
31
39
36
39
34
38
40
44
33
44
26
29
36
36
39
35
40
33
37
42
34
36
40
33
40
32
39
34
27
43
31
43
36
32
41
36
44
34
31
34
32
25
40
25
34
44
44
38
33
38
29
28
41
38
30
40
35
32
36
35
31
42
42
32
39
27
35
30
37
37
35
46
27
36
39
29
32
31
30
42
38
31
32
26
39
30
35
30
45
35
32
38
41
36
45
33
38
37
32
32
42
36
47
35
27
37
44
32
37
43
46
32
42
47
36
49
28
39
27
31
28
42
30
35
34
27
30
35
36
33
30
40
37
32
31
37
38
34
35
39
48
38
43
36
35
31
29
30
25
34
34
29
27
38
36
37
41
36
38
40
41
41
24
35
38
37
39
24
34
35
33
25
35
40
30
28
35
37
37
36
25
30
42
39
42
38
36
34
34
42
34
38
34
35
34
28
32
38
33
35
36
42
33
39
34
36
36
30
21
29
34
29
42
44
38
31
42
46
48
38
30
40
42
36
37
34
41
36
29
35
28
29
39
26
31
39
29
42
33
35
36
36
27
31
40
49
24
36
46
44
29
28
39
43
35
45
51
34
37
44
37
33
34
37
43
40
35
40
33
38
44
39
31
29
37
36
39
31
29
37
28
37
37
20
34
45
38
44
36
44
32
39
46
34
26
34
36
38
38
32
45
41
48
33
40
42
35
41
41
37
36
30
39
38
32
32
33
42
30
40
41
35
32
39
32
33
32
44
29
33
41
34
32
28
43
34
47
46
45
42
39
30
35
31
27
27
39
39
26
36
34
34
29
27
32
42
36
39
39
32
19
29
31
41
26
35
40
48
32
33
30
30
40
28
40
35
35
32
22
38
32
32
36
35
34
40
28
26
39
39
32
33
33
32
33
39
29
36
37
38
45
30
30
36
29
25
35
33
27
34
37
38
30
33
32
43
29
34
35
25
36
26
36
31
35
33
32
31
27
25
35
33
34
29
35
24
36
31
30
41
34
28
29
31
35
32
25
18
31
42
26
27
28
31
24
50
38
27
34
39
31
27
31
32
38
19
20
36
39
27
26
28
31
30
30
28
44
28
37
41
24
34
35
30
34
28
43
25
28
26
28
25
30
31
21
28
35
42
37
29
16
42
25
30
22
35
26
35
34
29
27
31
28
24
39
30
29
27
23
36
38
31
40
29
28
31
34
22
22
28
26
26
33
31
25
28
29
27
30
24
30
19
34
27
26
25
23
20
30
23
22
25
25
27
34
26
21
28
26
24
39
22
29
22
32
32
33
30
32
24
20
38
23
22
28
14
29
33
23
27
27
20
30
27
18
24
28
25
29
23
22
26
23
25
27
29
26
30
21
30
31
30
23
32
30
25
30
34
16
20
31
35
39
29
21
33
28
16
23
21
28
30
26
25
29
26
29
31
31
32
20
20
22
37
28
29
28
31
29
27
17
27
26
23
30
21
21
38
25
32
19
24
19
29
19
33
22
21
22
24
20
27
19
24
32
21
31
24
25
31
29
28
23
37
28
21
30
24
30
23
18
30
26
22
20
30
32
23
36
24
30
19
24
27
25
34
25
32
21
28
36
31
19
27
26
17
28
30
23
35
29
33
20
27
36
19
25
29
33
31
23
23
30
24
28
24
29
27
24
28
27
29
25
27
38
23
18
29
17
29
32
30
29
29
22
31
25
28
24
32
24
25
34
34
31
21
32
29
24
29
25
26
22
32
24
21
23
18
27
24
26
29
37
24
22
18
29
25
27
24
21
29
28
28
38
16
21
30
31
31
32
18
25
21
24
31
35
24
37
29
21
30
32
26
17
29
27
26
32
29
29
17
32
29
27
27
23
35
22
34
23
30
26
27
35
28
30
34
31
25
36
20
19
28
26
28
43
27
23
22
29
28
31
33
26
21
33
37
36
21
33
37
33
25
30
27
26
32
22
40
19
27
33
32
31
28
30
26
25
34
28
24
32
31
41
35
40
24
25
29
27
38
31
34
30
24
24
22
36
22
25
39
30
29
31
29
38
37
38
36
24
31
32
26
38
28
28
30
21
37
29
26
30
28
26
27
46
22
39
33
24
23
35
34
25
26
32
28
24
25
40
31
27
29
28
34
31
30
35
27
27
36
22
23
23
35
38
32
27
25
22
34
22
33
40
30
40
28
37
26
30
26
30
31
27
25
31
39
29
28
22
30
32
33
40
36
28
31
34
35
37
29
38
36
37
31
34
26
33
31
31
31
25
34
32
41
36
27
45
36
25
30
36
33
39
29
35
39
28
28
37
31
24
39
32
41
31
26
37
31
36
35
22
29
24
36
25
39
42
38
26
41
28
33
30
33
33
37
25
48
30
36
39
39
34
31
35
30
34
26
34
31
47
28
36
30
35
42
36
29
43
41
38
32
31
30
33
36
36
44
47
30
28
36
35
38
52
32
29
35
33
36
25
32
40
37
34
38
32
36
46
39
40
42
40
47
34
36
29
42
40
45
38
38
27
42
33
32
32
41
42
35
42
29
30
34
36
34
34
46
36
39
34
25
28
35
39
36
33
35
32
46
32
28
37
39
38
32
39
35
36
31
31
44
36
47
37
39
42
28
44
32
45
50
30
46
40
39
45
29
26
29
44
40
48
44
36
31
38
37
43
33
42
52
41
50
42
39
43
48
36
41
37
34
43
40
42
35
42
48
41
48
57
33
46
41
44
42
47
40
36
46
45
46
31
50
47
53
42
51
47
38
45
45
49
40
43
46
58
51
34
50
35
41
42
47
32
47
58
40
43
58
45
47
49
44
62
45
34
36
42
58
49
39
54
44
50
53
43
38
48
45
65
44
42
59
55
54
46
47
57
47
44
52
41
44
51
44
48
47
51
42
53
62
56
43
51
42
42
56
54
54
50
55
61
58
51
52
51
71
53
52
48
53
63
56
43
52
58
49
49
54
55
57
52
47
51
50
48
55
54
56
70
56
53
53
61
69
53
56
67
50
59
62
59
52
70
66
56
47
65
66
57
64
49
53
65
56
54
60
57
59
71
73
59
65
71
45
53
50
39
53
48
63
65
48
71
54
44
71
53
56
71
64
67
61
62
52
53
55
59
54
65
57
71
60
54
73
40
51
67
56
66
61
68
74
66
51
54
58
50
61
77
54
57
63
55
60
66
66
55
53
65
57
63
53
49
68
66
47
63
72
64
61
61
76
57
53
50
58
56
55
56
67
60
55
58
52
48
56
72
63
68
53
55
56
68
52
52
56
52
65
69
58
60
53
58
55
58
50
57
60
61
48
56
52
52
61
62
57
44
57
57
67
50
67
54
52
45
37
68
61
59
66
58
59
67
53
62
53
53
46
60
45
69
44
52
56
45
40
42
48
55
45
43
45
47
63
48
48
42
46
35
47
56
63
49
54
53
52
39
51
57
51
36
39
40
45
45
49
51
46
55
45
54
45
44
52
42
47
39
38
36
40
44
55
39
40
45
30
39
40
37
46
44
44
38
42
54
38
33
43
40
32
47
48
35
39
32
41
41
41
33
34
38
25
34
42
28
27
30
46
46
29
32
40
29
37
36
38
44
28
39
35
37
28
32
30
39
45
34
28
41
31
37
38
30
29
38
25
37
33
29
39
33
32
42
28
35
29
30
25
42
38
33
21
27
25
39
32
24
35
23
27
41
41
37
42
36
29
36
21
32
30
32
33
24
33
39
26
33
33
22
20
31
27
31
34
24
36
23
38
36
28
22
21
27
25
32
28
21
27
31
24
22
32
24
25
35
28
27
26
23
19
26
20
27
35
22
24
41
25
22
29
26
20
22
22
22
19
21
24
24
18
26
17
27
23
20
26
19
27
31
20
31
21
25
28
31
21
25
17
25
25
20
22
19
13
27
27
23
20
26
29
24
25
20
15
19
16
29
17
18
27
23
27
15
14
12
24
16
28
16
16
20
22
17
23
16
28
26
25
20
20
15
18
23
19
23
19
21
14
18
14
16
20
32
14
21
21
14
23
22
13
10
20
19
21
19
26
17
15
14
19
14
12
22
19
19
26
17
18
26
18
36
79
98
63
69
73
69
77
85
74
83
74
74
85
82
84
80
62
69
85
81
80
77
74
79
61
67
59
84
65
80
71
76
67
79
63
77
59
74
64
72
70
65
66
87
60
59
60
70
62
57
65
81
67
66
72
62
63
74
69
57
67
58
67
79
64
72
72
64
63
71
56
69
59
69
55
68
46
78
82
59
61
62
61
75
65
49
54
67
61
61
52
63
70
62
43
43
52
60
46
62
60
71
49
58
56
51
49
66
54
63
55
64
48
67
60
45
57
62
64
61
55
68
59
42
42
40
60
46
49
54
45
50
53
56
43
66
55
45
38
49
53
53
48
48
40
53
25
52
53
45
57
44
44
48
48
54
56
39
46
37
39
44
42
47
46
45
48
39
60
50
48
61
54
52
32
50
44
46
41
36
40
42
46
22
