# Filename : TXT_Files/Acq14400sec_008.Chn
# MCA detector ID: 1
# Start time : b'08':b'08':b'16'
# Start date : b'30Sep221'
# No channels : 8192
# Live time : 716317
# Real time : 720000
# En cal factors A + B*x + C*x*x
# A : 0.0
# B : 1.0
# C : 0.00
0
0
0
0
0
0
0
0
0
0
0
0
0
0
0
0
0
0
0
0
0
0
0
0
0
0
0
0
0
0
0
0
0
0
2
6
11
62
209
365
416
406
418
429
423
385
425
440
434
408
463
453
452
472
493
461
469
481
464
464
463
476
446
454
476
480
499
431
458
469
525
482
487
496
514
464
512
501
515
509
485
496
475
498
550
542
534
548
525
590
535
581
538
587
555
557
570
560
528
617
636
573
627
692
648
662
641
663
667
676
672
653
642
678
647
657
704
755
757
734
734
745
701
716
751
741
761
712
792
812
780
779
745
776
813
764
794
858
790
821
798
854
874
825
794
845
780
808
850
821
773
776
770
815
848
809
825
734
773
814
798
770
764
804
784
688
775
752
774
804
791
789
805
771
819
789
831
758
799
749
790
836
866
873
866
829
801
892
833
886
789
890
906
839
871
904
890
894
901
911
913
980
925
953
979
1002
962
900
1013
1028
934
1053
997
1060
1036
1026
1033
1081
1022
1046
1097
1132
1138
1084
1145
1095
1133
1161
1194
1174
1251
1218
1229
1232
1160
1245
1167
1212
1247
1169
1252
1293
1264
1298
1258
1301
1227
1331
1249
1355
1342
1370
1392
1377
1343
1482
1414
1390
1393
1396
1465
1497
1522
1469
1435
1558
1509
1602
1558
1546
1555
1588
1612
1587
1640
1648
1712
1711
1661
1772
1758
1717
1751
1717
1744
1767
1823
1875
1822
1807
1798
1865
1854
1951
1925
1969
1967
1965
1954
1960
2009
2042
2111
2075
2176
1936
2075
2154
2055
2123
2085
2198
2119
2230
2181
2274
2273
2339
2271
2258
2373
2281
2303
2358
2280
2391
2319
2362
2329
2371
2450
2446
2370
2466
2427
2486
2437
2491
2566
2596
2525
2601
2671
2656
2645
2571
2716
2690
2659
2587
2622
2637
2771
2735
2702
2754
2759
2950
2822
2951
2812
2725
2894
2836
2906
3043
2987
2999
3001
3082
2950
3020
3083
3106
3030
3145
3185
3207
3107
3218
3229
3188
3265
3171
3238
3349
3287
3237
3251
3209
3217
3301
3325
3253
3471
3401
3356
3416
3303
3438
3313
3376
3321
3399
3343
3273
3380
3362
3272
3319
3367
3386
3266
3253
3274
3226
3245
3275
3233
3305
3210
3102
3180
3184
3176
3289
3186
3250
3110
3137
3211
3199
3209
3176
3300
3232
3257
3232
3217
3171
3063
3185
3218
3150
3010
3157
3187
3354
3226
3157
3192
3186
3168
3141
3209
3231
3226
3265
3181
3143
3235
3197
3142
3203
3207
3107
3150
3260
3248
3249
3274
3233
3236
3201
3259
3156
3249
3185
3152
3131
3183
3171
3165
3174
3225
3164
3120
3119
3273
3224
3230
3215
3182
3258
3187
3085
3248
3089
3155
3185
3168
3077
3125
3107
3138
3215
3062
3084
3064
3052
3081
3156
3089
3077
3079
3047
2987
2963
3057
3051
2959
2965
2984
2967
2975
3061
2949
3027
2954
2902
2967
3031
3035
3059
2962
3044
2972
2953
2942
2990
3020
3057
2956
2919
2908
2982
2815
3011
2960
2945
2896
2930
2971
2977
2983
2996
2894
2856
2808
2927
2950
2777
2992
2973
2838
2872
2932
2943
2906
2874
2988
2904
2913
2842
2887
2983
2813
2873
2923
2844
2897
2782
2940
2718
2832
2799
2782
2863
2805
2821
2761
2818
2803
2837
2831
2826
2728
2812
2804
2847
2953
2929
2907
2842
2836
2866
2754
2730
2785
2839
2775
2846
2785
2834
2818
2694
2719
2790
2869
2710
2834
2674
2769
2688
2692
2752
2704
2758
2739
2776
2758
2641
2609
2724
2688
2749
2580
2725
2693
2704
2776
2645
2712
2615
2652
2678
2717
2706
2716
2632
2654
2701
2637
2646
2689
2695
2693
2681
2657
2683
2621
2691
2718
2567
2686
2636
2578
2662
2525
2580
2568
2622
2603
2659
2644
2531
2615
2611
2617
2529
2576
2650
2561
2600
2609
2629
2597
2528
2497
2487
2516
2448
2555
2605
2506
2546
2519
2575
2489
2579
2482
2511
2399
2526
2449
2511
2551
2472
2384
2471
2546
2521
2402
2362
2497
2446
2548
2420
2396
2459
2358
2419
2378
2423
2423
2318
2322
2342
2371
2335
2276
2270
2330
2352
2308
2329
2339
2282
2237
2302
2352
2375
2347
2260
2233
2304
2358
2302
2355
2213
2342
2342
2282
2215
2311
2267
2247
2293
2277
2243
2274
2274
2285
2228
2258
2286
2327
2302
2214
2218
2174
2186
2236
2242
2287
2242
2272
2282
2212
2256
2219
2156
2205
2230
2163
2175
2287
2157
2154
2133
2254
2159
2181
2197
2115
2213
2132
2231
2097
2181
2187
2118
2151
2160
2166
2173
2193
2192
2027
2135
2091
2134
2074
2146
2077
2094
2053
2025
2055
2095
2108
2118
2097
2020
2084
2067
2028
2085
2056
2068
2006
2105
2051
2111
2034
1995
2036
2013
2032
1936
2032
2020
2076
1977
1995
2030
2009
1970
2023
1955
2031
1921
1955
2003
2037
1912
1952
1988
1928
1952
2018
1941
1867
1942
1873
2005
1898
1900
1943
1866
1930
1849
1856
1986
1870
1824
1938
1807
1921
1831
1865
1883
1862
1922
1899
1824
1785
1888
1903
1870
1865
1778
1785
1838
1860
1811
1741
1806
1835
1832
1814
1877
1808
1867
1789
1816
1772
1711
1767
1769
1731
1832
1836
1717
1738
1861
1739
1766
1705
1722
1835
1749
1760
1746
1760
1676
1773
1689
1731
1714
1737
1769
1790
1662
1707
1776
1742
1814
1722
1736
1660
1712
1648
1719
1703
1738
1700
1699
1707
1737
1733
1723
1711
1682
1711
1729
1767
1704
1715
1795
1688
1668
1625
1773
1718
1694
1594
1666
1691
1682
1796
1638
1697
1666
1715
1690
1692
1649
1638
1707
1658
1641
1673
1639
1643
1635
1641
1661
1636
1652
1590
1649
1583
1605
1632
1629
1628
1587
1684
1613
1584
1629
1637
1559
1616
1650
1588
1507
1570
1575
1645
1578
1621
1548
1657
1492
1579
1592
1605
1597
1575
1622
1602
1656
1576
1521
1511
1577
1571
1569
1537
1570
1567
1587
1519
1500
1474
1474
1496
1543
1555
1484
1535
1529
1500
1440
1505
1590
1534
1462
1428
1435
1448
1481
1509
1493
1479
1448
1456
1420
1406
1463
1406
1422
1363
1475
1409
1336
1426
1481
1384
1462
1403
1421
1416
1403
1429
1433
1415
1392
1363
1385
1356
1423
1408
1462
1444
1399
1429
1344
1401
1374
1341
1303
1272
1366
1327
1413
1363
1362
1310
1374
1352
1312
1361
1402
1416
1330
1307
1343
1363
1392
1317
1394
1381
1329
1345
1403
1374
1403
1342
1376
1300
1302
1281
1320
1300
1378
1331
1312
1296
1355
1339
1276
1295
1252
1332
1336
1307
1327
1310
1343
1341
1246
1297
1298
1343
1311
1335
1291
1288
1288
1222
1272
1284
1257
1256
1318
1295
1242
1258
1233
1205
1220
1187
1264
1263
1267
1244
1245
1262
1287
1246
1261
1224
1200
1233
1273
1266
1269
1258
1221
1227
1262
1268
1190
1173
1238
1169
1294
1293
1178
1254
1275
1257
1242
1205
1294
1246
1279
1252
1269
1195
1269
1225
1252
1312
1276
1157
1266
1203
1208
1247
1298
1247
1232
1261
1231
1251
1261
1209
1213
1233
1205
1283
1225
1291
1249
1204
1226
1239
1248
1232
1237
1292
1300
1277
1281
1303
1263
1283
1280
1272
1262
1264
1300
1362
1295
1334
1291
1270
1303
1270
1322
1304
1337
1255
1259
1359
1256
1280
1302
1289
1310
1274
1296
1357
1297
1268
1217
1359
1285
1283
1299
1255
1202
1346
1250
1241
1252
1237
1195
1263
1218
1231
1243
1209
1263
1311
1297
1224
1182
1190
1162
1264
1231
1235
1231
1163
1166
1216
1143
1190
1156
1175
1134
1148
1078
1122
1120
1131
1132
1111
1117
1164
1081
1090
1097
1088
1145
1077
1115
1016
1024
1103
1040
1082
1020
1064
1021
1030
1035
999
973
1033
961
1041
1004
1011
1016
953
986
903
981
967
945
949
1003
1004
901
1009
936
963
913
934
907
899
936
942
922
895
890
858
940
888
885
878
898
865
846
864
844
857
897
803
923
874
808
804
884
858
847
876
866
830
841
828
867
869
839
846
840
851
867
838
824
791
835
802
790
781
781
768
802
824
791
809
802
828
811
782
778
862
765
785
811
821
802
787
826
774
802
799
865
768
804
794
836
770
869
807
780
774
796
833
740
792
777
715
759
738
759
776
779
823
769
761
773
765
744
741
813
790
753
793
777
777
746
747
786
734
819
719
725
733
781
761
782
747
756
740
740
749
737
725
732
741
730
793
768
777
775
711
727
734
747
745
697
748
754
713
757
755
746
768
705
728
738
719
705
710
774
729
728
764
765
797
674
774
757
758
722
719
748
691
745
750
745
749
746
702
760
737
718
745
729
680
768
661
709
721
764
714
725
728
715
741
728
765
742
724
712
811
698
640
715
722
717
754
728
765
736
754
764
731
723
707
720
751
764
631
693
708
680
719
705
690
702
725
722
710
719
713
665
692
726
719
725
687
694
689
715
690
664
679
654
670
664
706
660
681
699
650
692
684
650
699
645
650
660
692
656
726
726
606
673
659
690
650
700
647
664
673
646
616
682
664
639
639
643
653
687
644
618
596
634
643
618
660
604
601
615
585
647
589
582
608
631
570
607
587
651
617
620
591
573
586
620
570
615
574
597
614
571
569
592
567
566
580
602
561
586
555
564
552
582
567
562
584
545
572
543
567
520
574
508
546
522
548
578
532
530
563
574
562
562
509
547
522
591
537
544
527
551
535
557
549
527
518
524
528
532
560
530
523
587
488
586
521
547
543
538
532
524
545
552
541
596
538
523
515
536
560
519
522
538
516
503
523
497
518
564
525
580
544
579
499
542
535
548
570
519
539
540
506
510
561
502
548
540
572
564
514
551
534
562
535
573
569
583
580
540
546
557
539
568
549
537
548
566
555
568
544
561
556
570
540
573
541
528
539
570
559
559
538
609
577
562
579
598
553
550
536
570
551
550
582
559
569
569
530
621
590
563
571
531
574
577
582
597
612
544
562
603
592
592
572
602
586
588
583
582
588
600
554
559
598
566
581
566
548
578
561
533
615
583
593
591
553
560
577
597
545
599
587
593
571
614
564
608
565
589
581
584
551
572
547
553
627
556
635
605
589
572
591
604
582
493
555
596
584
564
555
577
558
549
555
576
532
571
522
579
589
546
528
572
518
568
509
581
540
498
524
502
545
543
543
534
535
557
531
529
556
519
521
549
540
511
538
504
509
519
534
548
531
507
501
511
505
494
496
459
504
510
489
483
520
452
469
445
497
474
447
433
475
478
472
470
456
454
473
468
446
484
452
413
483
436
478
405
438
450
437
412
449
419
418
419
430
416
417
432
415
397
451
395
433
401
425
420
406
435
421
425
393
408
394
395
390
377
366
400
363
400
397
371
365
365
410
381
390
389
357
313
381
368
380
360
388
352
340
355
333
348
366
362
372
347
331
339
376
362
342
308
375
360
359
327
346
330
346
334
333
339
328
353
339
364
340
355
336
354
334
344
312
342
373
363
318
344
324
335
318
352
331
314
342
328
364
326
361
372
306
354
343
353
316
324
337
354
296
356
344
374
353
381
356
353
341
329
339
354
344
366
349
345
339
376
388
347
349
389
356
354
387
366
333
389
380
430
356
380
388
373
354
405
361
379
408
341
377
369
367
400
349
389
399
401
375
351
392
388
396
393
389
392
383
433
404
392
419
396
404
399
371
413
403
467
432
419
429
405
401
402
447
435
454
397
406
453
411
460
414
464
447
476
453
407
459
410
450
429
445
459
477
467
489
400
446
466
481
471
439
447
426
464
491
432
494
488
510
454
484
463
475
472
478
443
435
459
465
455
462
432
466
474
461
454
500
467
444
471
509
490
495
466
463
458
523
473
508
477
510
457
486
493
501
460
473
437
478
487
463
473
474
503
479
495
473
519
508
481
450
476
499
488
475
489
468
524
469
420
488
456
509
445
466
429
451
477
448
471
494
438
475
454
456
419
466
481
461
445
437
397
404
435
411
409
405
428
471
429
455
434
429
445
414
413
415
406
427
373
402
415
371
370
407
374
406
368
346
366
381
373
393
362
344
355
390
387
362
352
393
338
326
329
329
380
328
323
353
313
337
322
346
364
328
360
312
315
300
319
313
310
326
322
322
333
321
330
286
303
306
326
288
266
312
309
306
268
298
288
270
285
282
249
304
277
263
305
278
265
252
271
269
290
287
268
294
254
270
275
292
287
264
264
278
228
259
254
261
273
239
241
268
245
239
232
263
243
248
251
227
233
260
234
285
249
253
249
241
268
233
251
239
250
225
245
216
221
247
220
256
242
230
241
243
212
256
233
238
244
226
229
233
227
227
219
230
215
211
232
231
240
205
226
224
241
214
234
188
229
252
221
273
217
225
249
224
253
244
218
230
218
233
225
217
214
262
221
226
228
233
223
212
217
215
226
236
248
274
245
239
221
249
228
236
212
232
207
222
209
221
208
212
237
265
209
234
245
225
227
225
230
207
226
257
246
233
228
191
237
237
264
187
221
238
209
224
212
252
230
236
212
248
245
207
208
234
215
218
225
212
213
204
238
212
217
208
245
204
250
230
230
235
219
219
244
256
225
232
207
240
222
199
221
245
252
239
208
225
203
211
202
186
230
217
222
218
248
229
207
200
230
220
233
227
230
216
210
211
197
191
209
204
198
203
242
210
204
234
209
228
211
211
231
229
220
223
232
231
231
205
228
223
228
232
247
212
215
218
228
195
209
214
210
215
183
215
232
209
220
223
222
199
222
251
193
191
240
197
216
232
211
212
230
191
222
212
228
199
232
201
217
219
207
209
232
205
189
228
225
202
203
225
216
241
212
220
213
219
218
216
211
206
220
214
204
245
209
208
215
224
208
211
228
208
232
210
217
220
209
199
225
194
231
209
236
214
195
224
244
187
207
193
218
207
192
241
207
214
210
226
238
216
221
220
223
180
192
228
230
213
230
221
208
192
212
226
215
195
201
223
207
233
199
217
191
229
206
205
201
216
247
239
217
212
213
222
204
216
225
227
239
247
235
226
216
210
204
197
222
240
221
214
201
196
195
214
209
236
214
239
236
185
206
212
206
210
212
223
246
197
218
198
182
237
219
237
210
239
196
220
213
202
213
205
213
202
203
218
223
238
216
224
210
198
199
207
192
200
184
212
188
219
199
202
218
212
206
203
197
221
206
197
215
211
221
189
187
183
225
201
217
184
228
202
170
179
179
210
202
203
182
208
188
207
179
205
170
227
165
188
190
183
206
211
203
203
206
196
211
194
186
196
185
193
195
180
185
180
202
197
192
200
167
182
193
171
169
184
189
187
177
173
181
192
175
155
211
184
184
164
159
197
174
173
162
172
170
177
209
187
195
190
183
179
179
174
167
187
200
182
180
201
190
217
176
183
172
165
195
167
185
190
211
179
179
164
166
165
171
166
191
174
178
156
196
190
174
195
170
180
195
187
183
189
160
187
194
174
165
182
162
199
162
161
168
164
184
187
155
170
166
185
174
190
138
160
187
187
163
177
168
192
165
173
167
184
164
173
174
167
196
183
184
184
188
180
168
185
172
210
177
184
180
203
169
167
186
183
207
192
173
171
186
193
173
192
178
183
198
198
170
211
182
176
179
211
199
213
167
208
203
213
179
191
180
167
190
195
187
174
185
201
214
191
200
226
203
207
194
187
202
176
186
231
187
226
198
178
210
169
208
177
206
195
184
198
209
204
187
216
191
202
200
195
214
216
204
208
228
223
228
209
213
225
236
222
208
218
214
191
249
200
242
221
225
206
219
217
217
246
234
217
235
232
208
228
220
224
238
229
219
230
233
209
244
222
235
250
248
244
251
231
203
230
257
238
230
237
232
243
244
238
232
236
225
251
246
232
227
239
254
255
237
249
237
226
249
260
229
257
272
247
249
245
259
260
256
244
242
276
263
252
252
259
245
271
218
276
256
281
260
260
265
276
255
263
270
277
235
272
271
246
237
237
252
270
248
269
233
268
280
278
241
255
259
241
260
237
244
243
284
258
291
273
270
276
234
267
255
257
257
289
283
250
205
266
258
263
231
281
264
285
284
231
268
244
248
267
281
305
259
263
251
255
261
271
280
248
281
270
243
257
254
270
275
281
259
298
285
238
275
265
293
250
238
300
259
271
279
263
272
252
276
270
250
301
277
280
258
242
262
252
264
250
246
239
250
243
252
243
286
220
268
249
257
268
262
255
241
242
270
264
229
243
245
246
243
239
224
265
234
254
262
235
232
272
243
217
271
223
234
237
231
261
243
226
224
247
200
238
213
245
261
228
239
208
235
243
236
231
229
194
237
218
236
218
254
223
215
225
229
228
210
208
220
217
216
225
211
216
235
228
226
211
206
210
182
222
205
189
201
202
200
215
197
197
204
204
171
206
196
195
199
188
177
201
188
179
214
221
185
205
182
162
196
174
159
152
193
172
194
173
185
172
171
176
172
151
162
190
186
162
171
165
177
148
163
149
186
167
148
170
146
145
158
152
180
173
125
166
148
159
173
157
139
147
138
166
142
126
154
152
140
131
160
117
128
144
140
111
127
141
147
146
131
128
120
114
140
126
131
133
143
137
143
128
138
133
131
115
127
167
134
110
124
136
132
113
125
115
129
133
125
124
126
122
125
121
122
128
118
117
124
124
130
116
111
135
123
122
133
138
116
140
109
115
121
138
130
116
103
134
97
111
123
131
102
116
130
117
130
104
120
141
99
131
118
99
127
103
108
98
96
124
113
125
126
113
102
113
118
110
112
122
112
105
115
114
105
100
88
94
113
109
109
116
109
114
113
110
136
107
105
117
110
128
118
100
113
110
102
108
127
113
112
110
127
114
116
105
99
102
117
123
121
100
110
106
109
94
113
107
106
105
121
128
122
117
100
116
129
122
109
120
110
123
113
110
107
101
103
105
131
98
112
106
105
121
100
111
93
112
96
115
114
88
98
112
98
107
116
95
101
98
102
106
113
109
110
109
111
86
115
117
110
117
112
112
110
121
115
110
121
95
124
105
94
107
90
111
101
103
98
99
101
111
90
91
114
96
89
110
107
108
103
96
81
94
107
111
97
87
109
104
111
99
108
115
102
108
103
106
112
98
108
114
100
85
99
112
91
114
110
85
92
99
107
97
104
79
90
92
100
102
110
84
105
92
92
94
94
84
104
108
120
104
105
93
95
102
112
103
90
82
113
110
106
93
97
97
108
128
95
89
87
98
59
93
104
99
80
121
86
87
95
104
95
85
96
91
103
109
107
93
93
113
98
89
109
102
107
94
92
91
94
95
119
91
92
97
84
112
101
93
95
94
91
85
92
113
116
101
99
103
89
94
83
110
96
107
105
94
88
105
93
91
97
100
90
110
85
96
91
90
95
87
79
92
99
92
83
99
100
96
105
99
111
94
84
104
87
105
86
90
96
89
80
108
98
107
101
108
88
110
107
97
107
119
103
101
101
89
97
93
100
100
90
111
97
113
92
97
130
104
101
86
113
88
79
87
91
86
118
99
123
103
113
124
92
95
81
93
81
105
94
106
101
106
95
113
98
97
92
94
94
88
90
86
94
98
105
82
96
104
109
104
104
96
86
88
97
98
107
104
104
102
114
96
104
111
118
101
100
108
94
118
110
109
111
105
107
109
98
115
106
90
94
105
125
93
106
112
91
88
79
92
104
94
93
98
110
90
101
101
94
109
97
97
96
91
97
95
99
96
92
86
104
109
106
103
106
95
87
88
90
90
105
95
115
96
106
106
106
110
101
85
93
106
78
102
95
101
113
106
88
94
91
92
88
97
88
102
107
88
82
100
99
115
102
91
95
100
93
103
102
94
109
100
93
93
95
107
103
106
96
90
83
112
89
87
104
88
102
80
74
96
111
81
129
96
92
92
104
99
84
90
90
94
111
90
117
109
97
93
89
104
93
97
88
110
110
100
92
71
105
107
110
96
102
100
104
95
107
111
110
98
99
79
99
94
98
106
97
82
91
102
95
92
96
108
87
107
81
103
89
104
79
109
122
84
83
109
103
125
101
99
98
80
104
86
106
98
89
90
103
86
101
98
92
86
80
74
85
92
90
99
91
107
85
115
105
99
94
89
84
76
89
96
105
95
112
85
92
101
106
93
100
89
67
98
102
94
73
91
82
104
91
107
91
94
106
106
100
94
105
91
115
104
105
90
95
86
92
93
95
78
92
95
82
82
96
102
102
91
82
78
82
109
88
105
93
97
87
93
84
87
83
82
101
89
91
85
107
92
91
100
84
93
103
72
101
97
98
75
100
85
112
90
88
85
100
93
79
82
98
100
89
108
105
84
76
93
90
107
76
78
114
96
87
114
83
77
88
83
96
93
74
78
85
81
93
101
89
87
91
95
82
87
87
96
101
83
89
93
76
79
91
79
84
107
69
83
76
76
82
100
87
87
94
80
75
79
71
85
77
87
78
94
78
82
94
88
67
79
76
85
86
78
101
64
99
83
102
85
71
98
72
85
75
76
92
79
88
75
86
81
87
73
68
92
93
73
101
86
88
82
95
68
73
91
91
63
72
79
94
88
74
67
80
70
88
73
75
77
92
75
78
53
82
91
67
85
85
70
64
79
77
68
85
73
73
89
73
74
74
75
75
84
70
91
76
61
78
70
73
89
63
86
73
73
73
68
75
84
70
79
73
66
78
86
84
90
79
71
82
63
103
99
82
80
69
68
70
80
91
89
96
81
80
78
80
64
64
63
66
75
71
86
74
72
70
92
70
68
71
77
86
79
77
79
70
97
70
82
79
71
79
73
81
75
77
70
63
76
67
82
70
67
86
79
80
76
60
63
71
79
93
71
81
55
74
84
77
85
73
67
65
81
73
73
77
65
77
82
84
70
75
58
85
95
86
89
72
81
79
73
65
64
74
76
67
78
53
76
63
55
88
75
76
81
66
81
78
70
71
71
85
83
78
79
68
72
84
72
68
81
87
83
76
79
77
74
74
84
69
73
72
84
72
85
86
78
78
92
65
80
82
72
75
62
74
82
55
82
66
58
87
78
83
73
77
64
60
71
73
78
76
75
64
79
65
80
56
75
81
75
86
62
63
73
67
77
78
68
74
69
61
76
84
68
69
81
73
87
80
78
84
70
82
76
75
83
79
78
65
88
74
60
83
75
77
81
67
65
66
70
80
72
75
62
74
81
79
87
71
83
68
76
67
76
77
52
70
71
72
70
75
72
78
82
83
67
72
78
69
71
60
74
77
73
76
65
72
78
80
65
88
76
87
73
81
78
85
77
80
69
82
90
97
81
59
82
90
61
89
86
77
67
74
79
92
76
79
98
83
84
70
76
67
76
77
78
87
89
69
76
80
80
82
76
67
98
71
84
75
81
84
74
81
93
70
72
84
82
79
87
69
89
81
84
82
99
78
87
75
84
88
79
79
68
83
100
83
76
75
78
59
69
64
83
78
72
83
86
91
93
72
80
83
87
96
61
86
73
73
80
84
92
77
79
90
76
91
84
82
83
90
71
79
90
81
75
75
92
82
89
80
92
94
100
89
84
79
93
73
86
82
83
80
87
84
77
100
88
88
92
87
68
98
101
119
91
82
121
104
95
88
89
95
105
94
86
95
88
101
93
97
85
91
84
101
95
109
88
93
101
88
113
92
106
92
95
89
103
93
100
100
97
99
93
92
96
108
91
89
83
96
114
101
77
98
95
99
79
108
82
75
105
100
109
93
105
104
117
94
95
78
99
101
81
77
92
95
93
75
88
85
93
84
107
100
91
93
82
90
89
81
96
102
82
107
78
109
94
99
83
107
94
106
87
81
88
83
97
95
109
96
93
102
84
92
89
113
86
114
98
105
103
98
108
95
104
92
109
76
95
82
97
102
84
93
95
83
87
100
90
89
98
95
102
85
85
76
102
102
94
89
87
111
114
94
74
83
89
92
96
89
78
99
97
117
94
89
77
80
97
78
92
94
103
95
75
94
89
100
92
82
72
74
79
90
94
84
80
91
82
85
84
76
96
81
89
73
79
90
89
97
98
101
87
92
94
90
97
93
84
91
92
81
100
75
84
80
96
87
88
88
87
91
94
86
88
76
85
76
86
87
96
88
81
86
90
82
70
81
72
110
74
80
87
82
76
81
76
92
85
86
71
76
76
82
83
85
100
76
87
76
71
87
72
83
72
89
91
73
98
76
83
74
83
62
71
72
85
76
69
89
75
92
70
67
91
93
81
77
86
71
79
91
76
69
68
100
81
72
86
87
72
74
89
76
93
65
79
87
101
90
80
86
90
79
80
76
82
71
82
79
89
90
95
81
76
88
75
82
70
80
86
66
78
83
72
71
77
97
81
83
73
73
72
95
76
87
73
81
81
63
79
85
80
82
84
78
81
69
74
81
72
66
82
86
62
83
91
86
85
88
91
92
75
83
80
73
84
79
63
70
78
62
73
61
71
77
66
73
74
75
78
80
69
72
69
61
86
74
77
81
79
73
61
86
70
70
71
88
87
69
86
72
73
82
67
78
72
71
73
60
67
89
73
78
68
72
64
76
74
66
54
79
70
66
69
85
62
70
73
74
78
66
73
86
78
55
76
64
58
72
74
71
54
51
79
53
67
55
59
76
64
68
64
80
59
65
66
58
60
77
59
59
71
76
68
68
56
62
74
61
57
53
47
68
60
70
70
56
60
71
62
50
81
59
52
64
63
48
67
63
48
59
49
66
49
64
59
39
62
52
62
69
59
49
47
51
53
54
53
65
48
50
58
54
55
56
70
56
62
33
57
62
57
55
59
42
57
42
54
65
52
63
60
54
53
59
56
57
63
52
43
50
41
49
72
56
50
62
39
59
45
38
42
43
55
42
44
58
50
55
53
44
53
32
40
61
68
53
41
51
58
43
46
51
46
54
63
41
58
66
48
55
42
51
56
50
45
48
50
54
46
63
54
53
52
34
46
55
40
43
49
48
44
45
44
53
48
46
45
37
43
60
38
57
50
63
56
44
34
37
37
58
37
44
58
34
54
45
55
37
42
46
70
38
56
45
43
49
49
38
48
47
53
39
38
33
55
47
57
42
41
56
43
37
44
44
47
55
56
39
47
50
46
38
45
44
43
48
40
46
37
44
44
40
43
40
29
43
38
42
39
39
49
48
50
47
42
38
39
42
43
54
43
44
49
47
42
45
43
49
54
35
34
40
50
40
46
46
49
47
46
35
38
46
25
42
43
41
42
51
39
50
45
48
32
55
34
41
41
46
42
39
34
48
42
49
38
44
39
34
37
47
56
40
42
41
43
38
47
50
48
45
37
40
45
49
47
48
31
44
48
41
42
53
35
33
47
42
35
55
50
32
35
38
37
50
44
40
33
49
43
43
34
37
46
59
36
48
39
42
59
59
50
32
40
64
42
43
46
43
49
41
44
20
33
37
50
44
45
34
32
27
35
44
49
40
45
47
54
32
41
41
49
32
42
51
50
28
50
41
46
46
38
45
41
49
45
44
43
39
44
50
50
48
30
47
34
49
44
47
36
49
59
46
46
54
38
48
44
40
53
42
45
50
53
46
39
43
37
43
42
41
42
36
49
44
51
49
37
42
45
57
38
55
43
38
47
51
42
43
45
41
58
44
55
55
57
47
43
45
49
37
48
34
47
61
53
54
40
52
48
34
46
59
61
45
39
55
52
42
51
43
37
50
32
43
41
47
41
52
58
57
51
38
64
41
60
36
57
45
50
49
49
48
41
41
49
39
48
44
51
43
54
52
47
58
41
51
48
44
52
40
43
45
62
52
39
47
62
48
39
52
38
58
58
51
52
54
57
58
49
57
43
58
55
45
62
53
37
52
65
62
52
64
59
57
54
65
68
49
49
53
48
53
51
60
60
39
50
55
54
54
51
55
52
53
58
49
45
57
47
68
43
63
65
65
54
63
58
57
57
59
59
56
76
48
57
43
55
43
51
64
52
54
72
55
64
46
58
60
55
56
60
63
74
64
63
62
51
53
52
57
46
57
67
58
53
71
37
63
68
58
53
56
63
50
63
46
54
71
67
55
59
73
48
68
66
56
50
57
74
47
36
57
56
60
56
69
72
59
70
65
58
57
65
64
67
55
50
59
55
61
60
56
56
60
65
65
59
67
55
71
69
64
55
51
52
75
58
65
65
79
46
54
74
50
65
63
51
73
53
57
56
66
62
59
61
63
60
60
57
65
60
61
54
60
76
53
67
57
59
50
59
56
61
60
67
59
75
56
48
56
60
77
65
57
51
57
67
60
64
56
61
61
56
59
53
74
49
69
66
56
53
65
61
64
57
60
61
68
60
53
43
67
53
55
59
58
47
57
51
58
53
67
56
56
48
53
48
45
63
52
68
56
49
55
58
62
57
64
47
45
60
41
58
44
51
51
59
54
39
50
65
50
53
44
51
72
38
52
47
60
42
51
50
59
42
47
53
28
32
51
62
38
56
59
59
57
53
37
37
50
53
47
45
48
51
52
51
51
61
52
46
42
49
51
41
61
47
50
52
58
57
49
53
41
45
43
43
52
45
51
44
53
36
33
52
44
43
62
39
45
50
47
43
46
49
60
50
48
60
43
50
49
39
43
48
59
45
64
49
55
38
38
43
35
54
40
49
55
53
40
51
47
43
43
43
47
44
36
54
42
41
52
39
40
50
34
44
36
40
56
49
47
57
40
46
34
58
48
39
51
49
39
38
49
36
38
42
32
57
36
27
36
34
38
43
39
37
51
45
42
45
46
38
33
44
43
29
34
44
43
31
39
40
39
51
40
34
49
46
40
43
36
41
48
37
37
33
32
47
38
39
39
38
33
34
35
36
33
42
42
49
36
46
34
39
41
39
39
26
39
38
33
42
44
26
48
40
42
43
30
38
43
40
37
44
41
33
38
30
28
38
40
38
37
38
39
43
31
26
43
34
30
41
31
34
33
38
31
47
32
43
39
52
42
49
35
21
34
33
37
39
38
34
41
32
39
37
33
33
44
42
45
38
33
38
32
43
37
38
36
45
39
24
34
47
31
37
32
42
29
36
47
25
26
47
38
27
45
39
31
27
31
41
32
30
38
27
40
41
44
39
42
40
41
38
33
39
42
45
41
40
45
45
35
34
30
42
37
38
29
35
31
21
24
45
30
39
41
46
37
34
20
36
35
32
32
34
33
38
28
28
45
28
41
29
24
36
31
34
40
48
44
35
35
43
37
32
49
45
45
41
28
33
37
36
43
40
30
34
42
24
37
31
34
41
36
32
33
39
43
36
42
25
34
39
31
34
30
40
37
32
42
31
32
31
33
45
27
43
43
35
35
44
26
35
42
39
44
35
33
42
28
34
31
44
44
28
31
34
34
33
39
40
42
45
39
39
37
40
37
31
26
36
40
34
40
30
40
32
43
32
38
36
30
40
38
39
35
39
34
34
37
41
33
33
50
38
38
41
31
28
37
39
49
29
36
33
35
40
30
33
36
29
28
37
45
41
37
38
42
34
33
42
35
34
42
37
23
34
38
39
33
39
43
34
47
39
42
44
42
37
27
41
28
34
42
36
36
41
29
27
37
34
36
39
30
35
29
39
35
50
34
30
40
37
32
32
34
45
39
42
36
39
37
35
45
36
44
43
30
30
32
42
39
36
46
50
39
35
24
24
45
34
33
24
33
33
37
31
42
35
39
26
46
34
35
14
33
33
44
27
28
34
25
38
42
48
36
28
39
46
39
28
27
30
25
30
30
32
36
32
37
35
30
37
35
23
41
38
36
39
32
27
32
31
34
46
39
34
41
52
40
45
44
36
30
24
34
35
37
37
37
31
27
29
29
24
30
35
26
24
28
36
31
41
38
36
25
43
35
40
32
33
32
19
31
31
29
34
40
30
33
27
30
37
29
26
31
47
28
31
27
19
33
32
36
25
43
32
29
29
25
37
34
38
30
32
23
25
33
34
31
26
34
27
32
30
22
26
39
26
33
33
34
18
28
49
35
35
31
25
29
26
27
31
30
22
39
29
16
39
27
34
30
30
31
23
26
29
29
31
34
18
36
28
25
29
33
24
32
32
32
28
37
24
23
30
21
32
34
29
37
33
31
25
28
18
34
30
34
29
25
31
30
18
26
29
28
41
27
32
25
31
27
33
27
28
25
30
30
30
35
28
34
25
21
24
31
17
18
28
28
31
33
32
21
33
33
29
22
38
21
27
27
24
22
29
32
28
16
29
28
26
26
35
29
29
18
25
24
33
30
27
28
28
33
26
24
19
22
22
27
30
28
33
22
23
27
34
27
22
23
22
21
30
16
33
23
30
26
25
34
29
22
41
30
27
22
36
24
29
19
31
34
32
34
23
32
37
23
13
31
20
27
19
21
17
31
36
30
22
29
24
27
31
26
21
22
20
19
32
30
27
32
26
21
19
21
25
23
21
31
27
30
31
20
27
26
18
29
24
30
20
22
28
31
32
22
37
30
30
22
38
25
21
22
26
25
23
20
28
28
22
25
24
18
22
26
27
30
17
33
27
21
29
26
23
26
30
28
22
30
28
25
24
27
29
27
24
25
28
29
22
23
32
20
29
21
24
29
28
21
38
21
28
20
22
22
17
31
26
23
19
28
22
32
19
22
34
30
24
38
29
24
24
35
29
31
26
23
21
23
26
21
23
22
33
21
29
23
27
23
24
26
22
20
26
24
28
34
34
32
32
27
25
28
28
19
19
29
21
27
34
22
23
20
36
22
18
29
23
23
32
28
23
36
27
29
25
23
24
25
19
30
31
25
31
22
32
23
35
26
33
30
32
29
24
18
21
26
29
11
31
31
22
34
28
28
30
27
21
25
22
21
25
20
24
31
27
28
27
25
28
24
34
22
22
27
17
26
34
32
27
35
22
30
24
30
21
22
25
36
36
26
26
19
28
34
25
26
36
32
25
26
28
34
38
25
23
27
37
31
33
35
37
26
38
24
33
34
29
41
28
33
37
33
22
41
26
28
32
29
24
22
28
28
22
29
35
19
31
38
36
35
32
22
27
22
33
29
22
33
26
28
28
37
30
29
33
34
26
23
27
35
22
39
22
25
24
37
29
36
24
31
36
33
36
32
23
34
30
28
39
21
34
27
21
23
30
31
26
28
32
21
31
33
29
32
30
33
31
39
32
28
45
34
26
38
34
26
30
38
36
38
25
27
34
22
32
38
30
33
45
46
22
35
35
36
36
40
24
26
31
26
28
40
29
33
31
30
30
28
31
24
39
23
33
31
31
26
30
41
25
28
42
29
36
35
30
31
26
26
24
35
31
34
31
31
48
34
32
31
41
31
39
33
36
35
33
33
31
33
23
43
37
34
35
32
38
32
34
37
39
29
30
47
31
38
38
29
34
35
32
40
43
36
36
33
40
21
32
28
34
34
32
32
34
28
50
24
29
32
35
46
39
43
36
48
40
52
35
26
37
33
28
44
28
40
46
38
50
34
40
33
36
35
40
35
38
33
43
32
39
39
43
43
28
47
38
43
38
30
43
37
30
37
41
38
31
31
38
47
44
46
36
41
36
42
44
50
30
33
35
41
34
56
38
34
43
49
48
36
31
36
53
39
39
39
42
32
37
43
37
48
36
38
31
48
49
45
50
33
43
44
33
36
49
38
48
29
38
25
40
41
38
47
69
33
60
44
38
40
50
45
44
30
52
51
45
47
61
35
54
52
45
39
60
59
44
36
53
55
55
52
40
45
54
46
41
46
56
47
46
43
54
44
43
51
45
39
51
53
45
47
45
58
49
62
49
42
53
52
48
40
52
59
48
44
44
56
42
53
60
58
41
53
46
60
54
48
49
61
51
52
66
59
51
57
43
46
56
59
45
48
58
62
56
58
59
65
61
50
54
58
56
60
60
50
67
55
48
62
38
51
47
43
58
67
59
61
62
49
59
48
69
56
71
50
61
62
55
48
53
60
54
69
67
58
50
51
69
67
67
49
65
62
53
76
67
57
61
59
68
78
52
53
58
63
46
54
58
73
64
63
72
59
56
60
54
48
70
71
45
65
56
62
55
56
54
46
72
69
54
60
54
60
54
58
57
48
55
71
63
65
47
47
59
57
54
50
62
65
72
57
59
43
62
52
50
51
39
61
58
55
55
64
60
52
57
58
52
67
66
52
58
44
56
69
54
59
64
60
49
54
52
71
66
52
50
57
49
49
51
56
36
69
60
51
52
57
49
65
51
51
34
61
50
53
66
47
58
47
64
50
58
56
59
69
53
50
50
62
61
63
49
46
61
39
63
53
57
46
45
44
64
57
47
41
51
47
52
42
44
43
47
46
55
55
35
44
50
46
52
40
55
50
44
56
41
40
63
42
50
46
40
48
36
49
45
28
42
49
47
47
44
47
46
41
42
54
42
45
35
41
52
41
49
50
60
47
38
41
48
47
38
50
36
42
40
43
46
39
43
41
41
38
38
43
44
43
32
41
34
39
44
41
42
48
36
37
46
37
39
41
48
30
36
34
36
38
37
37
52
37
48
38
35
33
36
41
28
45
31
29
36
40
33
29
25
36
40
35
36
38
33
38
31
32
27
33
28
31
31
45
26
29
22
36
33
33
27
30
32
27
23
27
29
25
33
26
25
26
36
29
38
29
30
35
29
27
32
32
29
26
28
26
20
39
36
25
26
26
25
30
26
26
22
29
27
36
26
21
30
29
28
23
25
18
29
34
19
16
28
18
24
25
21
29
30
27
19
28
16
26
22
25
33
31
26
27
28
17
28
24
20
21
18
21
22
29
15
23
27
25
31
27
22
23
22
23
15
17
14
21
19
15
13
22
31
12
18
10
21
28
16
12
24
13
33
21
16
22
13
25
17
14
26
10
15
21
24
13
16
20
22
13
20
16
19
21
23
18
20
25
20
22
29
21
18
23
22
19
22
20
25
20
22
18
21
25
18
14
12
9
20
27
22
17
28
16
24
9
25
21
16
18
21
17
21
15
16
23
24
23
59
71
78
68
83
64
81
81
76
65
68
71
87
77
78
73
87
95
88
64
79
66
76
75
72
60
73
77
75
59
63
78
82
76
69
60
64
82
73
74
78
63
80
65
64
76
75
83
69
75
73
79
65
62
72
69
53
69
65
74
77
83
64
72
60
59
61
62
76
52
61
62
92
58
66
78
60
57
65
71
65
61
70
57
62
58
74
61
69
56
62
48
51
61
54
65
49
65
62
68
67
51
41
44
47
63
60
68
51
57
47
62
61
52
42
48
55
60
61
68
67
50
56
67
61
51
46
65
63
40
48
54
68
52
57
44
57
63
52
42
50
44
43
50
43
52
42
38
58
49
52
52
44
42
55
54
53
47
45
42
45
50
46
47
54
48
51
45
29
47
50
52
47
52
49
37
40
41
45
39
40
35
42
42
21
