# Filename : TXT_Files/Acq14400sec_032.Chn
# MCA detector ID: 1
# Start time : b'08':b'08':b'45'
# Start date : b'04Oct221'
# No channels : 8192
# Live time : 716375
# Real time : 720000
# En cal factors A + B*x + C*x*x
# A : 0.0
# B : 1.0
# C : 0.00
0
0
0
0
0
0
0
0
0
0
0
0
0
0
0
0
0
0
0
0
0
0
0
0
0
0
0
0
0
0
0
0
0
3
0
5
9
66
229
377
364
427
403
425
412
408
416
438
442
442
445
426
435
418
446
469
465
447
428
427
467
453
486
452
475
452
416
510
488
501
482
430
479
443
498
502
510
508
500
484
513
529
488
497
484
476
538
563
546
557
546
562
592
560
557
566
561
587
583
572
573
602
587
602
624
658
652
659
681
618
730
649
666
693
708
665
687
629
735
673
732
734
695
734
695
747
722
760
743
798
776
750
772
798
826
783
759
849
813
815
796
829
823
764
805
786
820
788
844
816
778
773
777
832
794
760
751
737
770
690
763
842
752
750
814
757
747
819
800
778
745
756
769
776
835
777
825
728
822
802
744
778
795
835
849
838
881
781
875
812
866
840
864
883
829
854
842
878
912
896
902
924
915
933
983
915
877
923
1019
939
966
994
962
988
1025
1014
1023
1051
1043
1067
1085
1086
1047
1096
1191
1103
1151
1111
1175
1120
1236
1186
1162
1179
1156
1200
1193
1196
1199
1230
1241
1209
1192
1331
1242
1311
1266
1339
1290
1338
1428
1318
1445
1296
1337
1322
1428
1459
1416
1461
1456
1410
1557
1482
1490
1484
1520
1532
1585
1568
1529
1625
1584
1619
1612
1540
1659
1653
1676
1671
1679
1674
1715
1724
1753
1814
1783
1845
1844
1817
1818
1856
1868
1903
1916
1897
1882
1954
1950
2006
2003
2064
2076
2060
1969
2022
2094
2089
2066
2107
2112
2164
2124
2234
2257
2238
2210
2200
2244
2319
2223
2319
2346
2280
2311
2319
2301
2398
2331
2315
2411
2384
2464
2437
2447
2439
2528
2495
2555
2413
2495
2519
2522
2552
2525
2616
2590
2608
2635
2661
2649
2821
2667
2771
2703
2782
2749
2858
2773
2835
2851
2899
2762
2853
2876
2889
2908
2970
2901
2955
2947
2981
2962
3042
3085
3096
3071
3128
3151
3150
3197
3129
3194
3249
3244
3180
3188
3288
3355
3309
3300
3371
3244
3211
3290
3444
3337
3366
3273
3368
3323
3309
3234
3292
3246
3376
3303
3304
3193
3278
3336
3218
3183
3268
3299
3235
3262
3295
3243
3168
3098
3274
3193
3146
3276
3130
3260
3241
3285
3164
3102
3223
3092
3043
3258
3155
3171
3137
3163
3129
3256
3126
3133
3172
3203
3159
3144
3155
3266
3201
3208
3240
3197
3174
3113
3168
3182
3163
3237
3210
3164
3320
3176
3156
3142
3240
3314
3191
3247
3190
3266
3418
3132
3114
3313
3132
3198
3203
3088
3148
3235
3291
3214
3191
3121
3177
3111
3131
3192
3136
3187
3160
3121
3162
3127
3142
3089
3051
3049
3202
3145
3061
3079
3143
3091
3102
3133
3123
3050
3168
3013
3034
3101
3069
3022
2978
3075
3006
3035
3028
3033
2997
3002
2958
3060
2988
2990
2997
3020
3023
2912
2988
2962
2955
2917
2930
3110
2952
3038
2902
2969
3090
2852
2940
2983
2967
3028
3086
2940
3001
2915
2940
2991
2933
2892
2933
2878
2894
2968
2970
2900
2974
2916
2832
2798
2941
2855
2805
2861
2938
2901
2833
2868
2889
2871
2885
2974
2939
2801
2805
2800
2882
2858
2933
2962
2924
2897
2781
2852
2874
2862
2785
2816
2895
2813
2822
2828
2870
2770
2754
2828
2850
2802
2770
2934
2724
2728
2808
2829
2814
2749
2769
2828
2742
2746
2733
2765
2772
2846
2764
2801
2746
2719
2717
2777
2699
2721
2690
2817
2704
2729
2700
2685
2744
2698
2644
2593
2804
2615
2704
2704
2682
2777
2668
2650
2667
2666
2627
2603
2614
2648
2615
2653
2723
2634
2652
2683
2686
2596
2702
2604
2627
2543
2619
2605
2578
2627
2617
2631
2643
2584
2525
2691
2534
2546
2674
2632
2575
2554
2527
2497
2484
2610
2563
2502
2475
2529
2532
2505
2572
2498
2484
2472
2504
2410
2505
2510
2599
2451
2460
2495
2489
2564
2405
2443
2511
2476
2287
2425
2492
2414
2416
2390
2505
2340
2353
2467
2375
2450
2393
2348
2383
2340
2430
2425
2360
2407
2250
2416
2283
2355
2345
2360
2299
2295
2291
2240
2230
2316
2324
2276
2238
2319
2230
2243
2253
2277
2311
2254
2272
2283
2296
2321
2280
2191
2307
2242
2263
2249
2208
2274
2248
2205
2238
2184
2293
2152
2285
2204
2191
2203
2277
2238
2151
2139
2218
2225
2240
2149
2163
2192
2213
2188
2178
2142
2085
2180
2074
2123
2119
2281
2154
2123
2221
2194
2207
2042
2117
2087
2095
2076
2104
2080
2126
2141
2038
2164
2045
2067
2143
2088
2116
2015
2124
2076
2113
2078
2113
1976
2052
2037
2039
2074
2036
2001
2089
2036
2003
1972
2030
2028
2064
2027
2012
2011
1874
2071
1940
2003
1911
1955
1915
2048
1863
2014
2041
1975
1973
2005
1892
1931
1880
1981
1889
1924
1846
1982
1940
1906
1885
1842
1916
1874
1871
1961
1850
1901
1949
1974
1891
1902
1898
1839
1861
1805
1862
1868
1883
1798
1812
1762
1856
1769
1898
1858
1866
1876
1796
1796
1787
1790
1768
1825
1922
1830
1845
1832
1831
1851
1805
1776
1783
1734
1794
1820
1774
1841
1822
1764
1693
1818
1793
1720
1729
1691
1687
1690
1801
1800
1757
1732
1753
1689
1730
1707
1713
1732
1756
1686
1730
1679
1722
1658
1696
1683
1711
1751
1701
1714
1766
1742
1692
1662
1716
1668
1759
1763
1690
1709
1672
1694
1640
1688
1677
1649
1699
1635
1725
1647
1743
1629
1669
1695
1699
1695
1732
1732
1642
1613
1632
1653
1659
1627
1666
1664
1650
1654
1673
1603
1619
1576
1652
1600
1586
1572
1644
1693
1568
1677
1572
1651
1597
1623
1598
1631
1556
1626
1597
1613
1622
1623
1582
1606
1678
1619
1590
1586
1585
1509
1597
1630
1598
1541
1530
1609
1547
1530
1479
1518
1506
1571
1553
1564
1493
1501
1544
1569
1519
1528
1556
1564
1505
1559
1533
1521
1495
1439
1471
1521
1508
1499
1435
1489
1542
1399
1492
1491
1531
1441
1440
1407
1492
1393
1419
1481
1446
1414
1390
1388
1369
1471
1491
1336
1416
1393
1389
1412
1374
1399
1400
1432
1433
1369
1377
1405
1346
1382
1355
1480
1342
1351
1378
1387
1419
1414
1333
1398
1394
1302
1324
1327
1371
1334
1327
1401
1350
1367
1360
1355
1303
1304
1354
1288
1377
1362
1286
1313
1328
1328
1344
1261
1320
1365
1312
1350
1318
1305
1272
1268
1258
1308
1293
1348
1313
1309
1217
1293
1324
1304
1252
1246
1286
1317
1301
1248
1302
1275
1325
1230
1308
1222
1246
1214
1259
1231
1216
1237
1195
1256
1187
1270
1299
1242
1289
1235
1244
1216
1265
1208
1196
1245
1195
1246
1202
1266
1187
1240
1260
1231
1213
1185
1237
1223
1271
1243
1268
1224
1207
1236
1205
1210
1246
1228
1237
1220
1209
1217
1218
1237
1179
1207
1175
1258
1209
1247
1201
1158
1228
1188
1221
1260
1224
1234
1238
1223
1281
1246
1259
1203
1189
1310
1241
1241
1223
1315
1224
1260
1229
1268
1275
1299
1312
1227
1289
1298
1264
1314
1290
1263
1214
1299
1315
1322
1253
1260
1226
1287
1300
1284
1279
1264
1310
1249
1314
1240
1288
1270
1192
1306
1302
1290
1266
1351
1350
1311
1255
1273
1309
1399
1273
1340
1252
1228
1349
1259
1244
1246
1272
1308
1243
1274
1254
1272
1290
1327
1245
1257
1270
1224
1285
1278
1251
1227
1281
1225
1243
1235
1208
1203
1235
1184
1120
1168
1171
1215
1224
1176
1163
1179
1146
1152
1203
1155
1141
1134
1099
1166
1133
1104
1079
1080
1165
1085
1095
1137
1078
1067
1103
1095
1001
1058
1037
1014
1037
1063
1067
1021
1032
1013
1021
1002
1010
1069
1020
978
1018
989
943
957
1004
948
930
921
956
956
933
890
955
949
939
936
960
924
917
892
908
899
904
904
929
913
864
875
873
847
851
868
866
839
891
819
916
916
819
882
838
825
836
844
863
822
839
818
836
824
813
881
845
865
763
786
810
819
808
838
785
831
800
772
770
799
849
744
782
743
813
822
757
824
850
821
796
765
819
716
800
766
777
764
822
814
771
790
780
776
811
802
761
763
799
815
718
757
785
786
762
796
813
756
805
742
744
823
769
740
782
781
729
717
765
741
702
718
775
812
776
767
767
766
738
750
776
748
736
732
706
719
720
766
702
752
724
791
742
799
743
728
746
713
762
776
750
743
730
757
784
700
724
688
726
732
716
773
751
695
734
730
749
740
681
724
737
709
733
694
700
712
725
753
689
752
713
717
739
713
749
722
741
725
712
662
725
719
720
757
768
735
745
759
743
705
723
750
746
711
728
733
773
665
740
722
722
733
719
756
721
709
701
721
763
655
754
743
727
715
743
741
715
721
692
749
701
697
715
722
703
749
681
726
708
687
707
679
683
747
732
761
671
687
704
664
704
671
625
661
672
702
688
687
642
676
678
664
652
650
678
634
659
651
689
645
623
677
698
617
667
641
641
642
620
698
629
620
629
604
670
617
638
630
671
618
648
636
625
630
623
604
589
614
681
650
604
635
607
640
637
587
581
589
626
578
548
626
574
592
597
579
580
588
624
585
605
572
570
564
565
574
561
596
545
650
603
568
552
546
539
556
575
570
548
578
539
556
548
559
518
549
587
531
526
526
531
522
558
541
565
548
520
467
535
604
529
580
543
539
546
525
536
527
527
526
489
560
531
544
557
512
587
545
508
507
553
552
556
551
506
539
574
526
498
534
555
556
489
520
560
541
533
570
572
536
527
530
482
541
504
535
557
540
553
543
516
551
517
564
547
584
501
536
490
545
564
522
563
556
521
520
526
528
542
508
549
515
539
529
538
522
573
568
531
541
560
646
513
574
553
516
527
579
544
553
560
567
578
572
619
580
577
547
568
574
555
523
559
577
541
607
578
558
556
556
577
580
566
554
566
559
583
585
565
588
577
553
573
563
611
581
569
594
562
608
581
573
585
588
589
592
597
581
579
578
612
573
550
633
578
647
582
555
576
584
603
606
639
550
554
545
585
591
534
587
620
596
593
593
563
535
564
570
647
578
573
562
546
571
546
601
547
552
487
573
573
530
578
525
550
540
555
571
534
556
546
552
545
527
550
560
555
500
502
550
514
552
491
557
518
528
564
522
555
506
534
516
520
543
519
493
524
507
556
495
494
513
482
475
508
497
481
480
472
483
501
488
469
463
479
458
480
492
417
434
423
479
442
415
461
461
446
464
435
441
488
429
477
384
420
466
455
422
461
450
425
410
391
412
418
428
407
408
382
431
423
383
409
396
394
393
387
393
365
350
420
379
382
360
363
381
393
380
374
348
372
395
366
364
339
376
351
360
344
345
349
346
347
353
329
348
355
356
391
349
342
333
362
358
371
347
321
330
341
349
343
355
319
334
325
330
359
335
317
303
365
331
300
349
311
344
307
325
339
356
337
319
344
332
310
344
315
333
289
346
329
310
337
315
307
313
336
363
377
312
300
343
326
308
321
315
310
322
331
331
342
330
303
302
322
340
315
298
346
323
314
311
341
328
323
352
321
303
299
308
333
309
317
369
341
285
355
320
344
317
333
328
296
322
330
303
297
321
340
341
359
337
353
363
335
345
368
313
323
319
339
332
343
332
346
337
317
340
328
320
343
370
344
328
328
330
307
361
345
344
349
367
332
324
357
359
332
336
343
345
351
328
293
372
337
360
333
305
334
314
336
324
333
349
356
370
309
353
346
357
329
365
353
347
362
348
333
339
341
385
341
350
364
343
352
317
327
354
324
365
344
375
335
324
339
361
332
368
366
390
352
327
326
317
329
354
343
331
356
390
362
363
340
340
357
341
309
360
356
323
322
347
335
325
356
332
321
335
339
321
330
313
355
321
317
378
298
338
338
337
303
349
357
340
366
351
345
332
322
345
329
339
304
319
327
333
304
331
353
346
341
311
338
314
339
334
282
314
293
322
281
313
304
319
319
341
294
303
308
308
289
295
263
317
306
298
281
274
278
280
270
309
300
287
289
290
298
286
272
300
306
292
255
297
273
261
286
287
280
263
254
269
273
276
264
269
327
272
265
286
252
263
280
258
258
255
299
247
295
244
248
244
269
258
254
238
273
255
277
221
254
280
239
261
257
239
251
241
255
270
245
261
236
258
224
245
233
248
229
265
231
255
234
264
253
264
282
223
232
248
245
229
260
260
249
237
244
240
251
249
246
219
236
251
253
251
215
247
222
235
206
270
241
237
246
217
237
224
242
244
231
227
242
241
230
256
232
238
272
229
232
254
256
239
232
235
246
210
221
233
253
243
252
256
248
224
230
240
226
240
228
211
267
246
220
209
236
217
261
233
240
213
229
195
244
255
217
234
250
206
234
220
206
228
227
212
235
214
227
263
213
222
259
230
236
239
245
262
243
261
213
220
217
231
240
250
212
256
231
221
236
240
208
224
226
213
220
243
237
230
219
221
216
223
225
216
226
188
236
223
231
230
221
244
231
241
236
203
260
200
231
237
235
196
245
240
222
227
231
193
234
242
213
230
217
238
235
222
234
234
233
199
222
209
203
211
208
210
234
226
235
221
209
203
219
230
222
224
219
219
207
214
206
195
218
237
206
213
222
236
212
235
196
224
232
204
217
185
221
242
218
194
209
193
241
214
225
210
231
231
204
206
232
225
208
219
220
219
225
224
234
229
213
226
214
238
239
208
234
191
216
237
202
200
220
214
239
240
226
194
206
169
201
222
188
223
222
233
245
222
209
200
208
216
216
225
221
205
216
216
234
233
202
222
221
227
211
231
195
230
222
204
203
207
229
237
222
199
206
191
221
236
237
201
242
227
185
237
224
202
203
223
214
197
216
220
218
221
223
228
242
197
210
216
232
210
205
223
235
199
208
216
233
206
218
216
202
239
226
226
207
207
248
238
209
250
205
220
203
207
239
231
197
209
206
226
206
203
211
216
227
226
226
207
215
206
201
227
201
193
236
219
217
197
216
206
209
219
212
227
207
209
233
209
202
207
196
212
222
232
222
203
204
234
212
216
225
195
202
217
234
212
215
205
222
198
236
219
211
229
223
202
205
214
212
214
203
225
199
193
204
204
224
214
213
223
198
196
251
246
201
167
224
216
213
198
199
188
205
208
202
196
200
219
193
195
179
195
208
175
181
213
180
200
187
202
201
216
217
212
206
160
181
210
188
204
220
182
182
188
201
188
201
207
200
194
191
182
166
198
188
175
200
173
176
196
187
187
190
177
197
188
162
172
191
171
187
156
172
185
213
195
173
187
167
190
181
180
169
192
181
163
190
183
185
173
166
169
181
178
150
171
188
183
179
179
156
175
182
184
165
185
185
181
195
182
171
172
151
173
181
179
167
203
206
175
170
169
179
176
167
157
176
184
187
197
169
168
193
182
182
184
173
189
195
179
157
157
152
181
164
156
165
150
182
159
185
205
179
163
176
163
188
163
155
172
192
174
158
158
198
188
182
198
168
191
187
177
181
170
177
138
187
185
175
201
200
177
200
183
174
183
176
174
181
181
208
170
172
198
171
177
182
212
161
215
189
181
184
168
208
184
175
182
184
196
187
213
214
197
195
189
182
186
182
203
205
168
186
199
203
193
231
192
193
176
190
193
198
205
201
200
173
194
224
190
194
212
188
179
222
208
197
212
200
200
203
209
202
182
209
218
206
207
207
257
211
201
223
207
201
226
232
235
186
231
225
221
220
214
229
225
251
216
224
224
216
238
205
227
231
227
232
226
208
219
237
243
238
244
239
234
238
242
250
224
235
228
222
225
246
223
223
219
278
245
213
257
225
259
234
259
240
259
275
249
247
239
195
267
267
250
249
256
215
249
264
263
236
209
244
227
236
271
228
267
251
248
254
249
265
260
266
244
258
252
264
289
236
256
256
279
234
267
261
261
268
265
243
246
251
248
278
254
247
279
271
260
239
270
276
283
247
269
247
241
280
271
248
230
267
249
268
270
263
274
261
240
278
259
260
258
275
244
240
262
281
301
262
257
285
264
257
251
278
262
245
251
275
293
253
246
274
294
297
287
289
282
249
290
267
271
280
268
276
267
276
294
288
260
285
246
253
268
287
239
261
271
234
257
271
294
255
245
276
232
267
293
247
283
255
255
237
275
257
248
248
212
261
249
266
248
230
230
248
233
253
257
257
219
268
226
272
230
239
271
243
240
256
241
253
221
242
231
223
222
222
249
304
230
250
212
224
242
211
246
221
224
224
256
228
243
245
235
234
227
216
215
201
238
246
217
230
228
223
236
218
225
267
205
203
209
216
222
213
199
212
192
207
215
214
206
227
206
242
192
190
222
210
207
177
202
220
191
194
204
192
184
197
212
205
212
204
187
217
188
173
161
211
186
193
192
187
189
180
172
180
169
159
141
166
169
171
183
177
177
190
178
169
164
136
169
159
163
152
169
161
161
141
153
150
152
175
162
152
145
148
148
155
146
133
129
148
156
144
152
147
144
143
134
137
152
144
144
109
136
128
141
143
119
128
141
126
153
163
145
124
124
141
144
132
136
135
122
119
123
131
123
139
133
133
137
125
140
132
127
143
114
110
130
127
132
129
124
133
114
123
128
104
129
120
124
111
115
128
111
118
126
129
110
127
114
132
106
120
116
112
124
130
109
109
114
127
138
121
116
112
123
106
116
112
94
112
134
94
139
116
113
116
116
90
105
125
126
113
123
120
99
93
120
97
97
97
109
132
121
115
110
127
114
96
123
112
113
99
106
128
119
107
109
107
99
121
119
109
110
90
126
102
113
125
124
112
94
96
102
111
114
100
99
100
120
109
123
105
97
112
102
101
94
105
111
107
104
127
99
116
129
105
106
92
117
91
125
127
105
103
119
108
132
103
110
96
112
97
119
110
118
122
111
124
104
94
108
123
103
121
101
126
117
107
128
105
112
109
90
112
84
109
98
101
95
94
129
82
109
101
100
100
103
94
106
102
99
88
88
93
97
92
109
91
107
103
111
103
106
82
112
109
100
116
91
110
83
101
95
110
103
89
98
99
112
95
97
123
103
116
112
94
101
104
114
101
100
107
109
97
110
96
99
97
120
98
115
94
96
100
114
106
102
91
83
91
95
103
92
85
103
86
83
112
125
79
127
97
108
106
106
107
113
115
80
94
84
95
93
104
85
93
106
98
98
89
105
97
117
107
94
106
109
86
101
98
96
111
99
104
99
113
106
101
89
112
105
95
85
111
93
79
90
107
105
92
103
97
120
77
115
92
97
109
104
116
98
93
99
91
100
95
102
103
91
100
86
100
109
113
85
87
95
106
83
103
96
117
83
95
110
93
98
104
98
111
99
94
114
101
105
90
70
95
97
89
92
97
102
107
95
108
102
87
105
105
129
109
97
100
100
105
92
97
108
109
87
96
98
107
102
110
121
95
92
113
112
101
125
112
106
90
100
94
99
95
100
92
99
101
101
84
101
88
90
103
93
103
93
91
84
106
113
106
90
104
82
113
105
98
90
119
89
108
99
122
102
84
102
85
114
80
108
115
97
75
91
98
107
117
107
94
97
112
99
122
117
93
114
79
127
112
91
107
100
91
117
94
109
104
104
92
94
102
115
100
96
99
97
112
115
105
95
111
97
115
103
110
90
92
112
121
97
90
104
109
97
90
101
102
101
91
112
105
105
97
91
111
107
106
103
98
88
108
100
95
101
108
92
101
89
100
92
83
100
110
106
91
111
81
93
111
108
104
100
83
92
107
102
94
97
96
92
113
82
97
110
90
92
88
91
87
89
106
90
106
104
96
101
95
93
104
105
74
103
94
95
85
103
97
97
105
100
98
98
97
98
88
92
81
90
108
90
84
91
106
88
98
97
96
103
109
114
73
98
105
80
105
105
111
103
104
91
99
100
110
93
94
101
97
91
87
96
88
112
92
106
102
80
88
95
107
86
113
93
92
98
107
85
94
88
93
101
105
87
94
92
86
106
97
94
107
99
84
105
114
100
118
100
113
92
108
90
89
97
88
104
99
80
102
92
83
94
94
100
100
96
95
106
105
86
98
112
105
97
93
106
91
91
92
93
89
108
88
94
84
93
105
99
92
101
111
106
95
99
89
96
102
94
75
95
93
105
90
94
106
99
79
86
88
85
105
80
98
94
96
96
79
89
91
89
106
70
99
96
98
96
88
98
102
80
78
88
74
108
89
96
75
96
95
94
116
95
82
79
99
89
90
89
99
84
111
96
100
102
84
92
78
92
81
85
80
89
87
99
97
86
90
68
98
65
85
106
76
105
86
85
90
88
95
96
104
91
99
85
87
116
94
71
94
94
93
91
94
108
82
84
84
77
90
72
86
89
100
83
103
85
98
82
75
78
78
76
67
85
81
81
90
91
81
94
72
86
84
96
97
89
83
94
105
70
91
82
69
92
85
92
91
80
82
72
83
74
68
71
78
84
78
78
88
80
96
78
89
69
89
93
68
84
86
64
80
89
100
85
83
92
78
82
78
87
77
91
90
89
88
83
92
82
84
73
89
80
65
81
72
73
81
73
66
87
86
61
83
93
85
80
69
81
98
84
70
67
84
93
87
97
95
96
85
64
78
83
68
73
73
73
96
79
82
72
74
73
60
75
80
76
100
92
69
76
74
72
64
87
68
67
91
66
74
83
72
74
68
58
71
74
61
88
63
75
81
82
77
83
78
66
58
82
62
60
78
77
78
88
80
78
77
85
71
69
75
91
59
68
75
80
74
74
63
72
74
74
87
86
68
71
72
80
71
84
65
71
65
70
91
80
76
64
70
63
72
76
64
87
74
82
92
68
72
63
76
70
77
70
89
76
78
79
74
85
85
70
83
85
69
68
61
75
70
80
78
70
75
74
76
64
82
66
80
66
71
63
84
75
68
74
68
69
65
84
75
88
76
84
65
67
65
78
71
67
78
74
72
74
71
55
67
79
78
81
74
81
71
54
67
63
84
64
67
64
72
78
66
77
70
63
64
64
71
86
88
64
81
74
89
78
69
86
82
72
85
90
80
82
69
75
69
71
88
82
79
76
65
72
89
68
64
78
68
68
70
69
59
58
81
75
62
71
71
85
89
72
88
77
72
60
80
88
85
66
68
81
80
86
62
66
62
78
82
84
93
64
71
81
94
70
63
70
70
71
75
73
90
73
83
86
70
79
61
59
86
75
74
83
74
73
67
77
90
79
81
79
76
74
68
74
81
61
70
61
82
78
67
73
80
85
56
71
70
79
70
78
83
84
76
76
99
74
82
70
78
81
77
68
64
82
68
87
73
75
96
77
85
71
75
100
90
77
78
79
80
87
85
77
95
82
79
74
81
108
91
78
69
80
69
79
76
64
72
84
83
88
92
93
91
83
85
87
86
85
97
82
73
71
77
97
78
93
82
86
76
79
100
77
87
88
73
88
87
82
78
82
78
100
70
94
70
99
84
89
92
83
79
64
74
90
84
76
112
85
95
95
97
77
88
89
88
96
93
70
79
80
98
82
95
86
79
96
79
86
87
97
92
100
94
86
76
89
88
92
101
93
82
88
79
80
95
97
88
83
77
99
89
96
95
99
101
94
93
94
88
100
97
105
104
81
94
99
114
82
90
93
98
104
93
102
100
97
94
109
101
91
104
90
106
83
75
101
95
96
86
91
105
119
96
102
106
99
100
98
96
99
89
93
92
102
93
79
92
93
104
93
74
96
110
116
90
103
101
94
77
86
90
106
83
98
111
78
101
108
102
99
93
99
107
93
101
99
106
83
94
91
97
83
104
81
100
94
99
89
90
85
103
102
100
94
90
81
95
105
114
79
108
90
93
83
91
90
93
90
87
83
81
79
96
111
78
113
104
84
98
105
100
93
97
84
96
84
86
83
91
88
87
93
81
95
104
106
81
75
93
89
102
101
87
97
93
109
85
94
73
100
87
85
63
101
82
92
89
100
84
105
83
89
73
89
80
73
83
88
92
85
95
94
84
70
97
73
77
86
87
73
93
83
82
84
80
77
84
87
90
94
91
83
102
93
88
89
79
72
85
77
90
91
96
85
80
78
73
84
88
82
87
78
91
81
84
94
86
81
76
77
95
72
89
84
85
84
93
111
87
68
91
67
70
86
97
89
77
89
89
75
77
80
86
80
72
74
85
67
85
83
82
83
73
87
78
93
95
93
70
74
92
71
89
67
64
89
76
75
87
94
88
82
90
81
91
89
73
77
66
69
88
62
87
81
85
73
71
66
81
80
71
81
86
85
95
79
77
73
58
64
72
75
71
83
71
71
78
73
84
80
77
64
85
73
72
100
84
75
70
90
75
89
88
84
76
68
85
85
87
65
82
70
75
74
82
94
67
72
88
85
82
68
92
72
73
84
67
84
80
78
73
79
62
77
71
72
76
59
70
69
72
81
74
64
67
67
82
70
77
80
72
72
82
72
70
63
71
87
75
82
80
62
73
60
66
57
65
76
74
70
74
68
72
67
73
61
75
78
66
74
59
70
68
62
61
61
53
100
62
70
70
66
66
57
65
67
70
64
56
64
70
70
72
57
68
68
48
51
74
57
65
58
64
61
58
64
62
58
55
53
55
54
49
50
56
65
52
58
63
64
65
54
61
86
46
56
49
58
63
64
47
59
44
53
48
46
57
60
79
52
43
63
59
57
63
49
51
51
64
67
51
63
58
49
53
60
55
53
54
56
63
52
48
48
41
60
52
67
64
63
48
56
52
58
41
54
52
60
73
42
54
59
47
46
61
57
44
64
56
56
59
59
53
42
64
60
35
52
52
66
41
32
43
52
50
45
36
33
53
48
61
48
54
55
39
55
54
50
52
66
47
49
51
41
54
37
50
48
50
54
54
44
56
47
47
55
49
52
46
40
46
41
36
49
45
36
43
47
52
52
35
52
44
44
44
37
41
33
48
48
45
40
49
39
42
51
55
38
43
37
38
38
48
50
49
46
39
47
46
50
40
41
55
57
37
43
51
36
43
44
44
47
49
43
37
51
49
47
42
48
36
47
54
32
62
49
36
38
46
40
33
53
47
42
43
33
45
47
40
46
42
49
42
46
47
57
51
30
29
34
46
44
37
39
39
51
41
25
52
52
51
46
39
51
55
41
48
46
45
49
32
32
43
54
53
40
40
45
43
54
50
40
36
41
45
27
39
41
48
40
54
39
34
46
44
43
45
46
46
45
51
47
37
42
42
39
45
41
45
40
43
37
42
53
34
61
53
46
44
26
43
52
58
37
52
44
32
44
37
42
44
33
43
45
55
52
46
39
48
42
42
43
47
43
47
37
44
46
39
44
37
34
47
37
45
51
38
53
38
51
39
39
49
40
55
43
43
45
45
40
43
44
45
50
43
50
42
52
42
43
40
38
46
48
35
38
30
38
40
48
41
40
37
39
45
45
42
38
36
42
45
41
44
33
50
36
47
43
44
49
41
47
52
43
36
60
44
60
46
48
35
42
43
46
49
46
46
62
35
52
31
46
38
38
40
42
37
40
45
52
36
38
47
47
50
46
49
42
47
42
43
45
42
50
41
42
49
48
52
36
45
30
50
42
45
45
47
46
37
56
40
44
45
49
41
48
60
53
41
45
40
39
40
53
39
51
46
50
42
37
61
45
48
52
47
44
65
43
46
55
55
36
51
48
49
53
50
57
34
56
43
54
40
48
45
44
45
61
54
41
54
53
57
51
54
40
48
47
49
46
50
52
44
55
60
65
46
66
44
57
73
56
67
42
57
39
49
59
43
65
50
41
47
57
65
40
38
54
62
46
49
41
65
52
48
53
50
50
49
50
66
56
57
59
45
57
60
59
59
50
67
60
46
50
48
54
57
60
63
64
68
72
59
45
40
46
61
60
64
60
58
55
65
60
57
60
65
61
61
73
44
66
46
61
54
42
54
62
43
49
58
63
45
57
62
71
52
60
53
53
68
48
51
57
57
61
49
43
69
50
64
47
48
43
52
63
61
59
64
55
59
65
66
68
44
58
80
70
65
58
54
48
66
62
51
50
63
71
49
63
63
59
53
64
52
78
63
68
53
56
57
70
53
59
53
63
56
67
71
65
79
53
66
49
66
74
54
62
68
70
53
63
72
72
62
63
61
72
66
60
43
44
62
60
52
60
56
86
63
58
60
62
52
60
53
59
54
52
50
50
53
71
55
56
62
59
62
66
72
65
62
50
72
63
60
57
50
72
69
58
58
65
53
56
58
54
48
60
59
48
62
53
55
48
64
53
64
60
61
59
43
50
52
44
52
52
59
59
54
52
66
45
52
55
62
42
71
53
42
60
68
64
47
53
55
51
54
46
61
47
54
56
66
64
49
60
46
59
48
58
60
54
59
51
51
50
53
51
57
48
57
52
50
51
48
47
58
48
54
48
61
50
55
44
45
55
61
48
38
56
40
43
55
37
51
60
53
50
41
48
53
47
38
49
56
58
50
51
32
48
57
59
51
52
42
47
46
45
56
47
45
51
46
60
45
51
38
39
50
45
41
33
50
46
35
52
42
40
43
34
47
49
37
60
41
37
50
56
45
31
43
43
47
47
48
55
39
43
50
36
33
55
42
47
54
55
47
36
47
42
53
39
39
45
33
42
35
31
34
33
46
33
43
41
49
22
38
43
37
46
35
42
24
42
40
40
35
35
40
42
31
39
35
42
31
38
36
44
44
40
42
41
33
30
30
48
43
43
37
40
50
46
42
47
44
38
36
31
38
44
44
33
36
41
38
45
43
38
47
35
54
56
51
37
39
34
36
35
37
29
45
40
36
30
38
39
46
40
50
27
35
33
31
28
33
37
39
39
43
51
38
41
37
30
33
35
39
35
45
42
44
36
37
35
40
27
28
41
41
36
33
41
38
39
32
37
28
37
36
29
38
41
36
24
36
26
35
31
39
44
41
41
52
39
30
40
35
34
34
38
40
37
32
30
42
37
24
40
47
36
29
35
37
32
34
33
37
54
37
46
31
45
37
35
29
41
34
26
45
44
41
35
33
33
38
36
35
37
34
28
38
43
52
42
48
43
32
40
40
35
36
41
30
38
38
30
34
36
28
25
37
33
43
39
18
54
47
34
36
42
35
42
42
39
47
34
35
34
27
32
29
31
36
25
37
42
34
26
47
49
37
34
37
37
35
33
39
32
30
43
28
39
36
34
38
46
39
36
42
41
36
30
40
46
40
41
31
42
34
37
34
32
32
47
39
30
30
38
33
38
45
33
42
42
38
31
31
42
43
39
38
33
35
35
41
41
28
29
38
34
41
28
34
37
29
34
37
34
37
36
47
45
45
42
34
30
36
50
38
38
39
26
48
33
37
35
45
34
34
45
32
39
46
37
31
40
32
32
37
31
34
38
34
43
26
36
34
34
36
29
38
36
44
57
37
45
40
29
41
39
32
44
33
28
52
35
30
53
26
43
46
41
37
44
37
27
37
38
41
33
42
38
42
38
45
50
26
41
36
40
40
35
24
52
42
35
37
35
35
45
39
37
39
38
37
35
44
34
29
30
27
27
50
34
28
38
38
38
35
48
39
27
43
37
27
24
49
44
39
38
38
37
38
29
35
37
27
36
39
39
31
45
36
38
27
31
32
35
37
33
35
31
30
39
31
31
41
29
44
47
34
45
52
32
34
40
29
44
34
31
32
42
35
34
24
30
27
33
40
34
36
35
30
38
35
39
28
34
29
34
35
32
31
40
35
34
41
28
33
27
41
37
36
23
31
30
33
29
34
37
35
36
35
41
29
28
29
40
29
26
39
31
29
49
33
34
32
26
31
39
38
35
24
31
27
23
30
29
24
31
40
37
32
32
30
29
39
40
41
30
28
32
28
38
23
20
31
32
30
45
27
39
28
30
28
36
38
37
29
24
26
38
30
25
27
28
19
48
38
32
28
32
25
30
21
40
32
34
23
28
35
29
30
33
32
34
20
30
33
25
31
23
30
26
29
28
35
31
24
21
40
24
33
33
26
39
37
33
32
23
32
33
25
29
29
27
28
39
28
27
29
29
24
21
33
28
30
23
27
33
32
25
32
37
32
31
29
26
25
33
21
33
24
23
30
20
33
28
30
33
32
37
30
22
29
25
21
29
26
31
32
37
28
35
37
35
22
28
38
24
35
22
39
21
28
16
33
19
24
17
34
31
32
29
30
22
21
28
27
24
33
14
33
23
24
25
34
34
26
23
22
23
23
16
40
27
30
32
36
29
25
25
26
33
31
30
25
25
28
28
29
24
25
29
24
25
28
23
30
30
25
27
28
26
15
24
24
29
18
17
32
21
17
20
23
35
21
24
27
34
23
25
36
21
30
28
25
37
23
24
30
32
18
27
33
19
25
29
18
27
28
33
34
25
18
29
17
21
34
21
40
17
17
26
26
27
32
21
33
19
30
24
22
26
29
35
33
26
22
24
36
20
32
17
29
30
27
28
26
30
26
32
9
22
27
27
22
15
26
27
21
29
29
28
25
20
23
19
23
20
25
25
31
29
24
37
30
21
24
23
20
28
25
34
24
33
26
24
20
27
26
23
25
27
30
32
21
25
27
28
28
20
19
35
28
24
29
30
22
23
20
24
30
27
21
24
19
22
27
32
30
16
30
20
27
24
31
28
36
20
28
31
30
22
34
20
28
28
24
26
23
35
21
31
39
29
18
31
25
30
21
24
32
36
28
29
22
24
25
16
32
25
31
36
45
23
27
26
25
19
29
28
21
22
22
29
31
38
32
23
18
30
27
17
24
25
30
27
16
23
29
14
21
28
22
28
21
28
26
31
19
42
29
30
29
31
33
28
35
25
31
27
31
22
26
28
27
24
25
26
31
19
30
26
23
23
27
27
19
26
30
20
26
21
30
23
25
24
26
19
23
34
24
23
27
34
29
36
24
32
27
29
35
41
30
33
32
26
25
24
33
29
18
29
36
31
33
32
39
22
36
27
24
39
29
16
29
23
28
27
29
35
35
27
25
32
22
28
37
28
39
24
33
27
29
24
28
31
33
35
28
35
26
28
27
32
32
33
32
28
20
31
30
33
23
30
33
43
36
27
20
30
28
27
25
27
28
34
31
43
30
40
21
29
34
19
38
25
36
27
27
23
25
30
29
27
30
24
27
26
35
31
46
28
31
30
26
24
28
41
30
40
31
29
41
30
31
28
29
27
27
34
37
30
40
35
27
37
38
36
35
15
34
36
25
30
46
39
27
25
25
29
34
22
36
32
21
31
26
24
30
35
27
28
39
25
29
39
27
34
41
39
28
28
36
23
28
42
31
30
41
29
33
30
41
34
34
29
32
39
35
36
43
35
46
38
34
33
28
38
30
34
36
35
35
32
37
22
38
40
42
33
36
29
33
33
39
41
30
38
40
38
30
34
44
37
48
39
46
40
26
40
45
36
36
25
41
35
41
35
39
39
43
32
35
30
47
34
42
46
40
41
34
36
37
45
34
34
39
37
37
44
34
40
38
50
37
35
35
41
47
44
40
43
35
42
34
44
42
39
53
46
38
53
46
35
42
43
34
43
46
37
40
43
38
41
44
50
37
40
38
41
36
51
46
40
43
46
40
49
45
55
46
57
49
43
47
44
59
46
43
44
39
46
36
42
52
46
47
48
35
42
35
47
60
47
40
55
50
51
45
42
54
45
49
49
55
47
56
51
56
58
41
41
53
54
71
64
47
49
52
53
64
50
61
46
58
52
61
50
53
44
46
51
63
63
56
43
58
49
39
53
58
58
44
47
58
63
44
48
50
47
67
67
43
61
50
58
46
54
44
48
59
71
70
60
67
45
46
62
58
53
48
48
59
52
59
63
60
55
50
63
69
54
57
52
47
66
46
53
54
59
61
54
60
60
51
50
62
61
59
43
63
52
67
64
46
62
46
45
78
58
59
72
62
63
59
42
66
58
53
60
65
65
66
66
58
55
77
55
46
71
42
52
55
69
51
50
51
69
46
58
55
61
52
57
63
60
51
72
63
66
59
67
65
72
60
54
43
58
48
76
51
62
58
59
64
56
74
49
49
69
48
56
56
59
67
58
54
52
55
57
55
66
69
58
61
48
62
59
56
48
66
61
52
60
63
59
50
43
63
62
52
60
63
53
63
55
66
63
47
55
56
48
61
50
65
61
70
62
67
55
41
63
57
45
63
51
56
48
63
51
52
49
58
48
67
65
50
49
48
47
51
53
51
53
43
55
46
51
59
44
40
54
53
52
50
58
64
59
49
63
41
63
48
51
61
57
38
45
45
54
63
41
46
47
40
51
42
41
48
45
45
47
43
37
40
47
48
55
47
41
40
49
46
33
43
41
34
41
48
46
50
53
35
44
57
46
35
49
45
50
49
33
52
46
40
34
37
37
35
48
45
31
47
44
41
36
40
48
43
43
37
41
47
47
39
43
45
33
40
48
39
48
47
35
41
32
46
27
48
32
24
30
37
36
40
34
44
39
36
43
32
29
37
38
30
26
34
34
31
23
30
24
19
30
37
45
28
27
33
33
33
39
32
33
27
19
21
25
29
29
28
29
34
16
25
30
17
29
31
26
35
40
34
42
28
36
31
23
31
30
23
29
19
28
36
21
25
26
24
29
31
27
24
26
24
23
29
32
24
22
23
24
23
25
18
19
24
22
24
34
22
24
29
20
26
23
28
21
24
16
26
19
15
21
16
30
28
18
17
23
27
24
21
18
22
27
37
14
28
16
24
23
24
22
30
24
24
19
20
18
25
21
19
15
23
34
24
21
26
18
25
22
16
27
22
19
18
14
14
30
13
16
11
19
24
20
14
29
23
15
20
20
18
22
21
23
20
22
26
16
17
11
16
18
24
21
21
18
21
18
17
22
23
20
20
14
20
19
26
23
11
20
23
10
17
21
32
24
12
25
28
17
16
26
20
15
21
18
15
26
16
24
14
17
19
20
19
22
18
19
22
17
18
48
64
79
66
82
80
89
85
81
78
60
71
67
58
79
77
78
81
68
78
68
70
75
68
72
48
71
78
73
66
80
74
61
94
79
83
71
68
78
69
74
66
65
76
76
84
53
85
71
84
74
81
68
72
64
65
70
76
74
71
64
80
65
68
60
64
51
66
60
67
69
54
64
73
69
57
57
69
67
51
61
67
54
68
65
56
51
60
65
60
67
72
56
71
57
60
63
54
62
64
52
50
55
62
61
56
61
56
54
56
54
66
57
49
49
49
55
55
49
50
67
59
53
68
51
43
52
54
68
66
64
57
47
62
48
50
43
52
49
47
49
45
50
50
50
48
63
36
46
40
49
53
41
48
37
52
50
47
51
36
48
44
37
43
40
47
41
43
43
37
44
34
38
46
45
40
40
53
39
45
51
40
41
32
21
