# Filename : TXT_Files/Acq14400sec_034.Chn
# MCA detector ID: 1
# Start time : b'16':b'16':b'33'
# Start date : b'04Oct221'
# No channels : 8192
# Live time : 716379
# Real time : 720000
# En cal factors A + B*x + C*x*x
# A : 0.0
# B : 1.0
# C : 0.00
0
0
0
0
0
0
0
0
0
0
0
0
0
0
0
0
0
0
0
0
0
0
0
0
0
0
0
0
0
0
0
0
0
0
1
3
10
69
232
341
356
431
431
439
374
471
457
433
442
468
409
452
461
428
423
425
458
441
457
432
460
452
469
463
437
504
455
477
433
446
489
479
510
488
490
495
479
492
472
492
504
516
522
482
491
527
532
493
545
538
535
558
543
573
558
588
602
592
606
614
570
556
588
583
596
617
622
629
674
682
691
697
654
687
699
692
687
712
686
686
715
708
723
727
692
771
727
743
722
788
764
797
790
813
799
829
765
777
831
840
830
854
832
835
843
786
811
802
817
828
798
786
763
783
788
763
745
745
783
775
747
795
774
766
768
738
764
745
752
822
698
764
771
758
804
772
793
757
763
788
813
834
815
780
737
803
802
849
846
860
862
855
853
844
908
876
904
893
912
938
858
905
972
951
928
942
970
958
959
1017
980
1024
1003
1012
1041
978
1022
1054
1067
1120
1097
1130
1016
1097
1116
1106
1102
1125
1194
1209
1202
1209
1179
1194
1211
1200
1226
1242
1210
1265
1238
1235
1345
1256
1195
1316
1294
1286
1307
1302
1263
1319
1376
1375
1390
1367
1322
1349
1338
1389
1513
1445
1417
1527
1457
1517
1526
1594
1558
1511
1564
1636
1546
1631
1644
1659
1625
1645
1631
1665
1650
1720
1805
1732
1724
1777
1798
1829
1838
1889
1932
1921
1810
1877
1885
1910
1926
1977
2013
1972
2053
2060
1916
2050
2075
2131
2096
2043
2129
2125
2124
2187
2236
2179
2130
2146
2156
2256
2267
2383
2273
2298
2316
2312
2300
2268
2329
2421
2367
2398
2381
2317
2430
2407
2423
2507
2421
2433
2461
2572
2437
2525
2556
2645
2565
2687
2573
2690
2631
2602
2723
2764
2732
2820
2672
2736
2740
2854
2744
2825
2699
2880
2742
2844
2905
2860
2847
2887
2972
2944
2945
3013
2943
3054
3098
3104
3055
3086
3140
3131
3235
3136
3144
3176
3170
3260
3261
3266
3270
3254
3256
3253
3262
3332
3260
3184
3290
3283
3380
3305
3216
3368
3359
3448
3373
3408
3256
3280
3334
3346
3317
3273
3226
3270
3448
3302
3355
3282
3186
3168
3232
3244
3124
3202
3193
3158
3236
3280
3087
3192
3188
3049
3114
3219
3181
3023
3135
3098
3113
3098
3192
3256
3014
3147
3201
3182
3218
3228
3179
3158
3124
3203
3120
3041
3180
3244
3230
3159
3200
3263
3203
3179
3297
3216
3205
3144
3201
3198
3189
3206
3252
3312
3160
3233
3216
3206
3144
3128
3202
3074
3244
3183
3178
3099
3201
3110
3208
3190
3242
3138
3170
3189
3134
3045
3080
3107
3096
3164
3077
3102
3033
3146
3085
3077
3093
3010
3035
3036
3006
3129
3005
3106
2980
3001
3084
2985
3083
3021
3035
2943
3027
2984
3050
2904
2953
3087
2949
2999
3017
2998
2998
2947
2971
3031
2944
3034
2975
3043
2931
2883
2896
2988
2979
3003
2911
2857
2937
2955
3040
2885
2985
2901
2974
3039
2885
2938
2945
2957
2870
2947
2902
3016
2812
2948
2948
2892
2911
3011
2859
2867
2885
2875
2837
2808
2883
2873
2953
2875
2900
2811
2832
2834
2862
2889
2847
2751
2861
2850
2811
2791
2800
2707
2823
2801
2738
2841
2853
2827
2833
2851
2724
2802
2686
2714
2835
2851
2696
2745
2675
2793
2797
2807
2762
2735
2743
2736
2755
2770
2737
2729
2734
2778
2708
2853
2733
2811
2680
2729
2722
2757
2755
2743
2693
2758
2694
2642
2591
2707
2687
2679
2685
2722
2746
2705
2676
2684
2697
2581
2654
2631
2642
2680
2684
2610
2649
2638
2729
2731
2708
2620
2665
2668
2645
2644
2630
2624
2625
2595
2607
2677
2690
2634
2687
2626
2671
2693
2569
2538
2594
2475
2542
2579
2567
2580
2533
2523
2592
2603
2544
2614
2390
2507
2516
2534
2471
2436
2489
2500
2529
2472
2535
2443
2349
2386
2380
2420
2425
2454
2522
2462
2338
2439
2432
2455
2429
2346
2401
2385
2393
2297
2337
2368
2377
2292
2399
2317
2304
2357
2370
2365
2349
2266
2432
2301
2372
2403
2348
2351
2195
2361
2250
2378
2366
2308
2278
2253
2275
2247
2301
2268
2312
2190
2255
2299
2297
2271
2284
2420
2254
2189
2233
2213
2209
2229
2166
2167
2254
2217
2248
2235
2206
2317
2269
2201
2191
2285
2195
2201
2235
2216
2244
2207
2150
2204
2166
2167
2082
2205
2184
2223
2127
2083
2228
2170
2160
2105
2167
2130
2109
2084
2087
2110
2092
2091
2104
2156
2210
2123
2073
2127
2110
2031
2000
1988
2154
2093
2050
2058
2112
2092
1962
2082
2017
2028
2127
1993
1951
1972
1968
1981
2020
1987
1946
2013
2054
2010
2010
1972
2006
1940
1955
1933
2027
1941
1976
1887
1953
2009
1961
2053
1946
1832
1964
1885
1959
1898
1951
1778
1888
1947
1995
1855
1987
1893
1987
1817
1897
1892
1880
1923
1987
1957
1810
1866
1901
1943
1869
1844
1826
1865
1854
1888
1841
1811
1812
1807
1827
1935
1794
1849
1784
1802
1833
1809
1798
1836
1766
1772
1703
1729
1761
1818
1753
1732
1755
1711
1723
1767
1766
1762
1812
1728
1807
1779
1740
1728
1779
1766
1700
1782
1879
1716
1790
1733
1734
1785
1785
1667
1708
1705
1737
1728
1638
1677
1648
1773
1711
1746
1658
1728
1724
1675
1679
1725
1716
1719
1706
1770
1636
1737
1702
1682
1709
1641
1696
1720
1679
1627
1595
1735
1683
1636
1715
1720
1666
1658
1592
1661
1618
1630
1673
1639
1663
1600
1660
1609
1634
1665
1633
1672
1588
1644
1621
1632
1655
1638
1665
1598
1657
1667
1573
1612
1609
1604
1596
1624
1699
1568
1640
1613
1602
1603
1578
1572
1638
1607
1554
1533
1574
1619
1513
1525
1599
1556
1549
1581
1571
1567
1536
1534
1529
1573
1549
1568
1519
1551
1524
1492
1504
1560
1537
1401
1567
1479
1489
1430
1490
1524
1475
1489
1504
1422
1513
1377
1421
1397
1428
1357
1463
1513
1493
1486
1401
1485
1408
1497
1455
1405
1444
1404
1406
1410
1421
1408
1524
1390
1376
1489
1448
1445
1405
1415
1390
1372
1390
1409
1404
1456
1407
1365
1414
1343
1346
1324
1334
1334
1351
1374
1380
1387
1400
1316
1345
1364
1368
1295
1406
1361
1317
1354
1382
1430
1321
1344
1362
1314
1345
1282
1293
1261
1327
1377
1294
1378
1322
1345
1290
1307
1371
1300
1312
1270
1306
1298
1343
1255
1259
1263
1264
1253
1276
1303
1322
1341
1236
1311
1249
1226
1316
1278
1272
1222
1259
1284
1250
1249
1338
1236
1248
1229
1238
1201
1300
1293
1244
1218
1214
1285
1239
1230
1293
1194
1248
1145
1239
1268
1263
1190
1176
1242
1249
1215
1207
1204
1183
1233
1239
1209
1252
1214
1205
1241
1222
1180
1216
1203
1226
1159
1219
1199
1222
1181
1253
1198
1195
1256
1218
1204
1251
1190
1225
1241
1225
1261
1213
1218
1194
1276
1233
1204
1217
1273
1235
1216
1296
1252
1232
1269
1229
1357
1258
1250
1235
1232
1179
1281
1250
1191
1235
1238
1320
1273
1273
1219
1275
1261
1323
1224
1233
1232
1234
1284
1266
1232
1266
1306
1327
1280
1281
1284
1319
1335
1255
1299
1296
1295
1273
1308
1221
1275
1273
1320
1314
1186
1270
1300
1244
1262
1326
1267
1248
1278
1259
1215
1237
1262
1235
1269
1208
1236
1283
1201
1266
1208
1224
1239
1176
1252
1208
1191
1203
1161
1154
1207
1131
1122
1216
1172
1158
1207
1122
1160
1154
1164
1184
1133
1074
1145
1171
1151
1111
1107
1150
1106
1102
1056
1031
1074
1063
1055
1043
1107
1018
1005
1099
1064
1015
1052
1070
997
1033
975
968
1000
975
1011
972
1012
1039
940
929
969
943
931
945
906
984
875
883
926
924
904
926
907
918
886
943
842
920
889
863
904
865
854
929
868
825
837
939
902
857
832
877
862
854
758
841
822
835
860
821
837
805
851
898
820
821
858
852
767
818
848
809
809
801
783
793
791
820
843
796
784
824
786
809
810
792
776
785
802
764
790
816
799
803
779
805
749
808
826
798
776
794
795
770
740
750
759
773
779
781
753
781
807
776
741
735
743
712
791
735
780
752
746
784
785
725
720
705
734
768
791
755
704
740
789
715
737
770
755
780
757
767
754
696
731
759
790
770
660
740
746
724
725
699
724
739
762
691
750
710
719
750
740
794
733
771
754
723
761
728
725
755
757
748
725
731
700
737
703
745
747
772
749
723
740
678
763
733
744
741
663
733
729
709
736
745
691
723
711
741
661
688
795
703
716
720
693
759
731
736
751
754
699
780
748
747
691
727
724
764
697
749
728
741
741
706
731
717
729
719
775
659
727
693
750
700
689
756
662
740
781
725
762
693
664
667
723
685
722
708
687
710
709
641
676
702
655
681
707
691
755
641
697
689
694
705
674
664
679
687
675
666
683
700
650
680
684
652
634
645
648
694
648
657
607
696
651
674
612
634
646
660
631
629
631
678
600
638
649
662
607
604
609
644
639
655
617
592
615
597
597
608
605
563
623
604
613
597
614
580
562
597
622
600
580
640
591
620
545
550
575
523
554
572
614
582
593
573
592
548
537
565
614
519
606
593
576
554
517
628
573
552
559
535
546
618
515
550
508
568
540
577
547
550
496
514
553
573
506
540
538
585
510
483
559
524
547
584
497
523
518
576
525
473
499
572
559
544
541
521
550
545
512
495
543
503
516
542
521
483
517
542
552
495
506
531
530
519
508
530
531
560
541
516
539
554
553
551
516
549
493
542
561
496
504
549
569
517
512
528
559
560
548
519
527
560
549
539
595
527
538
529
551
574
534
559
576
562
550
587
518
543
522
540
565
583
570
553
564
566
567
558
552
516
549
553
617
559
575
559
570
558
583
540
532
564
597
554
586
554
560
551
582
558
548
539
565
582
562
544
617
574
605
568
573
556
562
544
657
600
593
566
532
573
542
567
588
595
592
570
544
614
608
568
559
578
611
605
605
588
582
580
553
598
625
579
566
620
604
596
568
565
551
552
586
588
583
547
583
586
596
590
519
568
573
584
596
558
553
579
506
544
542
586
555
541
548
571
523
512
567
573
580
543
557
557
534
502
555
559
552
520
480
520
488
523
513
546
510
551
552
539
521
524
504
543
529
496
537
495
494
498
482
527
494
493
502
473
495
467
529
485
482
496
502
441
489
454
492
483
437
474
487
498
490
475
439
425
424
410
403
419
432
473
424
411
402
423
414
459
428
407
426
440
407
409
436
416
418
460
427
398
402
384
386
396
382
399
399
423
379
392
411
367
377
392
362
355
395
374
374
391
356
365
429
391
370
342
368
359
347
335
332
330
360
348
363
343
354
380
341
336
362
332
366
342
373
343
341
378
323
321
328
356
330
339
325
320
337
324
321
355
330
336
330
351
326
343
305
289
304
332
320
327
320
360
320
337
327
316
309
330
348
331
374
337
356
312
307
294
330
323
295
289
338
328
338
312
328
332
292
310
315
324
318
301
330
312
282
332
318
344
314
320
327
351
316
360
283
332
311
330
311
329
361
337
329
328
308
306
326
323
323
308
324
297
316
331
317
333
339
350
325
310
333
346
346
308
344
345
350
310
343
330
327
329
348
339
340
353
299
308
372
318
352
314
321
309
320
343
344
345
360
363
327
329
378
328
331
320
336
332
339
344
316
318
341
326
362
329
335
309
356
314
317
329
316
339
343
297
318
345
336
372
298
365
353
333
346
343
353
319
351
379
326
357
354
338
362
322
330
337
385
359
338
314
348
335
343
331
332
355
326
352
346
343
336
321
343
355
363
332
319
356
301
320
346
380
304
344
309
365
352
285
340
346
347
330
356
314
369
321
321
358
337
353
307
339
325
343
354
321
328
280
372
333
310
327
301
323
310
310
314
332
334
327
327
298
319
339
293
338
295
302
289
329
310
324
300
341
317
322
293
325
296
307
278
305
305
304
307
309
280
293
317
299
296
268
262
323
288
308
261
341
260
312
287
279
270
278
254
281
267
282
260
284
252
244
268
259
260
292
244
277
281
261
279
277
280
261
288
278
272
262
262
259
268
265
253
273
261
267
240
262
266
247
239
254
253
243
255
237
263
262
259
253
228
235
242
269
248
245
221
237
278
260
264
257
245
268
261
230
230
229
236
245
251
245
253
225
247
250
242
217
229
254
230
253
242
242
198
267
236
260
230
250
239
229
241
246
217
224
256
220
244
237
229
234
223
239
228
248
227
216
235
216
211
223
232
247
227
234
220
230
261
243
255
224
209
234
230
223
235
250
254
216
227
248
240
252
220
226
252
214
215
231
253
225
232
226
260
212
243
231
239
229
222
246
242
223
229
216
230
203
230
248
221
224
207
225
239
223
232
240
218
209
221
215
256
269
249
257
228
260
242
249
245
212
229
211
223
229
215
222
201
230
222
223
233
241
220
233
216
237
253
197
203
233
233
251
222
225
216
225
230
217
234
224
224
197
228
239
221
215
225
216
210
216
243
264
255
203
202
222
197
212
213
197
218
218
242
231
210
203
215
242
230
216
230
217
236
184
232
237
212
245
232
233
202
200
179
216
227
212
228
218
223
224
226
264
230
227
212
226
243
228
209
220
231
202
213
199
227
237
204
204
213
222
210
231
221
211
210
225
212
210
220
227
245
227
222
236
206
207
227
205
191
231
227
202
222
213
210
213
217
221
199
209
223
231
221
205
214
196
216
194
227
230
208
219
215
193
224
208
197
217
236
227
217
192
201
223
208
223
199
225
205
210
188
198
240
222
224
228
216
225
215
227
213
203
223
203
228
219
218
228
202
205
222
200
190
228
244
221
204
210
224
202
220
214
206
230
203
226
194
192
215
205
234
222
228
220
224
187
231
217
203
215
219
200
211
224
201
204
220
189
209
238
217
213
223
209
244
209
227
203
232
251
204
215
213
228
208
233
199
201
222
212
204
222
185
221
210
197
207
244
222
232
206
218
226
229
211
212
207
192
204
228
218
225
221
204
195
193
208
212
194
202
210
213
188
198
233
217
216
216
209
234
215
215
217
214
201
200
199
214
234
223
219
214
185
184
201
195
201
211
191
201
182
205
225
211
194
203
208
213
183
202
201
214
213
184
183
207
191
189
194
188
208
191
228
183
218
216
201
175
195
211
164
193
223
196
205
199
184
177
186
198
194
201
185
185
191
196
210
185
204
198
182
192
194
204
188
180
168
179
191
193
185
189
206
177
219
170
173
211
182
192
164
188
167
181
154
197
177
179
176
171
199
185
175
174
178
176
162
167
173
183
180
182
177
180
179
167
179
205
184
160
192
172
139
183
175
158
178
171
168
167
178
166
165
161
185
167
171
160
196
183
157
181
153
156
162
185
191
182
196
185
179
158
191
201
178
188
165
164
170
192
184
188
177
174
175
182
185
173
186
170
191
151
179
185
171
175
160
171
183
178
169
180
171
200
165
139
171
177
186
172
165
193
164
185
176
166
206
180
173
167
191
173
186
187
202
165
207
199
202
186
180
206
185
170
190
191
175
197
180
195
178
211
195
175
208
186
180
167
173
215
202
199
181
159
183
193
201
189
201
179
202
188
202
218
210
198
234
181
195
195
206
187
210
182
207
198
174
183
216
208
211
194
203
202
214
180
226
210
182
203
186
200
217
208
216
224
224
204
205
188
203
197
211
195
205
189
247
215
215
219
248
206
243
208
202
217
248
227
237
234
212
251
212
233
238
225
237
203
219
248
222
214
230
224
206
210
211
247
214
255
255
229
212
252
245
261
245
230
236
226
226
193
224
240
240
263
240
243
243
239
244
260
246
253
233
241
298
249
267
239
265
237
237
255
253
243
232
256
232
270
246
273
253
240
234
259
281
263
253
235
258
271
250
243
258
255
240
238
248
232
233
252
234
257
276
266
266
274
296
282
257
271
252
263
268
265
266
261
261
254
273
282
267
279
262
277
286
252
278
241
288
266
274
272
245
279
281
258
243
296
278
280
240
273
275
244
271
254
233
249
286
278
259
247
272
301
244
267
288
269
252
289
260
277
264
273
284
250
263
306
256
248
263
274
253
258
258
245
234
240
234
308
258
282
247
256
243
269
254
238
272
286
261
262
275
253
278
250
266
247
252
250
239
261
267
253
292
283
285
235
287
251
239
239
267
214
259
226
261
258
219
257
274
250
259
249
242
253
247
266
248
265
234
237
258
240
254
237
243
243
240
260
218
247
244
212
232
238
240
206
212
219
226
206
233
234
232
211
218
202
236
205
214
192
199
225
219
215
221
219
222
202
191
216
201
183
217
205
183
215
226
177
185
217
195
180
169
175
203
169
183
189
192
182
197
167
172
184
183
187
196
183
162
182
174
177
143
185
161
164
185
174
187
191
176
177
160
180
160
149
168
172
167
188
158
159
194
155
155
146
157
156
159
159
161
128
162
170
138
148
134
147
163
140
151
140
163
144
155
123
156
139
121
134
131
126
143
127
116
144
127
133
130
135
136
135
150
155
162
131
149
145
137
116
135
143
144
140
130
124
129
140
123
137
139
126
104
121
104
120
89
124
125
135
116
129
126
121
134
125
105
125
140
127
120
135
102
113
114
105
123
108
116
136
125
131
114
125
118
118
89
115
122
121
108
112
138
112
102
110
145
105
113
119
122
122
119
107
115
107
121
121
119
125
115
110
106
118
120
118
107
115
134
106
103
107
106
124
123
119
107
105
116
96
138
118
111
104
108
126
96
115
104
123
114
106
108
108
85
113
97
114
127
113
117
99
117
106
123
108
92
83
117
95
108
94
108
100
98
110
114
107
95
107
117
103
111
93
114
105
114
98
111
99
135
121
113
133
112
103
98
122
122
113
116
98
114
106
120
116
93
106
110
106
96
99
106
95
105
109
106
110
102
115
109
96
95
113
95
111
106
110
92
99
121
106
125
111
95
93
98
101
102
119
89
111
115
104
105
105
92
94
98
93
106
88
99
97
116
92
110
119
103
105
110
124
94
97
104
97
84
94
94
108
99
101
98
117
95
108
92
93
112
101
97
109
109
88
91
104
97
117
93
106
106
115
103
101
95
106
86
90
103
114
99
103
80
106
119
111
99
103
88
94
113
95
90
101
103
102
86
98
99
103
127
98
98
92
111
92
86
108
101
112
76
104
82
105
112
88
125
98
116
100
90
103
86
119
97
104
92
92
75
106
114
96
108
76
83
96
91
100
103
100
105
103
102
96
99
93
108
94
101
87
108
110
85
100
97
89
104
98
97
94
104
94
97
103
100
93
115
88
88
85
109
94
90
84
89
100
89
105
103
102
87
96
99
81
104
103
93
116
100
82
113
105
100
92
86
91
98
94
94
85
97
101
100
88
89
87
112
86
100
90
69
88
102
95
98
90
96
88
106
95
98
102
106
85
84
110
85
106
98
89
98
114
108
100
111
107
89
108
89
104
97
104
104
99
94
95
117
95
99
101
106
97
88
119
105
101
104
111
94
90
103
101
98
115
105
111
112
111
105
91
87
84
108
82
108
87
98
98
93
109
111
78
100
95
84
96
99
91
96
92
105
94
103
107
89
100
88
92
110
99
104
94
101
109
110
96
101
98
73
104
109
94
91
104
87
100
108
112
109
96
98
114
114
103
89
98
114
85
99
97
90
104
89
83
116
96
86
100
88
97
104
82
95
101
111
80
88
103
93
101
80
102
83
94
95
111
105
93
94
99
71
86
105
92
87
102
85
100
101
84
105
100
83
103
99
80
73
102
72
96
98
97
99
119
102
91
92
92
89
108
102
110
93
105
90
91
96
96
96
77
96
100
85
93
94
113
116
122
92
104
80
106
82
82
102
110
106
74
105
83
91
104
82
110
100
112
83
101
81
102
97
90
98
102
95
91
97
96
101
101
103
105
85
72
90
87
89
100
115
114
81
88
109
109
103
97
86
94
112
104
110
89
97
95
109
88
87
81
115
92
109
98
108
101
96
108
98
77
103
80
87
104
87
104
93
94
97
92
105
95
92
96
74
78
81
89
105
87
101
108
96
92
105
113
99
87
100
104
101
92
105
82
107
103
102
74
105
98
87
121
89
75
100
103
91
115
96
96
101
105
80
79
103
100
86
93
96
86
95
97
93
93
82
78
95
96
92
92
88
116
101
109
95
91
107
91
93
101
101
105
99
120
105
104
87
104
110
83
101
98
91
89
90
76
83
82
79
114
87
90
92
96
111
86
88
89
88
93
68
87
90
83
100
85
82
75
84
98
106
82
87
84
94
81
90
74
107
89
90
99
80
104
89
103
105
82
85
68
97
73
81
80
76
93
97
81
80
79
86
92
79
79
100
102
84
76
76
84
86
70
88
80
90
102
95
88
73
80
88
86
85
96
85
81
74
60
65
91
72
80
90
79
82
97
69
82
72
98
69
72
91
94
114
74
96
66
74
84
92
81
82
92
97
83
85
84
70
100
83
79
79
79
88
84
79
80
87
91
87
73
77
73
83
88
80
107
77
76
93
80
66
80
81
84
90
92
84
67
84
72
61
83
81
83
98
84
73
76
81
87
91
77
95
61
75
80
91
86
87
87
76
86
89
81
70
77
71
84
72
89
72
70
80
80
73
71
62
88
97
74
85
77
93
76
68
71
84
82
62
69
82
80
77
80
87
86
78
87
75
72
84
86
72
78
90
69
65
74
88
89
78
67
73
84
68
71
80
80
76
61
64
68
64
67
72
70
83
71
80
80
78
71
60
85
90
70
59
73
75
86
77
65
70
73
75
83
79
71
75
80
64
74
76
72
65
69
69
64
61
74
79
59
87
87
78
80
74
75
74
72
85
69
91
59
74
80
65
69
71
83
68
70
62
70
76
73
57
75
69
77
89
71
73
76
73
77
58
66
62
71
72
81
103
65
82
95
77
66
73
85
89
74
70
68
64
76
70
74
69
70
71
77
64
55
81
75
91
87
67
76
77
89
61
90
76
68
74
72
74
59
82
90
78
82
72
100
70
83
85
70
75
86
69
57
78
58
76
74
69
66
71
80
83
68
77
72
82
72
75
75
96
77
60
68
71
73
72
81
81
74
85
62
86
80
70
72
62
71
77
78
92
70
103
74
75
80
79
76
64
71
71
76
70
73
79
69
71
78
74
74
84
76
66
58
71
68
69
78
74
83
74
73
70
70
96
82
71
71
77
68
64
64
91
82
82
78
70
85
71
69
71
69
62
71
77
68
63
84
75
78
67
86
71
66
70
70
92
82
62
70
65
85
86
76
87
84
76
92
68
83
93
73
81
87
96
88
83
91
65
92
73
86
68
90
76
84
81
83
68
69
75
81
91
92
90
82
96
59
87
74
70
70
83
89
91
86
84
85
70
93
93
70
96
76
86
70
79
90
75
87
88
84
79
76
85
99
83
70
87
89
89
69
99
92
78
105
96
108
98
88
85
97
62
81
104
82
87
103
98
97
81
82
84
94
80
94
94
81
89
84
97
86
101
101
83
97
85
90
108
95
100
95
91
97
87
82
119
84
101
98
96
87
98
89
96
96
96
96
79
100
91
90
97
92
88
95
79
68
88
88
104
109
93
103
69
96
87
94
95
83
77
83
89
77
100
92
94
98
98
100
106
112
111
94
96
86
78
97
100
89
102
100
108
96
87
99
111
109
94
92
113
97
104
92
109
110
102
105
116
96
85
94
102
99
99
82
99
108
101
82
97
121
99
89
114
92
82
98
99
124
92
110
91
87
106
101
92
97
88
85
94
107
100
89
104
110
84
86
98
93
84
91
86
94
102
81
100
94
98
97
103
89
106
74
81
103
91
96
90
81
101
70
104
83
90
88
96
88
75
90
91
106
97
89
94
97
89
94
90
99
87
66
94
77
93
86
100
99
98
102
78
97
99
75
88
94
87
86
85
94
92
99
81
91
95
86
90
99
88
95
80
90
92
86
78
100
88
100
82
103
69
70
74
95
94
76
91
79
91
93
74
90
95
87
80
95
88
83
91
68
90
80
96
72
93
89
90
95
77
78
97
89
108
99
77
86
113
67
73
83
91
79
87
90
88
82
90
75
82
81
88
86
84
88
87
84
76
86
67
95
85
93
74
95
74
71
68
81
80
83
88
94
83
85
69
74
83
72
73
78
81
80
84
91
81
63
89
79
72
75
87
73
81
83
88
81
84
85
98
95
80
90
83
96
91
83
60
69
89
75
78
74
77
63
84
77
78
89
76
74
91
70
90
88
93
77
67
77
81
76
99
98
83
84
94
81
83
75
81
96
89
82
77
91
75
80
94
82
85
75
86
82
86
79
61
96
75
80
73
85
77
76
71
80
76
65
84
67
72
74
81
77
96
77
69
71
78
90
77
69
77
78
76
87
83
75
79
69
74
65
70
65
67
78
71
86
71
68
96
78
64
70
67
74
54
85
67
61
64
98
71
44
87
72
72
75
63
64
66
58
75
62
69
69
53
65
62
74
65
65
62
79
63
79
66
70
85
68
66
48
56
74
67
68
64
66
65
71
68
76
75
65
77
72
68
55
68
60
76
68
52
68
63
65
60
55
79
63
57
64
52
69
49
55
69
60
56
69
53
62
46
61
42
70
70
56
62
60
58
71
51
60
55
51
65
63
70
69
60
60
59
53
60
68
49
50
67
62
55
57
66
48
64
50
73
62
72
57
54
59
62
45
44
49
58
55
62
59
50
50
64
56
58
47
47
50
55
65
55
44
58
51
39
52
40
66
48
50
51
35
66
54
33
38
52
52
50
59
49
41
47
49
49
47
40
46
43
51
50
47
50
49
59
45
57
46
43
48
49
61
55
38
41
42
53
48
53
51
44
39
55
45
44
52
42
54
42
48
40
40
51
35
34
44
50
45
34
48
39
37
54
41
41
27
48
43
45
53
52
59
47
47
34
37
44
39
47
35
42
43
44
44
59
37
46
38
35
44
39
42
38
49
40
37
45
47
51
39
45
51
53
38
54
25
48
41
46
50
40
42
48
43
47
52
50
45
38
38
43
46
46
42
36
36
33
48
42
58
43
41
49
42
34
35
47
34
44
41
47
49
49
53
39
50
46
45
52
54
42
37
30
31
41
45
45
32
49
34
41
43
47
26
37
37
43
41
53
38
39
42
49
35
38
31
51
40
47
41
41
45
42
38
35
44
36
49
49
56
34
35
52
43
49
53
43
38
45
35
57
45
36
51
53
34
31
37
40
37
44
44
44
44
36
47
44
44
53
41
29
42
34
36
45
34
45
44
43
36
49
34
46
63
40
49
44
39
45
38
43
45
41
36
38
54
40
41
43
35
43
46
40
49
43
45
44
44
39
29
50
46
35
48
55
43
34
45
43
48
41
59
49
45
46
40
56
45
31
31
37
47
44
47
48
42
40
40
44
44
38
58
40
41
38
59
42
46
42
46
49
51
53
54
46
45
45
45
46
47
51
62
61
38
45
39
41
37
50
46
46
41
43
45
53
44
44
39
51
44
42
33
36
48
43
47
44
54
40
42
51
37
53
44
46
43
56
60
46
46
50
42
53
56
42
43
49
43
49
53
47
59
47
48
46
43
65
51
53
40
47
53
45
56
44
32
49
60
47
44
41
44
50
50
60
44
45
55
41
48
48
40
49
54
53
44
48
54
55
58
42
59
44
62
56
52
53
45
53
53
36
59
48
54
52
51
51
69
44
52
48
50
55
56
46
61
51
66
65
43
56
62
50
48
51
41
49
57
55
54
47
46
60
46
49
41
46
51
51
49
62
47
49
58
47
52
40
60
53
48
57
41
66
55
60
53
53
69
68
59
43
41
49
61
58
56
68
58
61
55
63
57
68
67
56
46
52
52
46
50
66
73
54
57
63
57
57
49
53
53
63
47
47
50
58
56
55
66
49
77
68
57
54
72
54
57
61
50
64
52
66
61
62
58
53
45
64
53
63
70
55
62
61
58
55
58
67
56
63
49
55
63
47
65
67
53
68
50
58
65
54
70
58
53
60
55
54
58
79
63
55
59
56
70
70
62
69
53
59
56
65
56
62
50
63
62
59
59
54
76
73
54
66
73
52
61
54
54
66
76
57
72
53
59
59
59
38
56
48
52
56
62
40
54
56
57
59
71
53
47
60
64
72
42
60
57
69
53
46
59
56
60
62
61
61
38
68
50
59
56
44
75
51
63
56
48
58
64
60
63
62
51
57
66
63
53
56
66
44
52
52
60
58
81
54
52
58
67
61
64
50
66
50
67
51
51
45
58
54
67
61
55
59
50
54
48
51
60
58
48
69
59
56
53
46
56
49
46
46
63
74
49
51
61
54
51
56
65
52
48
61
52
42
53
53
56
51
64
66
38
53
53
53
53
64
50
65
41
52
38
59
46
58
53
55
42
57
48
42
55
45
38
56
58
46
54
41
55
63
45
48
60
45
37
50
66
51
56
44
56
49
26
46
45
50
45
37
46
31
53
51
41
50
46
40
57
30
38
45
47
43
50
44
45
43
43
47
52
50
44
47
50
30
41
35
50
41
48
42
45
39
31
52
42
36
50
50
39
44
48
51
45
54
40
49
43
40
30
44
48
45
39
35
41
42
46
46
39
40
48
45
34
54
44
44
40
47
43
46
53
50
41
48
51
35
36
53
53
35
38
47
39
42
49
43
40
45
49
44
37
41
42
37
53
43
45
38
43
39
41
39
39
36
33
48
58
43
42
40
41
38
39
34
43
38
28
34
33
39
38
42
42
44
44
43
43
42
22
45
35
28
36
39
49
33
33
33
40
36
35
35
35
21
47
23
25
33
39
38
38
39
33
40
38
35
32
33
46
32
37
33
29
39
27
37
30
27
37
32
38
37
28
43
50
39
40
39
43
41
48
27
43
47
44
47
34
35
35
48
48
33
43
33
25
38
38
38
34
36
53
41
33
33
38
35
33
38
37
40
35
33
42
27
38
32
40
48
38
36
34
30
22
28
33
25
49
44
23
37
38
43
40
36
35
30
32
39
35
35
34
44
39
47
41
43
36
33
33
21
38
35
33
49
35
38
44
50
35
34
32
52
42
32
32
39
32
25
43
40
49
29
29
31
25
38
35
35
33
39
35
38
36
35
38
33
41
39
35
36
31
38
33
31
33
38
28
34
45
39
42
36
27
46
43
33
38
39
29
41
37
37
40
42
31
38
26
31
36
43
40
41
28
36
38
38
34
36
40
43
34
33
27
31
33
39
50
19
37
44
40
41
39
43
35
32
43
41
36
42
33
38
27
41
35
33
34
37
32
37
39
46
34
47
42
44
30
36
38
37
44
40
38
29
33
44
41
32
34
35
27
45
36
41
41
36
36
32
45
40
41
36
29
27
37
30
43
48
31
42
41
32
39
29
38
36
29
37
42
33
31
38
44
45
31
33
42
34
39
35
36
32
36
41
38
31
45
30
28
31
31
34
30
32
33
33
34
37
32
30
35
32
23
38
24
43
32
37
44
34
31
29
32
43
38
34
44
28
40
34
29
33
37
42
32
35
36
27
37
32
33
38
43
42
32
28
37
38
34
35
31
43
33
35
20
49
39
36
36
28
37
35
41
27
37
38
29
33
31
22
38
41
41
36
26
44
41
30
26
34
37
23
26
38
43
40
41
46
31
40
36
29
49
30
35
38
46
44
38
34
30
33
45
31
41
36
36
28
38
42
28
31
24
31
32
33
38
24
31
36
35
36
37
32
35
23
27
37
41
28
38
29
39
37
25
46
29
32
30
41
38
34
39
31
38
31
32
45
38
34
27
34
44
31
39
31
39
29
44
31
34
35
40
38
35
34
40
44
18
36
23
25
33
37
26
28
35
31
42
38
31
35
23
27
27
33
34
29
29
30
19
29
24
28
27
31
26
34
34
36
34
24
29
52
36
26
30
36
33
34
32
38
22
36
25
29
22
24
29
28
33
24
31
41
28
32
35
37
29
28
35
35
33
26
24
35
21
35
30
34
25
28
24
32
34
20
33
33
23
24
21
37
24
32
41
23
34
30
29
35
32
27
25
26
26
27
19
24
32
30
31
26
31
27
34
21
31
23
26
20
30
18
29
28
26
27
25
29
28
18
30
36
31
33
25
34
23
22
24
29
33
28
32
25
28
42
30
21
26
22
28
18
26
37
23
24
26
25
24
31
25
32
23
33
29
19
28
30
37
30
35
35
43
15
30
20
22
22
19
28
32
25
25
28
33
19
22
16
25
23
28
28
34
25
25
31
23
30
29
33
34
22
27
33
30
19
26
32
24
35
28
22
23
26
19
22
20
15
23
20
34
26
24
37
16
26
24
21
19
33
18
22
23
24
16
26
16
23
26
14
23
29
31
25
32
17
28
24
21
30
27
25
18
21
27
23
28
24
22
23
26
25
30
36
24
20
28
27
24
19
27
26
28
29
29
23
23
31
20
29
24
22
29
26
19
24
23
31
27
23
26
32
27
14
19
32
24
24
23
20
24
27
32
22
31
19
14
30
23
30
23
15
23
31
32
26
20
32
32
36
29
18
23
24
27
21
25
35
32
31
24
27
26
32
22
25
19
20
26
27
12
28
29
26
31
35
23
23
27
26
24
29
29
28
34
23
24
29
20
24
18
22
24
29
29
23
23
32
21
26
23
25
20
35
32
21
17
30
25
33
25
28
28
31
20
21
37
27
26
41
20
31
22
20
22
27
34
27
24
28
24
19
35
26
22
26
26
29
22
26
22
23
34
29
30
30
28
26
22
22
19
29
40
29
32
25
32
20
19
27
40
27
33
27
28
32
24
29
41
26
38
19
27
30
18
25
42
25
31
19
31
29
30
27
21
27
32
31
24
22
23
29
24
32
26
30
29
28
27
19
38
29
47
25
28
27
28
26
26
28
32
33
28
25
23
30
35
31
29
35
34
21
26
32
27
41
26
31
36
32
33
34
26
30
26
28
39
24
30
28
26
28
36
34
22
34
34
32
26
29
27
27
35
21
23
25
24
29
31
34
24
22
26
27
33
30
25
33
32
33
33
24
29
26
20
30
27
28
23
31
31
29
39
34
35
26
29
25
38
29
29
39
35
37
28
30
29
26
26
31
22
41
26
29
29
43
36
38
40
23
29
31
35
29
34
27
37
39
24
27
29
31
36
27
35
26
23
33
34
44
33
40
38
25
42
26
37
31
44
35
47
21
31
35
31
27
29
25
36
26
25
30
37
41
25
29
33
43
30
38
29
34
43
29
29
37
27
29
31
42
33
26
28
33
43
29
31
34
29
33
41
31
46
36
29
27
34
30
37
32
29
34
39
33
39
45
27
34
33
43
41
29
34
37
37
32
35
43
39
35
39
42
33
35
45
35
26
30
37
32
39
24
37
28
38
28
36
41
39
40
40
34
35
37
43
36
40
50
41
44
29
29
46
38
48
46
35
32
39
37
41
32
31
35
35
31
38
37
41
28
42
46
27
48
39
48
42
37
38
39
35
32
39
45
35
42
35
50
29
46
37
49
37
30
54
47
36
40
36
30
51
41
42
36
37
38
41
45
47
42
44
42
36
38
46
43
47
45
37
39
47
36
47
51
50
51
60
48
41
56
48
56
49
49
44
43
48
44
32
34
40
38
59
43
34
46
49
58
35
50
48
43
42
63
47
47
41
57
47
51
60
49
47
52
52
50
45
60
61
52
61
42
48
35
40
36
65
55
49
59
42
57
59
40
45
56
60
62
52
44
56
49
65
54
56
56
51
51
48
62
41
50
48
52
44
53
46
47
52
49
48
63
51
48
51
45
71
50
55
57
55
56
60
63
65
53
57
62
60
48
58
49
52
79
56
47
51
65
63
52
51
60
58
57
54
65
40
54
46
42
59
67
66
55
57
60
50
58
65
53
60
41
62
76
61
46
59
72
57
59
51
47
55
55
40
56
58
59
55
68
73
57
58
47
66
49
51
65
62
61
57
54
63
67
46
67
64
73
62
68
68
78
65
52
58
65
58
62
57
76
61
54
50
59
57
65
72
63
53
62
68
69
59
54
64
75
53
68
63
52
76
46
48
59
62
60
65
62
67
61
63
71
45
55
62
55
55
49
47
68
52
73
74
48
48
55
54
46
61
58
50
56
50
57
45
63
48
47
63
61
72
43
48
55
56
60
54
48
52
55
55
67
57
60
56
52
53
54
48
51
61
50
46
46
56
55
69
51
51
62
45
45
58
42
52
46
49
37
48
48
57
53
52
52
58
38
58
52
46
48
42
55
43
45
49
41
53
62
30
47
46
48
60
46
44
48
42
45
42
41
43
46
55
41
34
50
35
32
55
47
46
43
36
50
37
43
41
45
35
48
36
53
37
44
37
42
45
40
43
44
42
40
28
35
45
36
47
48
42
30
55
33
34
34
44
48
48
39
36
24
31
35
39
36
37
31
34
26
38
31
38
36
41
30
37
31
42
33
31
30
31
41
38
30
32
40
32
38
28
39
35
32
35
30
35
33
22
23
33
34
26
30
35
28
27
31
29
21
17
35
37
26
28
29
25
24
21
37
35
37
32
18
27
24
29
25
24
32
22
29
23
26
27
28
22
24
20
22
33
17
33
28
24
26
30
28
32
26
33
25
36
23
24
23
32
29
35
32
27
30
16
16
27
26
26
36
22
27
23
29
27
20
21
31
25
32
21
22
17
23
31
22
27
20
18
21
9
19
25
24
19
16
17
17
16
29
15
20
29
21
18
17
20
20
18
23
27
19
22
21
22
23
25
23
19
24
19
24
27
20
20
13
25
19
27
19
22
20
21
21
23
22
29
26
27
20
21
14
12
15
24
15
17
27
16
18
24
30
21
18
15
18
15
20
27
27
22
23
29
16
12
21
10
17
15
27
12
20
21
23
22
25
20
11
30
19
16
22
24
21
17
16
23
16
20
18
25
23
20
19
12
14
20
22
16
15
51
78
69
76
75
76
97
84
54
89
73
78
72
59
61
99
76
70
76
74
70
79
58
56
75
59
83
68
69
58
66
78
75
56
71
56
61
67
78
64
78
71
72
60
61
70
67
71
53
64
87
65
47
64
67
63
50
70
62
74
70
58
88
69
64
76
64
64
61
58
58
66
61
67
56
54
54
68
74
62
63
48
86
65
62
62
60
59
65
64
53
54
60
47
65
61
65
62
70
59
57
69
49
50
54
49
40
59
49
45
74
54
45
55
54
62
63
53
57
60
47
42
43
60
40
65
60
48
36
51
43
56
59
67
50
43
55
46
48
49
56
50
50
45
44
46
51
51
45
33
47
45
42
48
37
48
42
53
42
40
52
50
44
54
43
51
42
44
39
28
32
49
53
45
31
46
56
42
41
26
48
37
37
52
29
