# Filename : TXT_Files/Acq14400sec_024.Chn
# MCA detector ID: 1
# Start time : b'00':b'00':b'36'
# Start date : b'03Oct221'
# No channels : 8192
# Live time : 716361
# Real time : 720000
# En cal factors A + B*x + C*x*x
# A : 0.0
# B : 1.0
# C : 0.00
0
0
0
0
0
0
0
0
0
0
0
0
0
0
0
0
0
0
0
0
0
0
0
0
0
0
0
0
0
0
0
0
0
0
2
2
8
75
240
397
381
373
408
406
399
443
423
378
425
441
454
427
443
428
472
421
479
454
427
481
422
476
464
485
484
447
462
461
477
464
463
488
513
484
469
479
513
476
515
522
495
532
515
515
521
480
500
526
530
514
505
546
552
602
533
522
593
578
598
576
615
611
555
658
624
640
631
611
636
686
667
677
698
665
694
727
651
691
730
678
698
723
756
761
718
755
751
774
780
782
794
802
791
849
794
760
782
776
830
797
782
830
807
813
844
779
826
877
867
796
818
772
797
869
796
782
751
814
741
801
822
771
772
789
716
804
695
758
795
770
796
762
832
831
794
843
808
783
757
764
741
790
807
816
776
843
867
855
792
832
831
831
834
908
897
893
852
880
878
907
873
908
945
911
957
941
997
983
967
1039
1010
1020
1053
1009
1056
1105
1037
1085
1016
1073
1031
1105
1125
1112
1122
1138
1111
1088
1083
1147
1125
1132
1160
1163
1188
1188
1226
1236
1237
1265
1282
1187
1261
1290
1303
1345
1317
1350
1277
1238
1361
1375
1403
1407
1413
1445
1398
1436
1463
1475
1533
1441
1538
1471
1492
1426
1489
1515
1490
1611
1562
1606
1599
1692
1633
1716
1677
1637
1701
1720
1703
1790
1786
1815
1700
1833
1743
1826
1730
1812
1955
1888
1890
1960
1904
1943
1940
2017
1981
2044
1995
2093
2047
2089
2023
2031
2118
2157
2114
2198
2153
2197
2164
2159
2275
2226
2269
2265
2344
2196
2233
2290
2365
2336
2323
2408
2409
2291
2334
2312
2478
2432
2499
2397
2542
2455
2436
2459
2432
2568
2511
2538
2534
2547
2607
2658
2631
2551
2639
2640
2648
2685
2772
2821
2754
2736
2765
2774
2812
2781
2868
2797
2817
2913
2938
2876
2958
2941
2878
2986
3003
2966
3032
3072
3176
3157
3092
3134
3206
3091
3129
3165
3073
3241
3228
3214
3224
3247
3161
3275
3223
3325
3431
3278
3283
3271
3294
3242
3234
3271
3350
3242
3375
3326
3321
3286
3304
3356
3322
3289
3320
3324
3262
3281
3268
3226
3193
3355
3241
3252
3164
3204
3121
3199
3224
3165
3235
3239
3131
3272
3212
3137
3143
3106
3175
3163
3074
3188
3235
3249
3195
3203
3164
3141
3216
3184
3116
3042
3110
3182
3178
3116
3263
3145
3279
3273
3253
3258
3163
3359
3392
3231
3172
3141
3179
3156
3124
3240
3292
3183
3289
3320
3296
3145
3229
3183
3204
3223
3309
2998
3270
3215
3199
3215
3146
3161
3267
3155
3206
3163
3183
3214
3122
3152
3077
3077
3157
3122
3139
3186
3116
3053
2997
3215
3155
3076
3088
3230
3137
3091
3074
2964
3050
3040
3057
3054
3044
3012
3071
3042
3071
3023
2930
3040
3118
2987
3036
2948
2964
3018
2943
3008
2953
3129
2961
3043
2922
2996
2977
2934
2961
2954
2945
2961
2965
3012
2919
2950
2928
2902
3053
2944
2867
2898
2921
2974
2986
2887
2879
2938
3012
2870
2891
2878
3004
2930
2852
2881
2942
2885
2834
2813
2916
2920
2819
3024
2941
2872
2949
2849
2871
2863
2822
2740
2885
2945
2878
2812
2754
2812
2860
2822
2756
2923
2894
2737
2829
2810
2842
2784
2822
2824
2773
2873
2771
2762
2809
2836
2717
2776
2826
2776
2730
2859
2790
2771
2823
2797
2658
2673
2666
2775
2700
2714
2802
2705
2802
2794
2773
2719
2720
2747
2724
2728
2662
2763
2728
2767
2760
2778
2702
2696
2629
2559
2713
2600
2642
2691
2613
2622
2752
2734
2800
2688
2623
2678
2619
2591
2659
2621
2666
2620
2683
2502
2586
2596
2585
2682
2531
2712
2614
2590
2613
2636
2583
2581
2546
2484
2484
2628
2601
2672
2550
2583
2528
2636
2513
2391
2451
2537
2535
2468
2468
2528
2474
2584
2514
2373
2485
2453
2479
2384
2538
2409
2336
2498
2409
2455
2429
2486
2508
2387
2445
2377
2439
2478
2354
2461
2387
2328
2391
2316
2401
2375
2323
2389
2329
2365
2319
2289
2359
2312
2308
2299
2289
2348
2350
2333
2285
2284
2337
2325
2247
2286
2335
2240
2255
2206
2147
2306
2349
2251
2289
2261
2238
2240
2297
2224
2329
2297
2215
2278
2309
2293
2236
2215
2151
2228
2157
2213
2239
2261
2214
2210
2227
2230
2219
2224
2198
2210
2167
2099
2296
2206
2193
2123
2183
2170
2121
2186
2156
2216
2233
2177
2165
2138
2071
2165
2092
2086
2143
2106
2116
2163
2123
2127
1983
2178
2167
2039
2134
2128
2125
2094
2061
2090
2066
2056
1995
2044
2032
2079
2071
2119
1999
2022
2101
2099
1973
1980
1993
2089
1989
2104
2034
2019
1970
1928
1991
1945
2085
1895
1944
2091
2074
2041
1890
1981
1949
1944
1874
1994
1927
1925
1951
2014
1911
1900
1872
1870
1879
1876
1890
1889
1943
1912
1892
1855
1902
1904
1888
1892
1909
1835
1820
1874
1869
1885
1813
1774
1810
1871
1838
1816
1820
1877
1783
1769
1792
1852
1788
1795
1788
1851
1789
1892
1887
1740
1767
1849
1773
1777
1797
1789
1806
1724
1801
1779
1757
1794
1736
1815
1792
1735
1763
1802
1752
1724
1717
1736
1784
1736
1668
1641
1725
1766
1748
1704
1706
1735
1678
1790
1732
1706
1716
1697
1719
1689
1678
1729
1669
1684
1692
1675
1633
1731
1681
1714
1641
1681
1731
1662
1689
1663
1712
1690
1729
1693
1675
1689
1611
1638
1692
1632
1677
1606
1581
1654
1629
1665
1648
1695
1686
1637
1719
1654
1692
1691
1691
1562
1658
1622
1585
1619
1646
1630
1625
1628
1667
1684
1686
1690
1608
1631
1610
1648
1653
1679
1632
1651
1616
1588
1590
1614
1636
1541
1599
1556
1604
1562
1501
1582
1615
1578
1613
1525
1551
1558
1529
1589
1503
1571
1592
1561
1525
1509
1440
1549
1531
1497
1488
1535
1463
1508
1530
1524
1469
1520
1496
1490
1418
1503
1517
1395
1470
1447
1452
1438
1523
1476
1437
1490
1399
1460
1411
1461
1427
1344
1466
1442
1461
1474
1426
1353
1439
1413
1379
1449
1360
1385
1420
1397
1401
1404
1370
1415
1384
1364
1361
1366
1368
1364
1372
1345
1408
1386
1381
1361
1420
1365
1318
1411
1371
1376
1342
1355
1403
1317
1338
1331
1331
1348
1312
1355
1356
1312
1334
1384
1359
1301
1372
1416
1376
1388
1327
1322
1384
1316
1275
1297
1359
1314
1325
1286
1294
1263
1297
1319
1295
1304
1344
1287
1290
1264
1288
1260
1290
1227
1291
1304
1229
1260
1250
1215
1312
1279
1290
1226
1278
1339
1242
1245
1356
1278
1270
1288
1287
1201
1199
1247
1332
1214
1229
1239
1218
1263
1272
1280
1327
1211
1217
1274
1262
1206
1210
1256
1279
1265
1256
1241
1242
1231
1213
1205
1223
1257
1260
1180
1204
1234
1223
1243
1091
1240
1244
1196
1247
1229
1144
1158
1209
1241
1201
1283
1293
1286
1217
1272
1289
1300
1255
1237
1258
1240
1209
1287
1218
1249
1219
1226
1276
1257
1315
1293
1303
1289
1261
1269
1281
1309
1380
1321
1292
1206
1257
1326
1300
1277
1295
1328
1294
1304
1266
1237
1326
1256
1312
1294
1321
1295
1310
1250
1277
1308
1214
1254
1211
1240
1257
1291
1219
1306
1265
1278
1279
1275
1339
1314
1279
1264
1277
1349
1255
1290
1216
1248
1278
1202
1300
1240
1229
1244
1234
1230
1243
1239
1240
1228
1195
1245
1283
1216
1203
1188
1171
1186
1157
1167
1142
1124
1078
1213
1164
1176
1167
1155
1069
1137
1084
1159
1093
1120
1133
1137
978
1102
1058
1091
1051
1135
1074
1033
1017
1063
1113
1026
1036
1016
1025
1038
997
1046
982
1023
956
935
980
952
995
968
949
938
908
948
978
950
965
958
939
914
908
890
926
940
929
905
931
915
916
910
888
924
867
878
904
870
897
844
901
835
894
844
841
811
833
894
845
837
876
879
832
845
828
762
868
836
809
849
761
868
821
858
837
846
821
843
815
766
832
838
779
804
780
824
753
804
762
784
848
803
800
813
790
811
781
797
760
838
826
795
783
802
741
786
749
772
802
793
761
742
781
774
799
744
789
808
751
744
777
808
728
762
778
784
735
787
754
746
805
756
797
731
771
774
823
786
756
714
784
745
762
736
761
739
713
746
799
805
750
725
712
747
740
694
752
759
727
769
735
725
755
718
745
777
671
757
701
739
786
773
706
699
739
743
719
745
713
770
710
771
774
725
749
708
741
704
754
773
758
756
744
712
746
762
721
751
761
735
721
754
722
786
689
729
716
702
693
762
735
697
768
722
767
712
737
743
736
728
752
736
753
740
750
711
708
764
764
716
692
736
765
695
684
748
731
718
749
752
707
737
750
684
679
679
695
684
711
700
732
690
690
735
692
679
689
668
672
732
652
691
665
687
692
679
721
666
745
714
699
641
689
663
677
670
689
670
683
673
662
674
638
645
679
688
632
642
632
713
666
688
690
665
609
642
629
686
629
691
645
606
684
605
630
625
653
655
558
588
661
631
606
644
613
603
617
641
623
604
551
561
596
616
618
618
608
592
547
604
576
534
562
525
572
573
600
573
579
548
611
562
556
587
574
564
589
585
552
598
604
561
503
526
538
525
570
516
552
560
522
556
544
534
551
518
505
564
555
525
543
588
556
527
527
539
528
527
538
557
531
518
561
511
556
529
532
487
537
510
572
500
500
545
552
509
539
567
517
485
493
563
504
513
524
536
563
554
533
530
490
525
572
569
534
515
564
538
560
564
534
535
553
492
532
557
512
580
549
533
528
519
551
520
510
524
572
547
501
499
564
536
554
570
574
532
518
578
577
540
556
563
551
579
576
561
536
607
563
542
565
506
583
568
582
537
561
554
543
569
613
533
542
593
552
518
589
561
574
570
535
566
587
569
551
572
546
617
586
569
599
582
529
600
583
617
567
554
574
541
604
567
542
571
566
576
610
586
601
589
609
609
606
584
601
567
562
574
645
577
585
590
604
588
594
551
577
636
566
551
573
557
559
553
608
575
575
578
580
570
546
573
581
591
553
603
549
565
583
542
582
545
602
545
586
562
533
571
534
573
499
541
515
516
556
576
580
558
513
561
517
529
544
566
513
545
534
517
500
531
535
521
528
492
506
534
529
546
486
506
530
516
495
547
496
483
511
520
460
462
453
482
521
428
446
473
459
481
479
445
454
473
518
427
457
436
492
464
434
472
456
424
433
489
437
450
455
426
435
435
439
399
424
416
401
426
451
392
420
394
420
403
399
423
408
410
392
419
400
396
409
402
395
408
354
404
366
393
381
370
387
392
376
340
383
331
338
345
361
376
342
358
358
363
348
367
352
367
354
335
341
356
334
308
347
328
349
341
317
314
375
334
347
325
361
345
315
349
297
308
357
316
313
301
359
356
339
321
335
356
351
330
332
301
337
308
324
334
329
337
321
359
299
348
305
321
323
347
359
346
335
331
335
298
295
344
312
341
287
350
335
334
336
333
316
339
322
345
318
334
322
336
356
313
324
346
333
339
353
335
306
341
320
350
333
308
332
335
373
334
345
343
333
319
315
354
356
344
314
347
312
324
332
319
309
333
335
326
358
324
342
344
354
339
337
336
346
380
345
358
369
306
357
354
344
341
368
338
359
339
327
346
392
379
378
376
358
358
368
359
391
354
359
324
364
359
376
375
374
370
346
346
372
366
345
376
391
378
364
347
368
351
377
368
361
365
381
364
386
368
371
385
360
422
389
399
360
386
365
329
377
364
390
393
395
402
421
400
354
399
372
377
373
360
354
390
347
391
359
367
380
379
392
389
399
365
374
376
383
376
402
350
376
382
378
345
382
380
357
395
352
365
375
350
390
381
400
360
382
391
360
361
368
390
331
328
352
366
349
370
360
342
356
364
357
388
360
375
349
361
344
349
365
356
330
372
339
341
337
308
355
340
363
348
318
333
322
312
333
315
316
308
323
329
295
341
334
315
323
313
336
309
294
310
317
325
317
310
316
264
336
290
294
292
307
286
309
306
289
300
274
265
264
303
292
279
299
284
300
268
293
267
279
300
272
280
296
284
257
268
263
295
256
242
280
285
250
244
254
274
271
265
247
269
261
282
296
251
216
262
251
213
234
243
292
265
247
243
234
281
246
237
260
245
231
267
227
256
244
248
227
240
254
263
223
233
260
232
238
242
219
266
265
226
244
247
248
243
214
220
250
242
221
234
215
244
250
235
226
219
264
238
219
257
257
248
222
245
262
239
242
258
246
235
230
224
233
229
245
218
228
245
214
232
212
250
199
255
250
223
233
271
225
231
213
243
241
256
216
251
215
218
230
239
214
242
214
238
241
244
237
256
237
218
215
215
229
274
247
233
237
210
222
229
227
243
208
225
240
228
225
238
234
222
263
243
248
220
236
218
222
255
224
215
245
215
209
242
240
190
222
261
224
218
248
213
239
215
224
219
203
198
216
253
253
248
226
248
205
226
206
238
210
249
234
217
239
220
232
213
226
225
232
206
200
238
205
223
207
213
237
218
227
236
248
231
223
202
225
212
225
233
221
249
222
209
242
230
232
210
223
202
226
211
243
226
223
212
208
239
213
217
203
233
200
222
228
246
209
230
197
193
249
208
215
217
225
210
248
224
209
209
216
196
185
223
232
228
208
197
215
231
195
203
211
221
215
225
217
225
233
204
214
243
212
195
220
234
202
214
227
224
214
214
219
208
224
194
220
212
212
206
212
202
221
226
231
182
212
231
213
224
217
207
219
195
224
196
200
235
229
219
209
230
233
202
232
220
229
227
221
205
193
234
211
199
205
204
227
224
206
203
214
201
211
193
182
224
194
192
214
197
187
231
197
226
239
195
221
210
205
243
210
204
209
227
220
196
217
219
212
237
232
238
251
217
239
194
219
205
227
253
193
229
211
208
217
223
196
218
214
222
227
233
210
190
220
207
230
200
208
221
208
229
224
209
192
238
257
220
224
210
225
209
225
216
215
224
211
197
218
223
211
213
203
184
213
217
217
218
217
215
214
205
226
184
216
203
220
208
205
211
194
213
230
202
200
220
202
219
229
172
217
195
227
215
187
194
214
223
197
233
208
203
186
219
206
178
201
235
188
203
198
222
207
201
189
184
203
192
226
208
219
194
179
202
172
187
201
190
180
165
202
221
217
196
173
195
172
165
186
189
164
191
219
181
185
195
177
187
198
189
191
209
211
180
174
177
173
181
181
180
181
195
195
194
184
196
190
199
186
173
195
191
183
190
186
171
191
179
195
183
178
200
187
168
179
181
181
160
194
166
170
161
177
162
159
174
158
165
182
178
171
178
184
186
186
183
176
182
180
184
169
161
187
161
185
161
178
169
154
200
162
179
161
176
180
174
164
179
202
171
209
186
190
169
186
175
190
167
176
198
178
176
184
186
187
183
209
172
171
170
183
165
169
166
192
189
182
172
183
198
164
164
191
175
196
174
185
187
177
174
185
182
166
181
180
187
179
189
156
146
192
180
164
174
198
179
191
176
173
168
206
197
163
211
191
186
194
203
197
191
205
173
200
187
165
201
212
203
208
211
202
196
195
185
221
178
206
189
205
191
190
212
182
172
222
218
214
196
197
231
216
196
208
206
220
180
206
167
194
206
199
199
174
225
176
218
212
205
210
226
220
205
194
209
220
215
193
203
225
215
223
208
221
228
238
209
249
217
217
213
183
215
210
212
209
233
219
224
208
245
225
229
224
234
256
236
223
211
222
232
221
221
236
227
234
217
223
204
228
235
234
225
229
230
209
247
235
250
237
239
239
237
234
240
228
246
261
268
252
248
248
242
251
258
231
239
255
246
228
262
253
240
258
264
231
258
252
226
246
244
260
226
246
276
246
244
259
244
270
236
275
248
244
247
262
258
247
247
264
240
261
252
280
280
237
283
261
286
263
252
272
252
264
241
277
261
243
261
233
252
232
233
278
270
269
259
260
291
258
245
261
231
269
256
251
260
279
275
293
284
240
266
314
277
249
272
321
247
259
276
287
272
249
281
275
277
269
306
280
261
255
262
249
284
229
252
281
277
266
258
261
245
252
290
243
254
273
248
273
242
265
243
252
240
267
269
255
258
250
245
272
255
275
264
265
248
276
251
266
267
273
252
223
234
258
264
260
249
246
250
233
254
260
267
249
249
245
243
232
254
244
240
276
250
274
227
258
221
225
265
272
212
231
242
258
250
224
203
231
252
250
216
251
248
229
225
213
237
232
216
248
208
187
210
229
201
216
215
224
222
244
239
214
248
228
211
231
202
194
189
206
205
222
189
194
202
188
200
182
163
214
200
206
202
200
189
194
174
177
196
206
189
199
182
210
185
198
187
205
206
186
203
186
176
181
180
151
156
176
176
169
171
156
173
186
131
161
147
167
178
183
150
187
169
190
169
171
181
150
164
144
154
170
135
141
164
128
153
149
164
154
151
141
151
153
136
149
145
151
134
137
138
131
138
148
129
165
142
159
141
145
126
130
120
127
128
133
132
142
149
128
139
151
126
139
132
115
126
124
143
137
129
135
136
120
119
118
126
113
135
111
130
122
119
135
131
116
124
118
125
114
110
95
120
128
133
114
118
128
115
122
114
129
109
113
106
132
123
116
112
106
103
122
122
103
105
114
122
99
110
112
124
97
106
96
109
117
104
108
115
118
129
117
122
123
109
112
85
119
106
106
110
132
116
114
109
108
105
129
125
95
109
108
98
125
126
107
113
101
113
114
109
107
134
87
110
98
109
98
116
119
126
102
108
109
116
106
129
115
104
104
122
125
100
127
106
108
99
103
124
92
117
104
117
102
123
107
109
100
96
115
95
121
125
101
96
110
93
111
102
105
121
109
117
113
95
102
97
114
98
116
97
112
91
108
121
112
99
103
96
111
90
124
103
76
118
113
108
88
110
113
100
118
122
106
106
102
112
111
120
88
86
116
111
107
95
103
101
106
98
86
119
89
103
86
106
98
115
79
123
105
101
101
117
100
97
96
109
96
102
97
103
111
100
103
106
102
100
103
114
88
96
82
97
95
100
103
109
109
99
96
96
77
111
85
86
117
99
91
98
116
89
91
110
94
112
107
104
115
112
111
84
90
124
111
107
110
114
97
99
96
94
84
83
101
98
112
89
102
96
111
89
101
86
107
106
97
99
89
92
110
92
96
102
101
110
103
95
84
100
109
108
98
105
97
95
106
80
90
113
104
98
96
95
97
85
94
102
87
78
103
89
91
97
84
101
98
118
98
117
114
91
98
95
103
104
133
87
91
105
97
90
96
96
93
99
88
83
103
100
83
96
87
102
97
99
112
106
88
108
110
105
95
85
97
91
114
103
91
81
96
98
91
113
102
93
105
93
91
96
88
90
84
103
90
92
95
107
88
93
118
108
99
113
87
116
113
72
97
92
98
103
84
93
91
109
114
105
107
106
115
108
89
96
95
93
84
103
101
100
106
109
95
101
85
97
119
98
107
90
100
95
105
96
111
85
80
98
110
111
90
105
114
90
88
101
116
99
109
87
104
92
96
102
93
88
94
80
102
96
81
115
88
110
97
98
94
92
96
81
126
102
94
90
102
104
114
95
93
104
93
98
98
104
100
82
88
108
84
90
95
101
108
118
107
111
96
106
76
104
90
105
108
92
107
101
108
84
109
122
101
94
87
92
118
88
104
110
98
104
97
84
103
96
93
98
100
82
103
100
95
106
89
104
95
89
95
86
83
94
94
90
99
115
109
102
94
97
89
106
89
100
93
109
87
77
107
98
105
94
99
92
88
93
95
100
97
87
92
90
87
105
95
76
97
96
100
86
86
98
79
98
94
93
98
100
89
106
104
106
103
84
95
99
88
108
97
93
99
108
101
95
102
95
106
101
89
87
99
110
90
103
106
83
102
91
102
89
102
93
97
96
91
102
100
88
104
97
109
78
81
97
102
94
98
101
106
92
114
98
99
102
83
102
95
110
107
93
96
100
88
93
98
102
99
100
96
103
91
99
85
99
93
106
93
89
100
94
92
98
94
101
93
95
109
121
83
81
96
96
92
99
87
110
86
102
108
68
104
105
103
95
77
90
94
91
95
92
114
72
90
81
101
84
105
100
106
89
91
85
76
106
121
105
88
90
77
92
107
86
94
101
92
100
100
97
110
66
101
88
104
89
104
92
90
83
97
89
99
78
99
109
112
100
79
90
105
97
102
86
74
96
91
103
103
96
99
94
87
106
78
102
79
90
93
92
89
92
90
88
114
88
94
95
93
78
95
99
96
95
83
74
92
81
81
101
86
92
89
97
92
74
85
97
86
104
86
92
102
87
77
88
82
84
92
82
73
88
75
92
106
94
82
78
82
85
94
81
92
67
101
92
82
78
92
85
85
85
84
71
71
75
80
86
88
82
74
88
84
84
106
78
92
104
86
79
93
85
77
84
72
87
92
73
67
76
97
78
79
76
87
80
85
85
64
82
78
61
93
80
85
84
78
70
87
87
102
78
79
81
83
72
84
77
88
87
92
89
79
76
88
86
104
91
65
64
80
78
85
78
82
97
81
69
85
86
83
65
64
71
75
70
77
72
84
85
72
88
83
84
76
93
76
71
59
80
65
85
84
78
62
83
80
77
71
73
92
84
84
82
78
71
75
71
72
69
84
77
79
70
72
95
89
70
83
68
74
83
79
70
78
75
80
86
88
82
93
74
64
61
69
71
72
76
73
82
64
72
77
72
72
70
70
58
75
70
68
83
79
75
83
72
73
58
81
78
62
59
81
75
72
73
89
71
82
85
87
71
78
62
75
69
76
79
74
61
81
79
84
78
70
75
80
72
71
92
69
61
90
58
61
74
74
78
64
74
58
77
88
78
85
73
65
68
83
77
71
76
68
79
73
66
77
72
89
66
90
73
83
65
79
67
86
68
67
84
77
78
70
61
75
77
73
71
75
66
70
56
80
77
70
78
77
67
89
62
80
77
82
75
75
72
82
65
73
81
69
92
78
70
77
74
70
79
90
50
74
65
58
64
82
63
67
92
62
75
58
75
78
85
64
88
79
70
92
73
72
67
80
70
69
64
84
74
82
74
69
67
87
68
77
81
74
73
85
72
73
71
81
90
87
74
75
62
81
69
80
66
68
61
74
66
82
78
56
68
79
78
75
68
115
73
75
91
67
88
80
72
68
77
65
66
78
77
100
69
75
80
81
75
75
75
78
80
70
76
69
78
85
75
77
76
86
83
67
98
85
80
59
71
75
71
81
65
82
96
89
74
76
71
62
77
69
78
72
76
63
82
83
83
78
65
82
92
81
72
79
66
83
70
76
79
97
98
85
82
71
87
74
84
68
87
87
80
74
67
80
84
89
83
88
75
85
89
95
64
104
86
91
90
69
78
77
76
88
89
93
81
91
71
107
82
85
83
97
81
81
74
89
74
79
73
74
82
93
80
89
84
92
93
81
83
75
87
92
85
88
87
81
89
99
95
98
87
96
88
81
86
89
78
90
93
80
85
87
73
95
80
101
99
118
80
89
89
95
90
91
95
95
89
73
80
95
88
100
98
97
101
100
83
84
83
81
89
101
102
107
98
104
83
93
91
81
94
82
102
74
102
72
94
105
74
91
87
104
103
94
100
109
96
105
92
106
97
97
87
79
92
98
91
89
106
88
110
114
110
83
91
101
80
99
106
104
86
82
95
96
82
103
92
92
106
112
89
87
97
91
107
94
120
99
103
92
103
115
94
96
95
79
87
85
96
90
104
86
101
103
106
80
108
89
86
74
94
97
91
88
83
92
90
69
97
89
87
95
98
98
85
90
88
112
86
98
76
95
97
102
102
80
94
83
117
102
91
96
103
99
105
94
79
89
90
89
110
100
98
88
82
78
89
105
90
73
81
91
89
80
98
77
91
98
83
71
83
90
100
87
87
88
83
83
92
92
99
94
83
95
92
96
91
97
86
63
104
88
107
83
72
96
79
93
74
81
86
82
78
94
97
71
67
88
90
74
75
79
80
96
66
88
72
70
88
94
82
77
89
92
71
90
95
79
82
86
85
78
80
73
76
91
86
77
83
84
86
86
85
86
74
77
77
79
76
70
87
68
93
80
75
80
75
63
81
88
78
92
86
87
83
62
97
87
75
72
87
77
65
72
66
87
82
57
77
77
58
78
81
93
72
76
72
75
78
92
76
78
81
84
58
85
75
72
82
75
81
85
83
89
68
71
88
77
75
80
86
85
96
65
68
81
74
83
77
80
85
101
83
75
95
90
79
64
82
93
69
90
77
59
63
78
66
84
65
86
73
73
81
77
87
89
68
96
75
60
78
82
99
72
71
88
77
80
90
78
72
64
63
68
85
59
77
77
77
73
71
76
78
63
71
81
87
72
72
91
80
80
71
76
81
77
72
74
78
68
91
70
75
71
73
57
90
59
72
64
67
70
72
71
68
73
81
54
77
58
55
78
73
73
67
69
73
79
64
79
77
77
65
68
79
68
67
69
67
65
53
78
77
69
61
80
61
61
58
90
77
63
53
56
87
52
74
76
73
65
65
66
67
59
60
68
62
69
58
61
57
52
63
56
54
54
66
56
61
51
60
52
69
65
47
55
67
65
63
64
77
61
60
56
70
56
62
67
59
54
45
70
60
61
72
45
55
61
66
66
41
55
56
56
57
38
66
65
52
63
51
59
46
53
56
45
49
50
55
50
57
57
48
55
59
49
48
52
49
67
58
55
57
55
44
59
59
50
46
50
52
39
57
42
56
51
51
49
59
47
38
60
46
45
55
53
42
41
53
48
57
46
50
37
54
50
50
51
53
55
46
46
47
48
40
66
43
47
59
38
38
39
33
43
40
47
51
31
46
50
53
44
33
43
50
52
30
45
55
39
48
42
45
42
47
61
41
45
52
34
45
34
48
48
49
38
48
44
53
43
46
47
37
42
44
41
44
58
41
52
47
44
44
43
46
47
47
43
52
40
47
41
44
51
53
38
44
54
40
38
46
51
45
40
41
36
32
42
34
42
50
42
49
43
40
36
52
40
50
59
46
31
45
44
40
34
35
48
47
32
46
41
48
40
47
45
53
39
45
50
31
44
46
54
37
43
41
54
34
41
46
47
34
41
32
32
43
47
40
48
43
47
31
49
52
53
44
31
46
28
45
37
44
37
41
47
54
48
53
49
42
36
37
45
44
45
46
41
50
43
38
43
31
39
36
45
45
42
41
38
47
44
30
60
48
45
35
40
47
36
43
43
39
36
37
45
55
52
51
50
38
36
47
39
45
43
50
50
39
41
33
38
47
51
47
34
30
47
43
36
41
41
44
47
48
48
46
41
42
39
44
37
49
41
37
42
45
37
46
47
48
49
45
37
51
49
39
39
46
42
43
43
53
32
42
48
38
37
38
40
37
36
60
44
43
45
43
43
51
49
59
50
40
51
57
61
38
51
34
42
54
39
35
40
41
50
49
53
44
41
48
37
44
57
42
49
51
41
50
53
50
53
39
43
49
54
49
41
42
42
51
44
45
57
32
34
37
42
54
29
37
44
53
48
39
40
56
38
38
47
47
51
35
46
49
47
46
37
47
43
37
37
50
52
56
38
55
61
45
52
45
41
46
53
46
45
47
43
47
46
49
46
58
47
50
52
43
50
49
40
47
55
48
39
45
56
48
52
46
55
50
60
44
37
68
61
56
42
39
68
33
51
49
42
52
51
54
62
52
54
50
49
47
52
36
40
54
57
47
53
62
52
43
50
66
66
53
54
52
42
49
61
60
55
75
62
52
46
49
52
57
56
49
53
58
47
56
48
59
46
46
58
56
54
49
51
55
50
56
53
62
60
64
56
42
57
62
72
66
55
47
52
63
65
56
58
50
58
61
48
58
44
47
49
57
65
49
69
59
64
53
58
64
70
57
71
60
49
66
54
69
73
68
69
60
62
59
56
63
54
57
70
66
63
68
52
50
60
60
55
64
54
53
61
51
56
75
58
65
68
54
50
61
54
44
68
71
64
62
67
61
57
60
55
49
58
57
55
75
53
54
53
68
67
69
72
56
60
58
55
76
52
71
71
56
76
49
57
65
59
65
65
60
73
69
63
64
61
68
50
55
65
56
56
61
56
53
54
68
64
61
75
63
61
58
56
75
60
59
52
55
51
67
82
60
54
59
58
59
50
63
42
61
67
63
57
61
56
58
56
60
73
65
55
66
47
48
47
62
68
66
61
71
64
56
55
75
69
56
50
53
57
54
57
61
59
53
49
47
46
53
57
60
79
56
53
44
72
65
58
61
42
63
50
55
66
51
53
59
53
55
51
62
50
52
61
48
59
57
50
52
54
54
51
46
48
66
67
44
51
70
53
52
63
62
51
64
58
50
57
43
53
62
57
53
55
49
65
55
60
51
54
58
47
51
51
42
46
43
46
56
59
58
43
52
52
46
47
41
39
60
60
39
42
55
50
53
50
40
43
48
57
48
52
62
50
45
47
39
42
45
46
40
39
47
48
43
39
33
52
52
36
42
37
51
55
45
43
38
49
46
45
38
45
33
36
43
43
43
45
43
62
32
39
25
41
34
42
47
36
44
43
50
35
33
32
47
47
44
32
43
40
58
52
49
37
33
34
37
33
52
40
43
34
38
37
38
37
42
41
45
46
50
43
38
47
29
45
36
49
47
54
46
33
41
34
49
38
33
38
38
29
44
35
52
49
31
35
35
34
33
39
32
38
37
38
41
38
32
39
41
36
45
37
28
47
47
24
42
33
38
36
35
40
44
48
41
36
44
28
46
34
37
44
33
38
40
28
46
42
37
46
34
39
31
35
42
47
45
38
45
50
31
31
32
41
36
35
38
38
36
29
47
47
33
41
39
36
38
29
34
36
44
37
41
45
39
31
34
45
52
42
36
44
35
36
36
42
42
37
36
37
26
32
35
34
35
34
28
33
27
39
34
36
39
31
35
41
40
30
29
30
37
51
39
37
32
41
49
32
40
34
40
36
37
40
29
37
41
34
40
37
38
30
48
38
41
39
29
36
26
43
29
42
45
43
44
40
38
36
31
33
33
36
29
30
31
23
38
29
33
34
39
36
34
27
32
22
37
42
34
34
38
30
44
30
24
32
45
41
34
32
39
40
40
23
29
31
37
27
55
35
39
31
23
36
32
38
42
38
32
41
37
41
32
25
40
36
31
30
35
48
37
44
46
40
38
44
33
33
35
34
34
44
41
36
39
41
45
33
27
39
31
42
24
40
44
34
40
34
37
36
35
38
32
39
30
35
42
40
34
37
30
31
38
33
38
40
35
30
39
33
37
37
45
34
41
30
30
36
40
32
33
34
35
32
35
34
42
40
35
36
41
33
34
39
34
45
36
36
41
37
40
42
33
37
52
39
37
33
31
41
46
54
48
32
41
39
27
43
29
33
34
48
34
35
42
34
29
37
34
44
28
31
22
35
37
30
36
33
41
34
37
33
37
40
34
35
40
43
33
26
42
32
34
47
39
42
23
39
36
24
39
31
39
38
37
30
40
30
38
33
44
46
44
43
33
37
36
42
33
34
41
39
41
34
34
28
39
28
25
40
33
31
44
35
37
28
39
36
39
43
33
28
43
40
38
42
24
32
44
28
33
31
26
21
43
35
37
37
36
31
36
42
38
31
37
31
32
34
40
40
34
38
39
39
42
33
35
30
37
29
32
32
23
23
30
25
25
30
32
39
32
35
41
26
42
39
37
44
31
33
32
35
29
30
32
35
31
31
42
35
36
35
28
42
36
30
36
28
26
31
31
33
37
39
34
27
45
35
33
37
32
38
40
33
36
33
36
27
31
26
33
30
32
35
31
31
39
28
41
24
34
26
30
28
24
35
31
17
31
27
35
35
32
36
36
36
28
29
22
32
28
28
28
23
35
32
32
31
34
37
32
30
43
32
30
27
27
20
45
33
27
29
26
32
30
22
34
37
24
35
37
30
29
35
33
30
29
28
34
33
28
26
22
25
32
31
23
20
33
31
33
28
24
28
28
27
27
21
41
33
41
36
29
39
29
34
27
32
26
36
30
29
31
38
33
26
43
26
25
32
22
28
27
17
31
25
22
34
24
31
27
31
24
29
24
35
38
24
23
31
33
26
23
27
28
28
34
32
34
28
19
33
22
23
28
31
31
30
29
34
34
34
35
33
20
21
25
30
33
18
30
30
23
29
23
31
20
22
24
15
28
17
18
29
27
19
36
26
32
25
25
26
21
22
22
19
23
42
23
26
22
21
30
26
23
28
40
18
32
19
31
30
32
30
24
26
29
18
27
19
22
24
16
28
25
23
25
22
22
23
28
28
19
25
22
24
28
22
26
16
32
23
19
29
26
22
28
23
27
26
25
21
30
26
24
27
17
22
32
29
26
24
24
21
17
30
25
25
20
18
22
23
25
26
20
24
20
27
28
25
25
20
26
28
23
20
16
17
29
26
37
31
23
26
29
29
26
31
24
26
23
31
26
22
20
24
26
21
28
25
21
31
31
28
24
23
28
36
21
22
31
25
17
21
31
23
24
24
31
26
18
29
24
22
31
28
24
30
31
25
28
26
27
27
20
16
24
23
28
20
30
23
30
29
27
35
19
28
20
30
27
30
16
28
25
20
25
28
37
17
23
34
26
22
27
29
25
40
27
26
19
24
38
23
31
29
29
22
19
23
30
23
24
24
24
29
29
31
23
27
30
22
25
34
25
27
32
22
23
31
35
18
32
26
27
39
25
24
41
31
35
23
20
20
35
35
20
32
30
26
25
27
31
23
27
34
39
20
32
28
27
25
37
28
26
29
29
25
17
29
17
28
29
19
31
25
26
36
35
34
29
18
29
33
38
23
27
26
37
24
33
31
23
23
26
32
26
22
28
30
33
31
36
32
29
24
21
19
26
32
28
33
20
33
22
35
33
27
14
34
37
22
30
33
22
34
28
27
17
26
37
26
26
25
38
37
28
35
29
25
25
26
30
35
39
25
24
32
44
28
34
32
35
22
24
33
31
28
29
37
31
28
25
28
28
32
24
37
33
25
33
29
34
27
35
34
26
38
25
31
37
25
23
26
38
29
33
38
22
37
35
40
39
30
28
28
31
26
30
36
24
21
37
39
33
33
28
46
42
31
30
27
33
31
42
18
32
46
42
37
25
34
28
35
25
31
36
36
40
39
38
37
34
42
28
22
38
32
29
30
25
38
22
40
43
34
30
35
29
37
44
35
40
33
20
46
32
29
26
41
40
33
30
35
25
31
31
34
28
32
30
34
34
32
37
29
41
34
32
28
37
35
31
32
42
33
31
26
34
31
33
28
46
28
36
31
38
35
39
36
32
39
40
36
36
35
26
46
31
33
42
32
31
30
37
48
35
27
32
41
37
36
28
39
37
24
37
31
36
47
30
34
44
44
24
39
35
44
47
32
33
45
45
50
40
43
32
30
27
45
24
43
28
39
37
43
50
38
53
33
36
57
29
36
39
48
39
36
59
43
45
36
40
49
48
44
40
37
42
44
49
34
39
38
45
40
41
48
46
39
72
51
53
35
47
39
52
54
36
34
52
49
53
40
56
43
33
56
39
37
47
44
40
54
41
49
43
50
55
46
34
43
42
57
47
44
47
49
44
45
41
51
37
61
48
60
35
56
61
50
40
51
64
41
36
54
42
44
41
43
54
47
47
60
54
52
47
55
38
54
50
59
56
43
59
40
50
56
46
47
60
32
59
55
49
62
44
43
64
59
42
60
48
49
45
46
50
44
45
59
59
77
48
48
58
51
57
60
69
52
59
53
53
58
49
60
56
67
54
69
64
61
53
44
66
55
58
57
55
58
46
63
67
61
59
56
64
62
41
75
67
77
70
57
64
48
60
61
65
65
59
53
72
60
47
54
62
59
61
56
47
52
66
50
43
54
61
54
50
66
67
54
63
69
60
50
52
53
58
54
56
60
62
59
53
69
69
55
65
75
67
66
55
56
59
67
64
59
64
55
57
54
46
63
57
50
54
61
48
44
64
59
59
65
65
67
53
64
57
51
62
58
52
75
63
59
54
54
64
47
51
73
62
58
59
62
72
58
48
55
53
55
62
59
48
41
43
57
57
71
55
58
60
58
53
43
49
48
50
36
52
63
53
39
63
64
43
52
58
47
63
45
46
51
51
52
42
55
55
57
45
39
60
53
48
51
41
39
57
46
41
47
46
49
33
43
51
41
40
45
41
48
45
52
62
34
55
50
42
53
47
49
43
52
47
38
50
52
46
45
48
44
42
50
47
39
45
48
47
45
42
47
53
47
24
49
56
56
41
39
35
35
32
44
41
52
41
48
44
46
50
48
38
43
34
30
30
33
42
44
34
35
40
51
42
35
51
39
40
37
43
40
28
45
43
31
34
44
32
34
38
46
33
31
40
45
30
32
24
41
25
46
39
32
48
38
24
24
32
26
29
32
33
26
33
31
28
28
49
38
30
24
28
32
32
42
30
29
27
33
18
29
32
30
35
25
25
34
24
28
31
31
28
27
28
30
31
23
31
26
28
35
29
27
33
23
25
28
35
25
29
22
32
27
31
24
24
36
32
25
25
25
33
18
33
22
25
24
30
34
26
25
30
24
24
37
28
26
23
20
16
21
19
33
24
17
23
25
19
32
14
17
33
25
18
22
23
22
20
25
26
21
19
26
18
23
22
16
29
19
25
30
18
17
32
25
23
18
17
25
29
19
20
13
20
24
18
22
18
18
18
14
21
21
18
22
19
17
15
27
11
24
26
17
24
17
18
24
22
21
26
18
22
20
11
23
25
17
21
19
18
23
27
23
20
17
29
16
17
21
16
16
23
19
17
14
19
13
30
15
16
20
21
21
14
20
21
22
20
25
22
21
19
16
10
16
23
19
21
16
20
21
26
23
18
22
19
26
24
14
24
53
75
76
69
79
83
74
68
65
77
91
80
80
79
72
66
63
87
59
74
76
66
77
59
70
78
68
65
67
65
64
78
63
73
65
71
68
63
74
64
65
71
72
57
46
71
66
72
68
84
57
72
64
57
61
64
70
69
62
70
80
66
65
68
57
60
59
75
62
71
66
65
61
64
57
62
61
77
56
67
61
47
63
63
55
67
56
64
73
68
57
62
60
66
57
59
55
62
67
66
61
58
53
62
71
60
58
52
63
57
60
45
56
58
61
60
45
45
46
59
55
57
65
53
39
56
55
47
59
41
57
51
65
59
57
46
56
51
41
52
45
42
37
47
52
36
49
47
69
43
38
43
47
53
57
58
45
44
47
56
63
46
61
49
57
61
42
55
53
44
47
46
37
41
42
50
39
54
52
42
36
42
45
38
27
