# Filename : TXT_Files/Acq14400sec_030.Chn
# MCA detector ID: 1
# Start time : b'00':b'00':b'58'
# Start date : b'04Oct221'
# No channels : 8192
# Live time : 716371
# Real time : 720000
# En cal factors A + B*x + C*x*x
# A : 0.0
# B : 1.0
# C : 0.00
0
0
0
0
0
0
0
0
0
0
0
0
0
0
0
0
0
0
0
0
0
0
0
0
0
0
0
0
0
0
0
2
0
0
1
4
15
68
248
394
420
383
424
400
435
412
460
449
468
425
412
454
427
442
394
414
464
447
462
466
441
460
441
470
482
481
474
491
470
492
503
464
514
483
503
474
474
518
521
465
479
492
500
484
520
508
504
525
539
507
533
539
520
550
554
525
537
560
543
532
606
574
569
621
607
628
643
622
676
644
664
711
697
666
723
662
719
726
702
714
773
717
722
729
692
735
770
747
763
780
817
706
800
804
810
837
793
808
816
828
787
804
844
792
825
813
792
763
835
831
770
788
795
790
786
763
757
802
750
773
757
787
748
769
692
748
789
748
749
780
781
841
832
726
802
740
797
774
767
790
765
844
802
818
881
810
823
863
838
848
811
794
863
874
853
841
870
858
878
897
953
919
955
914
990
935
896
963
1024
1009
963
992
990
1013
1036
987
1045
1060
1095
1039
1119
1137
1172
1109
1158
1139
1110
1169
1163
1158
1152
1160
1172
1167
1201
1223
1199
1219
1215
1235
1264
1268
1188
1269
1252
1257
1331
1314
1312
1325
1367
1323
1334
1313
1339
1404
1373
1358
1367
1452
1427
1500
1481
1521
1520
1472
1541
1556
1546
1585
1585
1584
1651
1534
1573
1613
1722
1675
1627
1578
1683
1726
1753
1716
1766
1806
1815
1811
1808
1874
1851
1870
1825
1864
1994
1921
1922
2047
1920
1929
2007
2051
2087
2158
2068
2112
2107
2060
2206
2117
2136
2153
2187
2243
2222
2274
2275
2197
2228
2212
2384
2282
2302
2367
2298
2302
2409
2330
2360
2525
2407
2415
2444
2427
2538
2377
2481
2502
2512
2472
2526
2488
2502
2521
2555
2603
2579
2648
2670
2774
2758
2762
2631
2766
2634
2780
2771
2743
2758
2793
2725
2878
2861
2787
2893
2884
2881
2953
3077
2999
3056
2948
2969
3049
3101
3136
3044
3045
3122
3189
3097
3182
3105
3225
3119
3252
3151
3267
3204
3279
3202
3263
3205
3346
3220
3402
3222
3382
3353
3228
3400
3380
3251
3360
3275
3356
3290
3349
3265
3246
3257
3297
3218
3355
3319
3158
3265
3232
3166
3221
3225
3182
3304
3233
3245
3212
3261
3051
3216
3131
3266
3178
3285
3084
3093
3127
3170
3131
3189
3138
3223
3086
3232
3216
3204
3165
3115
3203
3205
3207
3263
3169
3287
3280
3210
3158
3178
3084
3239
3234
3211
3231
3204
3207
3168
3160
3127
3259
3192
3314
3255
3318
3134
3010
3282
3183
3270
3168
3148
3184
3143
3224
3168
3218
3153
3133
3146
3217
3103
3224
3166
3136
3182
3065
3147
3084
3106
3136
3190
3144
3071
3154
3128
3186
3076
3012
3124
3088
3067
3122
2969
3028
2975
3021
3009
2990
3008
3027
3094
2993
3016
3014
2985
3132
3012
2968
2928
3016
3006
2962
2943
2937
2985
3016
2975
3019
2998
2913
2962
3020
2886
2893
2969
2910
2996
2976
2859
2916
2990
2920
2931
2928
2934
2931
2951
2948
2922
2906
2865
2948
3026
2906
2968
2908
2834
2940
2831
2848
2847
2930
2900
2930
2865
2913
2789
2847
2959
2925
2846
2852
2907
2894
2944
2844
2788
2766
2849
2868
2852
2849
2785
2775
2773
2862
2741
2748
2803
2842
2783
2784
2791
2899
2767
2770
2821
2775
2783
2762
2766
2799
2710
2767
2788
2830
2752
2780
2780
2728
2851
2679
2822
2828
2841
2746
2750
2701
2702
2731
2630
2710
2689
2729
2801
2608
2768
2655
2621
2727
2798
2744
2690
2715
2686
2739
2725
2721
2702
2690
2662
2656
2614
2677
2649
2660
2632
2642
2695
2529
2645
2613
2600
2597
2559
2605
2613
2585
2610
2592
2662
2645
2568
2581
2542
2575
2544
2566
2695
2562
2507
2536
2623
2554
2517
2476
2579
2655
2507
2568
2538
2582
2495
2505
2479
2506
2523
2471
2588
2531
2449
2472
2518
2350
2446
2541
2472
2384
2449
2476
2399
2376
2441
2385
2403
2540
2390
2453
2355
2394
2416
2385
2391
2380
2335
2398
2348
2371
2307
2306
2394
2273
2317
2275
2344
2309
2365
2332
2323
2266
2255
2388
2296
2380
2288
2402
2254
2269
2242
2262
2299
2269
2335
2311
2322
2274
2259
2255
2279
2387
2252
2276
2273
2199
2261
2173
2242
2240
2272
2225
2197
2169
2245
2222
2269
2105
2154
2155
2179
2217
2183
2186
2151
2230
2141
2136
2168
2112
2156
2188
2167
2188
2275
2230
2130
2191
2100
2127
2101
2204
2084
2213
2046
2050
2113
2042
1980
2018
2122
1978
2130
2130
2116
2090
2052
2075
2129
2070
2137
2051
2096
2087
2080
2018
1977
2095
1971
2035
1936
2115
2064
2049
2089
2016
2098
2021
2048
1991
1936
1968
1940
1984
1955
1877
2014
2023
1965
1933
1982
1988
1931
2021
1936
1985
1898
1973
1914
1972
1936
1934
1963
1903
1938
1799
1887
1877
1878
1901
1930
1824
1887
1833
1881
1910
1900
1844
1845
1790
1899
1876
1902
1924
1844
1792
1856
1863
1835
1811
1873
1805
1847
1806
1771
1837
1732
1801
1886
1829
1829
1793
1773
1720
1790
1821
1774
1701
1751
1799
1843
1799
1783
1790
1793
1748
1776
1776
1737
1757
1727
1777
1671
1718
1693
1708
1695
1775
1718
1744
1750
1746
1706
1717
1710
1762
1742
1722
1729
1657
1685
1604
1735
1783
1677
1717
1698
1740
1664
1708
1753
1728
1717
1737
1732
1633
1603
1693
1676
1673
1691
1651
1741
1729
1658
1640
1647
1677
1693
1635
1708
1679
1680
1647
1628
1632
1603
1686
1693
1661
1639
1615
1646
1706
1620
1591
1649
1674
1656
1542
1654
1693
1537
1645
1643
1583
1641
1658
1641
1614
1559
1681
1598
1634
1631
1577
1576
1563
1691
1636
1560
1537
1683
1580
1592
1536
1536
1548
1505
1576
1597
1615
1564
1512
1515
1555
1523
1543
1501
1603
1471
1519
1488
1527
1514
1434
1532
1469
1495
1507
1493
1436
1468
1501
1506
1483
1441
1472
1472
1446
1480
1479
1434
1485
1466
1419
1457
1475
1467
1409
1440
1451
1413
1481
1484
1416
1347
1449
1411
1463
1382
1392
1369
1426
1452
1415
1434
1339
1305
1405
1453
1449
1369
1375
1342
1372
1316
1394
1333
1356
1389
1378
1347
1360
1372
1351
1278
1379
1356
1386
1348
1318
1371
1347
1344
1279
1253
1357
1377
1366
1366
1364
1344
1292
1340
1356
1282
1320
1284
1315
1300
1321
1283
1346
1255
1190
1311
1296
1247
1314
1291
1271
1343
1277
1320
1309
1358
1251
1271
1288
1318
1274
1288
1242
1265
1323
1274
1285
1264
1273
1307
1216
1255
1165
1280
1202
1236
1222
1268
1198
1204
1240
1242
1224
1224
1292
1221
1219
1257
1273
1224
1232
1205
1255
1223
1197
1225
1246
1214
1256
1179
1215
1153
1157
1214
1225
1254
1190
1277
1222
1249
1188
1224
1195
1308
1206
1224
1218
1278
1205
1201
1210
1225
1223
1279
1249
1269
1232
1254
1219
1279
1237
1220
1237
1270
1270
1265
1240
1266
1238
1289
1257
1252
1194
1293
1289
1269
1247
1294
1208
1287
1274
1296
1248
1269
1261
1273
1275
1213
1311
1279
1259
1276
1227
1258
1261
1221
1257
1290
1331
1347
1266
1349
1318
1273
1268
1336
1242
1265
1334
1279
1273
1269
1288
1304
1227
1335
1288
1308
1266
1292
1276
1274
1204
1267
1248
1255
1182
1295
1267
1255
1221
1150
1264
1208
1268
1228
1292
1240
1158
1187
1209
1207
1156
1164
1175
1166
1220
1164
1193
1202
1094
1187
1131
1165
1127
1165
1146
1133
1147
1123
1159
1116
1129
1099
1144
1121
1099
1124
1100
1089
1054
1058
1085
1064
1082
1031
1116
1114
1026
1009
1013
1085
969
1054
1012
948
1063
1013
892
944
1010
940
926
957
975
978
975
975
909
982
934
913
900
963
914
909
910
893
937
950
880
886
911
866
861
909
916
897
901
863
843
889
902
897
894
870
866
870
882
890
850
830
797
825
825
829
825
826
832
770
801
860
834
816
818
779
821
841
771
836
844
787
859
848
830
808
766
793
822
769
786
767
794
818
775
790
795
800
727
800
759
816
744
804
758
814
800
827
812
780
797
773
759
776
812
782
751
757
751
793
751
752
775
762
748
814
799
769
837
782
700
758
755
789
732
786
766
763
786
773
719
783
756
762
815
770
748
759
747
772
744
745
742
777
739
759
751
738
688
752
720
724
770
748
747
729
744
756
713
749
791
746
692
795
724
734
763
684
723
743
710
690
713
746
689
725
711
731
756
802
738
729
735
727
744
727
718
749
737
710
767
735
718
767
742
740
763
736
711
770
723
753
741
775
756
702
731
731
697
734
779
669
730
718
756
729
720
710
688
727
729
710
730
674
692
660
722
761
754
727
699
700
747
688
695
685
680
724
721
688
703
684
695
680
727
671
731
713
653
687
674
684
690
690
690
725
759
687
726
633
672
714
722
736
699
684
684
628
712
653
648
666
676
626
656
665
663
724
635
632
663
674
639
652
667
604
633
660
592
652
647
593
678
626
681
615
591
620
634
604
637
643
646
629
642
606
615
596
614
636
629
633
620
626
619
621
615
596
593
576
617
625
523
576
580
579
559
537
535
579
541
564
561
581
530
567
545
581
569
533
584
552
585
585
545
548
570
510
543
539
531
544
506
552
546
543
552
620
523
558
554
551
506
549
532
563
531
501
551
524
577
554
515
540
517
547
530
532
555
494
533
536
551
574
561
540
508
504
517
489
532
511
517
506
502
522
528
500
548
555
557
545
583
569
509
528
534
533
535
538
574
564
520
522
560
549
533
555
525
523
544
527
557
554
533
534
573
537
503
562
521
554
577
540
531
518
568
610
523
575
589
551
570
607
554
567
555
605
572
494
535
537
533
613
543
570
560
508
584
562
550
543
556
574
590
593
539
556
550
592
600
561
544
583
615
605
591
584
530
543
608
551
606
577
536
602
604
585
563
549
593
607
547
587
621
568
592
571
567
622
615
612
583
613
601
555
557
570
560
538
587
585
590
573
570
630
579
625
608
612
574
556
549
579
601
616
552
558
537
577
599
553
556
559
543
552
540
551
600
548
568
589
573
618
572
527
561
528
572
543
532
550
561
555
545
502
546
549
557
540
528
501
521
557
542
596
546
522
547
519
484
539
515
525
575
499
541
526
491
512
526
519
507
509
526
491
541
529
481
502
463
495
528
509
523
517
472
478
506
474
483
464
449
447
442
480
472
471
446
456
444
467
439
409
431
450
411
425
465
427
439
445
454
396
436
410
444
446
448
421
408
412
415
399
391
411
456
405
367
393
395
375
345
379
426
344
345
368
396
402
381
371
378
323
371
336
370
377
361
380
361
348
387
345
362
357
377
353
349
343
360
337
377
319
332
352
338
327
314
341
385
337
351
329
352
329
357
356
354
339
328
290
328
366
336
331
340
308
326
300
331
315
333
322
351
325
341
348
320
313
337
328
341
316
343
317
345
364
314
314
335
346
337
324
332
347
287
325
338
302
298
290
336
317
351
336
293
355
319
327
366
329
310
338
362
287
318
316
331
346
305
313
357
306
283
311
330
313
342
322
346
304
329
326
337
335
352
347
321
288
332
302
318
303
324
330
332
326
309
313
320
337
341
329
318
310
346
332
382
346
341
337
363
346
351
318
365
322
296
355
307
326
338
340
349
346
359
357
332
372
345
347
351
331
348
310
389
352
346
340
331
357
346
345
360
375
329
336
350
336
402
362
325
329
361
357
346
346
352
362
350
356
318
368
363
339
345
345
339
359
372
354
341
372
375
338
366
351
360
369
359
357
364
348
343
393
359
359
364
377
374
371
361
335
346
353
373
357
339
382
303
380
364
338
334
361
331
358
366
364
362
334
342
334
329
344
347
357
372
346
352
323
321
360
354
346
349
363
343
297
359
337
321
318
310
311
348
328
328
349
336
333
326
355
349
339
326
328
307
330
325
330
310
298
302
326
332
320
330
275
299
281
312
311
308
311
303
293
298
307
309
316
336
273
322
325
282
329
292
285
310
291
298
304
284
284
282
291
299
267
260
270
291
277
262
274
302
304
290
256
281
282
297
305
274
291
269
271
302
240
255
259
235
271
296
265
273
263
264
275
255
270
266
252
249
270
254
288
272
251
251
248
265
257
241
257
241
266
262
233
248
273
218
232
252
273
232
263
252
239
249
259
252
236
234
248
252
258
223
250
264
235
234
242
215
252
241
207
241
216
250
219
203
238
226
233
227
257
229
239
250
229
237
222
235
246
211
235
237
244
248
239
235
228
244
243
213
240
232
206
222
236
232
239
241
243
246
231
229
250
216
238
219
249
209
224
217
241
220
228
250
258
226
195
228
222
214
241
258
244
247
256
251
221
239
214
222
211
226
219
266
229
240
232
262
266
225
260
225
225
235
186
238
212
220
258
207
238
219
239
225
252
227
231
228
204
215
216
235
229
240
237
202
263
240
217
233
225
225
204
241
225
227
177
235
221
227
238
218
213
220
236
209
219
210
228
198
240
216
234
221
219
230
225
238
243
226
209
188
214
221
228
222
230
200
237
230
199
256
216
203
236
228
221
218
208
220
210
205
235
210
225
220
201
224
222
219
213
190
216
206
244
220
226
205
225
207
208
214
242
222
225
209
218
246
226
221
231
243
207
238
196
208
200
225
236
209
218
235
243
200
215
198
214
201
209
218
211
210
207
217
220
220
208
236
206
219
197
199
225
252
230
198
204
200
237
215
211
224
206
224
207
195
213
230
214
210
219
219
233
245
201
217
226
235
260
202
208
203
224
197
221
235
227
201
211
206
225
217
187
202
208
201
207
225
207
218
183
241
201
201
224
203
214
203
212
210
210
240
226
235
224
252
185
204
216
237
207
213
196
212
203
228
216
221
222
219
226
212
210
240
221
212
217
203
234
239
217
212
213
227
234
179
226
210
239
219
217
233
206
196
211
193
237
202
216
213
200
222
233
231
207
223
230
239
252
216
220
224
231
229
200
215
236
205
212
203
211
241
232
209
217
213
223
198
228
218
219
202
218
204
211
213
213
213
209
186
213
175
206
227
221
191
216
202
217
222
201
213
215
197
197
221
203
218
205
216
245
208
196
204
205
211
188
182
216
185
206
191
200
202
192
199
183
200
191
206
209
178
184
192
192
202
193
208
214
202
223
185
185
201
192
208
199
206
173
188
203
199
200
193
210
180
176
196
176
212
207
203
189
174
179
177
178
197
163
228
190
175
205
194
188
173
172
168
183
186
204
186
181
188
160
205
197
183
183
198
193
199
189
173
182
204
176
169
188
173
173
187
188
199
167
169
164
163
189
165
178
190
180
178
196
155
163
171
178
160
167
177
157
159
181
170
192
167
185
160
199
166
164
166
189
161
165
175
153
167
179
160
153
172
179
179
180
173
192
155
209
202
184
159
180
164
194
169
161
167
157
180
173
170
181
175
181
173
189
176
197
145
157
173
165
187
172
202
181
189
158
188
176
178
156
161
170
183
172
175
173
186
190
152
198
166
188
169
193
177
180
186
184
180
168
177
177
197
183
205
169
176
190
227
192
182
198
176
187
169
178
198
191
203
214
189
204
185
186
195
189
208
184
188
189
193
209
208
210
213
207
229
231
204
214
199
200
189
209
198
187
197
184
216
217
217
204
207
223
199
183
185
227
201
258
223
223
188
238
200
231
193
222
196
231
205
211
222
223
202
199
199
207
243
223
202
235
221
216
227
215
222
223
226
227
187
239
211
238
212
223
229
227
234
227
220
250
221
225
238
245
262
210
224
239
190
217
239
248
226
246
251
246
194
243
249
239
245
265
252
250
211
236
239
236
259
254
242
264
275
238
265
237
234
271
268
237
226
229
235
231
262
248
266
242
252
262
248
262
253
241
257
233
277
274
215
285
258
234
238
274
217
267
268
247
248
266
246
259
251
264
263
248
272
263
267
248
259
251
280
266
263
256
279
269
270
275
280
266
285
272
273
269
242
282
249
252
298
260
287
276
242
272
278
260
272
261
296
260
264
253
273
273
277
290
282
274
292
270
261
263
256
270
279
263
258
270
300
286
286
259
296
265
263
233
274
276
259
238
264
261
276
274
235
260
274
273
263
281
253
277
247
261
261
267
254
284
274
278
271
280
249
266
261
259
273
265
272
278
257
272
267
253
241
262
242
231
264
266
239
280
245
272
237
256
232
235
261
252
237
236
249
251
236
232
241
258
223
226
254
227
221
235
244
231
217
234
232
221
235
221
206
217
221
242
248
231
215
229
218
200
239
214
201
208
234
238
225
208
231
234
211
219
216
225
197
203
210
218
192
241
209
199
202
193
218
201
186
199
176
213
213
198
201
187
201
191
201
190
174
185
188
191
163
174
199
181
203
159
168
190
183
182
190
169
179
166
170
148
155
168
185
181
173
174
156
173
166
169
159
156
153
184
165
143
150
165
148
161
162
166
171
159
139
150
129
143
150
160
154
151
133
150
151
132
153
141
124
136
122
127
142
137
125
162
130
130
142
124
133
143
148
128
138
128
119
139
127
130
123
122
123
159
117
132
119
134
133
131
139
114
119
114
116
123
120
129
118
102
140
110
135
131
121
117
122
118
121
120
114
129
106
111
134
93
137
110
116
122
106
128
124
127
119
107
110
113
111
103
113
104
108
124
99
114
122
117
112
106
121
114
100
102
120
120
105
110
115
104
117
106
101
116
114
115
127
104
111
109
99
102
114
107
118
110
107
139
111
95
109
103
109
95
114
108
110
97
106
106
120
109
116
132
106
97
102
121
121
90
121
106
100
111
127
107
121
113
113
94
125
134
115
100
101
104
112
88
93
124
98
113
97
102
115
111
105
108
107
117
129
119
109
110
113
105
104
100
116
107
104
104
97
96
132
96
107
103
102
107
117
98
97
104
115
106
106
107
103
105
102
98
101
101
111
115
93
100
115
102
100
107
99
110
96
88
110
97
99
105
105
97
109
88
112
109
119
110
73
108
122
95
100
98
102
120
125
97
86
101
108
108
130
92
104
130
95
109
121
92
109
106
106
100
100
89
103
100
83
75
71
115
90
106
90
119
93
100
103
96
98
121
113
91
99
105
99
119
88
88
108
82
88
89
104
101
116
95
97
94
93
82
95
91
104
98
109
90
87
94
100
89
98
95
104
90
83
92
99
94
117
83
100
104
86
107
98
98
85
102
91
105
99
92
95
105
86
106
94
84
89
108
92
85
94
98
96
99
78
104
91
95
116
98
96
112
95
111
97
98
94
97
117
94
86
108
115
95
93
116
104
98
109
95
115
115
81
104
94
102
81
93
74
89
95
92
104
95
81
96
92
104
89
97
108
96
97
84
95
104
90
103
108
94
103
91
119
112
126
108
97
91
119
90
97
86
100
99
83
100
101
102
103
107
96
112
91
81
96
113
113
88
84
93
102
97
96
115
103
109
102
103
101
97
109
91
85
95
81
104
79
95
90
94
105
112
100
95
83
88
100
89
105
89
103
111
97
102
99
83
106
109
115
104
105
96
102
89
105
102
95
111
82
112
110
114
85
82
110
90
95
119
98
89
117
81
100
92
90
113
100
102
104
99
95
103
107
90
107
87
106
109
96
86
90
90
81
108
109
85
107
94
96
110
112
100
88
107
109
92
94
96
91
93
101
104
73
91
92
103
83
101
102
115
111
109
104
105
100
72
109
105
109
93
99
91
102
98
85
109
96
92
89
80
113
90
98
109
107
93
95
99
107
92
100
96
95
92
99
105
91
85
78
93
91
95
112
90
76
95
84
85
109
116
92
84
77
89
109
90
105
83
85
105
100
103
107
83
103
86
101
110
99
90
93
100
96
104
81
96
93
95
93
108
90
120
99
106
90
108
109
92
84
90
94
87
104
84
92
100
93
95
92
104
96
114
97
109
91
94
100
95
89
101
85
91
107
112
90
96
88
94
108
88
83
106
103
99
84
99
84
84
90
86
92
83
91
114
85
89
76
94
107
94
113
86
97
95
75
90
88
99
115
85
97
113
108
81
102
89
82
82
102
96
100
81
120
102
95
102
80
97
101
81
85
90
82
87
108
101
95
94
90
110
110
87
92
103
98
104
95
109
117
92
104
99
86
108
110
91
94
99
91
92
106
105
81
95
100
95
104
99
87
110
99
88
87
95
103
106
104
93
104
92
97
107
110
98
85
110
112
101
83
95
85
101
91
93
89
96
108
73
81
91
85
87
95
93
89
93
94
81
93
98
101
74
109
108
94
100
90
114
94
77
74
96
93
79
87
91
90
88
85
91
98
82
78
101
93
71
92
91
93
69
80
88
85
88
103
101
98
100
96
105
93
85
95
99
86
95
97
107
87
97
65
75
101
109
85
108
73
99
70
72
77
84
89
100
72
81
78
91
81
95
80
84
92
80
68
87
79
79
84
73
75
97
91
82
79
78
64
89
87
91
98
77
98
75
101
89
86
82
72
75
91
78
76
77
82
79
75
96
78
74
82
93
88
101
67
98
77
62
82
84
82
66
81
76
87
70
86
93
61
88
71
85
80
67
81
70
82
81
90
64
95
78
84
76
64
87
84
87
81
70
77
73
84
79
76
72
81
72
69
79
89
85
74
93
68
64
72
86
66
90
76
66
70
67
72
80
76
67
73
78
84
72
74
79
77
70
71
76
68
78
65
70
74
72
81
84
78
67
66
83
92
80
76
94
55
70
65
81
85
71
83
78
71
83
83
70
66
73
67
74
83
73
67
72
85
80
80
74
67
73
92
73
85
80
76
91
85
64
68
79
87
79
82
69
81
80
88
76
75
60
78
62
77
63
64
78
61
69
57
78
71
86
71
71
90
69
74
69
71
83
80
63
81
65
73
72
74
86
80
80
75
87
59
79
85
66
89
74
70
61
66
66
66
81
69
65
84
68
65
92
60
66
81
71
73
77
75
68
79
72
75
81
70
85
64
86
68
80
82
66
67
70
86
73
64
88
82
72
75
73
59
85
75
65
75
71
52
85
84
69
74
66
80
79
68
81
69
71
89
82
68
69
78
75
79
73
66
85
74
85
79
54
82
75
73
76
73
72
67
71
74
79
79
66
85
71
69
89
67
76
72
77
66
64
81
90
74
66
78
83
69
77
63
90
67
78
68
80
76
72
83
83
76
63
87
64
69
94
71
85
68
79
84
65
76
71
81
60
83
77
77
83
77
77
74
79
85
72
66
88
86
82
64
71
79
62
72
84
78
76
73
80
85
75
80
69
69
71
77
91
78
82
87
77
71
65
73
78
97
87
66
66
89
90
71
73
67
86
71
79
88
72
82
81
57
77
87
80
80
82
88
74
93
82
87
75
83
101
73
83
73
79
92
85
84
75
75
74
78
77
80
85
77
92
100
80
75
79
79
91
94
84
70
87
85
80
81
80
98
68
94
92
85
82
88
88
86
71
89
69
89
92
85
96
77
95
96
93
93
93
90
80
87
98
97
76
89
70
108
100
98
90
91
71
89
84
87
74
89
83
92
92
78
89
84
94
100
88
83
92
92
104
86
78
97
105
86
92
83
96
81
95
95
88
102
89
96
96
101
117
102
97
89
94
97
73
88
84
82
85
79
104
97
92
80
98
74
100
106
109
99
95
70
95
90
118
88
103
80
98
97
87
84
98
94
115
74
85
89
90
104
95
102
110
82
78
88
88
110
73
85
96
91
94
104
98
93
104
100
86
89
94
111
97
85
90
72
81
102
115
93
101
87
86
101
95
96
92
87
104
89
89
95
90
80
101
92
82
85
97
91
103
101
107
85
110
75
82
97
94
94
87
83
81
101
111
92
87
100
82
103
90
102
97
98
100
90
80
91
95
97
105
86
99
89
98
88
102
80
83
99
88
79
77
85
88
100
105
79
85
105
71
99
98
97
72
87
73
85
101
79
91
90
76
96
88
72
84
92
95
86
90
92
99
93
87
105
89
92
94
81
90
95
93
87
95
93
82
89
93
86
85
89
87
89
77
82
96
70
87
84
84
95
99
83
86
91
79
94
83
85
94
97
93
76
73
88
84
75
80
91
98
84
101
87
79
87
76
108
84
76
75
71
80
71
90
70
79
83
76
77
89
81
94
66
70
91
85
71
74
68
83
84
78
72
77
88
71
75
85
76
81
63
90
89
77
71
80
90
73
84
75
94
74
78
92
87
89
87
77
96
84
83
87
76
78
77
61
65
91
89
90
77
70
96
84
81
91
75
73
85
85
83
77
75
86
64
85
100
75
81
80
78
89
81
78
81
78
69
94
71
86
79
73
79
76
89
86
73
62
90
63
81
80
79
72
77
67
88
75
80
70
71
88
77
91
66
80
58
69
81
64
82
82
72
71
71
74
85
76
79
71
75
58
65
75
75
67
80
81
68
72
87
79
81
79
71
74
87
65
82
89
71
84
83
79
65
83
86
60
77
72
69
76
71
80
65
65
63
75
75
71
70
72
64
88
76
75
62
71
73
76
61
70
79
68
75
65
71
69
72
73
69
67
79
52
73
79
60
68
69
75
57
53
73
66
90
58
63
79
69
64
66
68
79
72
64
63
52
60
49
53
43
61
64
74
67
69
57
55
51
63
55
61
68
73
60
61
68
57
61
58
64
62
76
57
52
70
46
49
66
60
59
53
64
67
63
51
56
63
77
65
52
56
50
36
60
49
56
52
53
47
70
61
51
66
61
56
49
56
65
66
51
55
68
49
63
52
57
50
61
59
53
49
49
48
54
54
56
57
45
48
60
51
57
53
54
48
55
44
47
52
65
60
50
54
57
52
57
50
40
46
51
51
59
43
56
51
37
66
45
47
41
47
48
38
42
44
48
44
49
50
39
46
49
47
51
52
49
41
45
55
46
51
47
40
54
49
65
44
39
51
55
44
50
44
53
39
44
38
49
58
36
52
44
45
47
44
50
37
58
47
43
42
51
48
44
47
47
41
40
33
44
43
41
43
38
33
44
40
52
41
47
42
51
43
38
49
34
37
46
39
46
46
47
50
46
37
43
56
46
52
33
37
48
39
40
50
38
47
51
42
43
36
34
45
40
40
40
36
47
53
39
34
39
38
43
45
43
43
54
45
40
45
34
40
30
47
59
48
42
41
42
46
52
36
45
52
52
44
39
47
33
41
44
41
51
35
31
37
28
33
44
49
30
46
41
38
56
36
43
52
41
44
43
39
41
46
29
43
47
39
46
34
34
38
51
38
44
39
39
43
29
43
40
43
48
32
32
51
45
47
56
49
45
42
37
40
48
34
41
39
56
53
29
34
31
44
37
55
43
38
48
37
46
52
45
55
42
47
56
31
45
42
57
44
37
39
40
46
57
46
37
43
45
49
46
43
49
38
39
43
42
46
45
43
38
37
39
53
41
38
37
45
36
40
35
53
48
40
50
36
47
31
45
38
41
37
39
47
47
34
56
54
46
45
49
50
42
37
40
47
52
44
49
36
51
53
33
56
41
44
49
48
40
48
49
47
42
50
53
41
41
46
49
58
49
41
54
52
41
40
46
36
49
50
53
43
59
41
36
49
31
55
39
44
52
48
56
47
49
46
59
48
48
34
44
57
51
37
57
43
41
39
46
44
45
42
41
53
49
44
54
52
48
61
53
38
38
57
39
53
46
54
54
47
53
49
50
48
43
47
61
53
50
46
49
55
37
35
48
45
42
52
55
44
50
39
49
49
47
58
43
51
36
56
39
57
56
50
62
49
63
53
54
43
58
37
62
43
45
69
54
57
51
52
68
55
61
59
53
60
64
56
60
56
70
57
53
54
52
52
65
61
56
45
47
58
50
47
44
59
57
51
47
58
67
58
55
75
47
62
45
48
63
52
40
46
64
56
65
55
51
51
47
76
63
67
52
44
60
55
63
54
55
61
61
58
55
74
63
70
53
49
58
52
64
54
57
61
54
73
60
61
49
57
60
68
61
68
50
48
56
73
46
47
53
65
59
47
57
61
50
63
50
51
67
51
67
48
67
48
52
67
48
63
57
57
56
64
54
62
64
46
58
61
61
59
50
71
55
56
66
61
64
60
60
47
64
72
71
54
85
62
56
67
64
44
56
59
58
50
47
65
72
79
57
64
68
58
54
62
62
67
49
54
50
54
46
69
50
57
51
50
47
58
52
73
64
46
62
55
86
62
65
43
60
43
51
61
49
48
49
70
66
47
58
73
59
62
63
58
58
48
59
50
56
61
58
50
54
70
63
55
62
51
54
59
45
59
65
41
56
49
64
50
56
60
48
56
53
55
51
45
51
59
60
57
45
57
56
45
58
54
52
50
57
59
48
77
63
64
48
48
49
47
48
54
49
48
55
57
38
52
74
48
57
46
60
44
64
61
47
43
46
53
48
48
56
57
55
54
65
57
63
49
49
55
44
48
61
56
46
50
40
51
38
51
59
56
35
46
40
59
44
51
47
61
60
47
47
50
53
41
49
50
40
36
43
63
44
50
40
44
41
43
53
56
55
57
60
31
46
60
40
43
40
42
55
59
44
46
39
47
58
47
41
43
44
37
40
58
43
44
35
48
48
49
50
37
45
45
38
45
45
46
49
50
43
46
46
40
43
53
39
46
53
37
40
40
41
39
47
36
47
44
46
39
36
47
45
47
38
34
43
45
33
44
43
49
47
53
35
47
41
42
46
32
44
49
37
33
52
46
46
36
42
43
33
31
43
47
45
45
45
42
29
44
35
32
42
36
28
40
38
27
31
41
30
37
36
35
41
36
42
41
37
34
37
54
42
48
40
42
38
36
34
31
45
41
30
25
30
39
45
32
41
40
38
27
34
35
42
44
38
41
41
40
39
37
32
37
41
29
32
41
36
37
51
35
42
34
34
36
37
27
40
29
40
37
41
43
35
46
43
28
32
39
38
36
34
41
30
31
34
29
39
35
37
41
36
33
53
41
42
36
30
34
25
43
41
34
40
36
43
45
34
34
44
32
37
23
30
39
45
38
35
31
39
34
53
33
33
37
35
38
39
41
36
41
53
38
34
36
40
47
47
33
34
39
35
36
40
39
32
46
47
47
33
47
41
42
38
34
28
29
47
35
36
38
31
38
32
37
24
39
45
33
35
35
40
38
30
30
46
30
43
39
40
37
38
36
45
40
29
28
39
37
34
28
39
43
37
37
35
38
38
19
27
35
36
26
33
36
33
54
32
44
54
37
39
35
32
41
40
34
38
37
32
30
41
41
40
38
43
31
25
29
37
30
39
35
26
48
34
39
46
42
33
34
47
38
29
41
32
41
28
34
23
37
30
33
44
32
24
29
26
31
45
37
33
38
38
46
39
34
37
33
31
30
39
38
45
37
31
39
31
35
40
31
37
42
28
28
36
26
30
33
35
38
29
30
33
44
41
31
44
33
45
47
41
28
26
34
38
43
40
31
36
43
39
31
47
43
27
37
35
31
38
28
35
45
40
45
38
38
38
38
30
41
32
30
28
36
39
35
33
36
20
36
37
37
38
42
37
43
37
32
36
48
44
37
35
37
26
42
44
46
39
48
40
46
27
40
37
48
35
36
33
29
32
34
31
36
38
44
40
38
39
40
41
28
42
35
32
24
42
26
36
31
29
45
42
31
37
35
37
29
43
37
35
35
35
23
34
33
26
45
41
34
48
36
25
34
44
25
34
29
26
38
34
40
33
38
43
26
28
36
37
34
45
37
37
29
34
29
28
30
47
46
45
36
31
41
32
34
32
24
39
33
33
37
42
39
39
30
40
36
37
19
27
28
41
35
29
33
34
40
43
36
42
32
28
40
30
28
37
43
26
37
34
32
33
24
39
31
32
37
28
34
30
45
26
38
31
31
26
24
30
37
28
37
36
36
28
35
30
32
44
27
39
35
32
33
44
31
33
36
50
32
21
28
38
38
27
39
32
28
27
24
23
28
25
31
22
28
43
34
25
22
33
19
30
33
37
29
31
24
44
24
23
29
24
24
30
24
39
36
32
28
33
26
30
41
27
26
18
26
32
29
28
36
23
22
31
36
30
23
24
21
21
26
35
33
24
27
16
26
32
17
26
28
26
18
43
30
29
29
23
21
21
26
23
30
24
28
35
24
27
29
20
24
26
25
31
26
24
32
29
33
28
20
32
27
30
37
18
30
32
26
25
23
35
27
24
17
23
25
23
25
26
22
21
25
23
24
24
30
26
20
28
29
20
21
22
22
24
30
29
27
31
33
27
22
21
23
19
33
40
31
31
25
24
27
30
25
25
24
24
32
29
17
30
26
19
31
19
23
26
26
14
29
29
25
20
34
25
29
29
33
16
35
23
27
26
37
24
21
23
26
20
28
25
29
32
23
26
25
25
22
25
26
25
29
25
27
31
27
22
29
29
28
27
24
31
26
28
32
25
31
19
22
24
22
27
41
28
22
24
19
25
19
29
34
34
31
28
34
34
32
32
28
30
23
29
22
23
26
29
16
20
25
31
29
22
26
34
21
22
36
18
21
26
22
30
40
23
33
27
20
31
26
25
31
36
21
20
26
24
26
22
25
30
29
26
21
34
29
24
22
25
30
22
34
30
17
31
20
31
25
25
20
20
19
27
22
26
29
19
40
29
20
29
23
34
26
31
23
21
27
28
23
26
27
35
28
28
29
27
27
30
24
23
19
28
26
23
16
32
23
22
23
20
23
25
21
25
20
25
32
27
32
21
21
25
31
27
18
26
30
27
21
27
25
29
31
35
28
29
39
30
28
25
35
34
29
33
35
31
26
27
29
21
30
23
18
21
29
18
30
29
22
25
35
29
28
24
20
30
25
27
29
21
28
31
21
24
24
25
22
26
18
28
26
24
30
30
27
34
29
22
31
20
36
37
30
31
29
25
28
31
30
27
37
28
31
33
34
37
24
33
34
23
21
35
29
32
17
26
28
23
27
24
24
22
24
25
30
33
20
27
23
32
30
28
29
28
25
22
32
29
33
30
26
30
37
26
29
43
26
21
28
30
31
33
36
27
30
25
22
30
24
28
35
19
34
35
32
28
32
39
41
25
29
30
32
32
30
26
39
35
24
41
38
30
30
31
30
31
39
39
32
27
26
35
30
28
29
27
29
35
31
50
19
31
36
28
30
34
30
30
25
21
39
29
33
36
30
30
33
34
32
37
23
26
39
37
31
34
35
36
35
33
22
39
28
30
39
35
35
30
31
39
41
32
20
29
33
32
38
32
42
38
35
37
28
26
28
30
37
31
41
29
22
25
29
34
34
39
39
32
33
34
33
33
44
36
29
36
32
34
33
28
38
27
30
31
29
29
31
36
32
36
41
39
48
38
38
33
31
39
20
35
35
34
29
48
35
37
42
25
42
44
35
38
43
30
34
35
29
34
38
37
27
44
36
34
27
37
33
40
45
35
39
47
39
38
40
34
42
43
41
32
46
33
43
30
39
32
28
38
41
27
25
38
45
38
32
32
40
29
33
50
42
36
36
42
41
39
43
40
36
49
49
49
48
44
31
38
40
30
36
40
33
38
48
49
45
42
35
42
47
50
28
39
46
45
38
48
52
38
40
45
42
40
40
43
44
36
38
25
44
52
47
39
37
41
46
44
49
54
41
43
43
46
44
43
45
45
57
42
50
53
45
61
43
51
49
56
52
55
49
46
49
41
52
41
51
47
43
44
47
45
51
52
65
50
44
60
53
44
37
48
51
54
53
49
46
50
49
60
49
51
42
53
56
57
56
53
48
46
55
49
46
54
54
52
48
58
56
53
67
38
54
45
49
53
61
70
59
63
45
52
54
61
43
57
45
62
54
55
39
53
54
64
50
49
67
49
62
53
51
42
52
54
67
69
68
71
47
57
50
51
57
64
68
57
47
56
64
49
71
68
58
56
57
69
55
57
55
61
55
64
55
53
51
55
68
58
68
61
64
71
49
61
55
49
71
66
74
63
70
59
52
69
48
56
54
55
67
58
67
59
50
49
52
60
63
73
45
45
66
55
75
59
56
62
62
50
63
54
58
53
71
64
48
56
58
56
54
56
48
73
67
50
68
61
56
52
55
70
64
52
58
58
52
45
57
66
52
52
67
54
47
51
51
53
56
63
56
56
59
69
54
54
50
64
59
66
60
58
60
52
59
63
52
28
58
49
54
62
57
49
55
57
52
65
53
56
51
60
52
49
49
59
47
51
52
37
40
65
48
56
58
54
62
51
51
48
50
48
44
46
57
60
53
59
51
48
44
64
52
49
41
48
45
39
35
43
42
43
44
57
41
36
43
53
41
49
41
41
45
52
47
43
58
40
42
36
37
38
44
46
45
47
40
39
46
56
54
35
49
54
41
38
48
57
46
35
48
47
34
52
51
50
62
27
46
31
33
55
49
39
40
34
55
37
40
46
41
40
38
46
41
37
41
40
32
41
43
47
36
41
42
43
32
34
36
38
38
32
44
41
38
35
33
32
45
28
42
37
32
36
35
37
27
30
25
47
26
36
35
30
34
37
48
40
38
39
37
30
34
35
30
37
32
40
38
36
27
24
28
35
39
28
23
30
21
31
34
33
27
35
20
25
19
31
23
18
31
28
23
26
22
24
26
24
26
23
27
21
29
33
21
27
44
17
28
31
29
21
14
27
28
37
21
32
33
25
24
20
20
26
26
29
16
31
27
22
24
33
17
25
18
21
17
32
28
27
20
23
24
22
18
18
25
29
20
21
19
30
24
23
19
19
18
24
9
19
26
23
21
16
32
18
15
22
15
23
12
28
16
24
18
25
19
27
22
26
16
26
24
19
25
18
24
20
18
19
15
22
19
18
17
25
20
21
17
19
17
24
21
16
18
22
24
10
22
26
26
16
16
12
15
24
23
26
26
20
25
10
27
36
26
22
21
21
14
25
22
10
16
11
24
15
16
20
21
13
21
16
19
30
27
15
27
26
11
27
21
24
16
12
15
25
25
25
22
25
45
92
79
82
84
84
78
69
63
75
84
64
73
90
74
81
83
65
74
78
87
85
74
82
84
68
78
71
84
82
72
75
75
60
79
65
60
77
58
72
69
63
67
74
72
79
73
56
84
67
70
73
75
67
78
64
72
79
67
74
76
82
69
67
49
68
69
59
69
65
55
80
64
61
65
64
59
68
77
55
69
54
54
52
48
49
60
54
64
60
59
59
67
55
61
54
56
52
53
59
60
63
54
62
54
57
60
56
69
56
56
53
69
59
69
69
60
66
47
41
62
55
52
43
51
45
64
64
51
50
60
59
60
53
35
47
40
44
49
57
56
42
45
49
45
51
54
51
57
55
48
39
46
43
48
52
47
56
44
46
61
45
47
51
42
44
45
55
55
47
44
39
49
41
55
43
57
41
42
38
45
52
35
43
17
