# Filename : TXT_Files/Acq14400sec_015.Chn
# MCA detector ID: 1
# Start time : b'12':b'12':b'32'
# Start date : b'01Oct221'
# No channels : 8192
# Live time : 716343
# Real time : 720000
# En cal factors A + B*x + C*x*x
# A : 0.0
# B : 1.0
# C : 0.00
0
0
0
0
0
0
0
0
0
0
0
0
0
0
0
0
0
0
0
0
0
0
0
0
0
0
0
0
0
0
0
0
0
0
3
0
13
59
223
398
390
430
416
427
434
433
472
431
437
426
427
457
450
449
457
465
448
442
453
467
463
472
458
507
467
498
470
489
491
492
450
491
486
500
456
480
524
519
516
516
445
552
525
522
550
546
530
527
615
516
577
512
520
556
577
549
543
577
581
536
565
628
610
659
640
605
615
641
690
636
682
624
682
704
655
677
725
666
717
641
730
731
750
734
736
723
731
803
769
782
781
744
787
797
799
827
840
812
805
798
791
805
819
840
775
862
864
805
811
852
786
826
820
852
789
810
807
787
749
782
776
808
758
791
826
732
794
772
812
751
782
821
727
802
778
756
777
809
774
761
811
767
774
785
808
772
790
777
842
842
898
887
852
886
924
850
889
894
938
871
963
919
907
904
897
942
999
970
998
1014
935
1006
1032
981
1019
1037
1073
1068
1062
1051
1014
1076
1101
1141
1088
1130
1068
1239
1157
1175
1124
1173
1213
1112
1253
1224
1182
1280
1160
1267
1220
1280
1246
1300
1289
1319
1316
1306
1290
1329
1400
1424
1374
1327
1381
1351
1330
1376
1356
1454
1502
1378
1535
1509
1524
1500
1486
1521
1567
1546
1603
1607
1625
1602
1630
1723
1649
1708
1669
1696
1748
1736
1739
1725
1751
1765
1800
1837
1792
1876
1826
1947
1857
1886
1851
1923
1911
1948
1908
2024
2001
1936
2073
2104
2090
2137
2149
2188
2130
2091
2139
2200
2143
2184
2137
2221
2232
2289
2286
2348
2240
2319
2353
2320
2419
2383
2312
2435
2347
2360
2320
2503
2418
2327
2475
2439
2488
2477
2527
2407
2550
2585
2605
2590
2660
2668
2571
2625
2628
2637
2764
2609
2683
2707
2747
2680
2790
2891
2721
2826
2824
2818
2905
2938
2885
2955
2940
2961
3081
3002
2953
2999
3108
3110
3151
2992
3108
3101
3017
3156
3222
3150
3242
3051
3211
3165
3207
3207
3343
3279
3230
3349
3296
3270
3293
3321
3317
3287
3227
3302
3319
3296
3393
3346
3274
3202
3377
3345
3317
3233
3429
3331
3311
3281
3191
3326
3254
3358
3132
3125
3246
3150
3208
3152
3252
3217
3145
3247
3263
3285
3190
3187
3147
3176
3192
3146
3198
3100
3200
3251
3252
3298
3047
3053
3224
3246
3186
3137
3076
3216
3076
3227
3204
3194
3077
3219
3234
3206
3199
3196
3149
3239
3155
3214
3201
3245
3242
3277
3336
3201
3218
3156
3219
3212
3234
3258
3267
3175
3196
3256
3193
3079
3124
3156
3145
3083
3189
3118
3140
3167
3241
3161
3116
3107
3208
3120
3053
3113
3111
3045
3165
3128
3115
3042
3101
3008
3175
3143
3201
3147
3046
3023
3122
3052
3019
3024
3033
2967
3040
3043
3052
3062
2958
2933
3042
3023
2944
3007
2989
2981
2927
3024
3028
2944
3094
3043
2906
2945
3053
3009
2997
2925
3003
2998
2944
3030
2900
2901
3013
2936
2931
3037
2940
2931
3023
2842
2931
2986
2825
2888
2928
2918
2951
2971
2895
2923
2982
2924
2912
2889
2957
2975
2838
2882
2860
2865
2958
2926
2843
2820
2896
2910
2903
3002
2913
2739
2890
2803
2819
2929
2800
2880
2828
2781
2748
2849
2839
2822
2856
2801
2786
2830
2770
2893
2835
2766
2780
2738
2871
2856
2812
2796
2797
2749
2750
2679
2767
2780
2723
2802
2717
2730
2696
2786
2808
2698
2760
2782
2734
2711
2764
2749
2801
2740
2713
2698
2698
2769
2711
2722
2700
2718
2789
2708
2695
2638
2704
2595
2657
2663
2777
2683
2570
2573
2573
2652
2629
2517
2709
2667
2670
2530
2534
2634
2669
2599
2582
2636
2541
2534
2638
2569
2585
2531
2540
2606
2493
2640
2591
2559
2537
2523
2554
2450
2547
2523
2471
2524
2556
2580
2453
2500
2494
2510
2489
2488
2563
2428
2541
2499
2535
2402
2391
2460
2503
2443
2428
2436
2461
2456
2363
2484
2368
2371
2423
2472
2264
2324
2359
2348
2438
2372
2393
2342
2402
2461
2346
2260
2356
2406
2417
2336
2316
2324
2280
2459
2297
2356
2301
2312
2236
2261
2371
2244
2206
2209
2318
2349
2308
2282
2291
2185
2265
2321
2190
2303
2262
2271
2251
2175
2280
2292
2233
2349
2193
2218
2242
2177
2314
2296
2204
2229
2208
2208
2285
2272
2142
2245
2181
2166
2187
2196
2186
2090
2184
2190
2250
2244
2184
2163
2108
2205
2221
2158
2195
2123
2175
2208
2145
2126
2074
2067
2119
2171
2109
2094
2074
2087
2101
2184
2127
2123
2118
2051
2087
2096
2106
2005
2020
2160
2037
2120
2021
1988
2043
2090
2083
2029
2058
2046
2008
2118
2076
1929
2080
2098
1914
2019
2061
1925
2062
1987
1972
1964
2040
1962
1915
1877
1958
1875
2006
1922
1909
1947
1959
1984
1968
1996
2032
1916
1886
1941
1928
1913
1939
1883
1939
1885
1855
1884
1904
1833
2010
1851
1892
1911
1859
1882
1886
1901
1773
1823
1765
1833
1868
1899
1792
1885
1885
1844
1904
1841
1880
1792
1821
1781
1797
1832
1854
1783
1822
1857
1761
1842
1752
1799
1773
1857
1797
1746
1825
1771
1817
1710
1740
1814
1807
1768
1859
1754
1771
1780
1728
1703
1737
1761
1730
1728
1731
1732
1814
1741
1704
1723
1707
1762
1736
1704
1677
1702
1732
1787
1640
1653
1746
1673
1661
1686
1772
1671
1693
1726
1712
1780
1633
1745
1648
1637
1764
1690
1729
1711
1652
1729
1661
1669
1724
1645
1629
1725
1654
1716
1655
1653
1571
1668
1673
1617
1691
1636
1665
1649
1619
1649
1573
1626
1652
1642
1657
1590
1696
1674
1675
1624
1656
1652
1548
1492
1655
1732
1552
1572
1596
1542
1582
1607
1606
1575
1633
1578
1610
1527
1561
1619
1527
1665
1561
1597
1530
1536
1553
1513
1563
1592
1568
1602
1505
1532
1523
1523
1573
1532
1504
1450
1510
1570
1548
1528
1483
1470
1525
1499
1517
1506
1486
1428
1459
1477
1437
1459
1443
1451
1417
1435
1436
1399
1494
1423
1490
1476
1446
1433
1457
1432
1436
1388
1419
1442
1486
1472
1438
1463
1391
1424
1423
1356
1447
1462
1419
1404
1381
1408
1362
1421
1383
1418
1332
1371
1432
1330
1400
1328
1364
1292
1330
1392
1394
1351
1306
1422
1366
1305
1384
1324
1321
1314
1300
1262
1317
1330
1267
1307
1311
1253
1355
1313
1333
1337
1346
1350
1283
1372
1295
1334
1359
1303
1276
1373
1346
1311
1333
1306
1344
1232
1296
1306
1246
1309
1282
1252
1235
1268
1238
1303
1241
1279
1264
1288
1233
1330
1246
1296
1284
1260
1240
1217
1320
1211
1201
1266
1241
1241
1283
1241
1207
1225
1241
1245
1235
1242
1207
1201
1278
1176
1203
1188
1284
1226
1266
1207
1304
1307
1224
1203
1271
1237
1218
1222
1219
1238
1201
1275
1225
1237
1267
1248
1278
1239
1248
1201
1228
1223
1220
1211
1206
1226
1259
1280
1308
1214
1229
1236
1245
1268
1210
1228
1276
1303
1287
1259
1294
1255
1240
1235
1293
1250
1251
1305
1270
1269
1220
1310
1207
1292
1262
1309
1316
1229
1337
1260
1243
1349
1306
1287
1329
1290
1320
1260
1296
1326
1279
1275
1275
1294
1288
1339
1302
1334
1316
1326
1221
1257
1307
1280
1291
1241
1260
1274
1172
1294
1259
1207
1274
1282
1277
1287
1211
1229
1278
1214
1218
1279
1202
1262
1279
1278
1233
1213
1142
1213
1170
1239
1214
1191
1201
1208
1162
1230
1139
1202
1145
1172
1145
1178
1175
1177
1160
1137
1066
1206
1081
1121
1139
1098
1139
1115
1126
1082
1021
1051
1094
1062
1101
1043
1079
1021
1095
1041
961
1080
1027
1028
1006
1063
997
1049
1033
989
969
979
956
957
1007
1008
945
977
943
927
946
903
941
932
938
903
922
937
931
944
908
993
905
895
923
849
918
947
854
823
875
919
879
889
877
845
897
890
857
783
860
838
873
874
870
833
850
786
835
830
825
745
825
834
863
820
890
777
819
770
809
807
877
766
815
823
782
790
808
866
788
839
776
828
735
804
754
777
792
764
823
767
813
751
721
756
829
743
750
741
785
798
719
758
738
782
767
773
770
783
741
765
736
800
777
788
758
738
775
712
763
826
714
803
692
788
767
757
743
767
722
714
753
774
755
762
753
794
770
740
748
734
767
670
681
773
707
673
775
733
738
847
732
749
701
754
712
761
727
725
711
728
718
779
758
746
771
741
714
717
715
756
762
753
790
736
673
749
738
778
739
714
726
695
745
799
734
716
808
679
705
732
761
710
734
752
728
734
734
823
698
740
758
746
660
731
728
726
707
744
731
694
721
700
712
742
690
693
728
718
703
727
687
661
699
735
743
711
705
632
710
751
710
704
706
671
728
706
776
680
723
719
702
720
724
685
740
708
707
705
655
727
682
687
683
737
713
651
671
743
712
685
710
702
673
652
671
699
695
676
677
693
650
683
657
667
646
667
664
659
639
651
684
698
672
657
632
631
672
654
660
611
656
646
622
616
589
664
574
606
576
611
653
632
594
582
640
650
628
659
618
613
583
625
616
584
578
587
642
603
585
591
587
620
574
607
584
603
561
553
617
577
600
546
606
553
555
526
531
565
552
558
544
578
533
578
546
521
540
575
539
533
554
547
483
555
588
522
572
555
558
532
526
545
500
519
543
515
551
535
509
583
516
523
517
524
556
520
599
555
522
564
558
535
530
535
540
545
551
554
549
535
564
535
499
504
498
528
550
556
547
541
506
555
536
511
526
557
519
561
554
519
515
569
533
508
501
522
571
546
530
560
549
533
562
525
531
559
569
549
569
546
553
570
536
540
510
541
577
564
594
570
576
581
546
542
537
573
544
555
555
506
571
546
579
554
583
574
562
589
539
583
573
596
595
564
578
566
601
543
570
561
551
563
549
584
565
551
586
590
537
585
579
574
564
614
612
598
587
620
577
608
610
585
562
541
568
573
546
574
586
580
579
547
608
574
521
553
586
576
603
610
575
611
549
576
581
605
617
594
579
579
540
598
568
583
596
569
590
580
590
519
534
554
627
569
580
542
563
545
556
581
562
566
584
561
581
556
582
598
535
531
560
546
607
543
497
591
528
553
546
544
579
534
556
591
504
531
542
573
562
518
523
527
565
536
481
503
497
532
566
538
533
523
511
491
513
519
494
500
495
539
478
460
511
457
492
475
511
487
499
490
476
482
464
446
467
478
417
445
424
460
473
428
456
461
428
429
468
432
434
411
400
458
425
417
458
409
405
412
412
423
395
386
419
405
387
410
404
443
423
410
385
367
381
401
368
385
396
403
407
377
385
400
396
388
351
397
355
368
346
367
342
392
358
324
360
359
340
344
356
349
349
349
349
344
356
390
401
355
344
339
348
342
348
362
315
346
341
338
338
327
338
339
355
321
341
308
389
334
349
355
293
345
345
308
340
355
325
319
297
329
344
336
284
323
346
353
340
340
348
332
315
345
323
323
317
336
323
338
342
340
342
321
330
334
351
351
330
344
373
318
329
356
375
323
331
337
374
355
333
320
325
352
325
379
338
343
355
332
342
336
342
352
336
401
333
340
362
355
360
334
353
334
388
375
347
360
380
367
382
395
380
380
345
401
392
354
379
385
377
401
392
370
388
397
373
392
391
386
348
412
406
361
377
367
377
374
386
362
379
398
375
415
380
365
413
378
397
408
391
384
420
407
442
383
402
398
425
411
394
424
414
448
413
426
400
423
407
422
437
412
401
418
448
457
414
424
428
392
439
395
419
420
408
455
490
413
382
432
449
394
413
427
425
482
414
428
474
438
456
479
440
433
464
459
421
414
418
468
437
413
428
452
423
442
457
436
423
423
403
413
448
429
428
450
438
391
425
397
443
391
419
415
401
429
375
419
414
404
436
428
403
413
411
391
380
391
389
411
431
363
387
394
400
396
413
367
403
396
405
409
384
382
343
359
374
360
373
406
347
326
358
329
357
386
398
378
350
348
351
329
353
315
343
327
347
359
361
321
354
343
323
321
339
349
308
328
325
297
313
305
299
337
331
277
323
326
313
276
334
256
285
295
304
276
297
295
297
302
279
301
305
286
257
265
294
280
277
278
271
278
276
270
282
274
272
260
259
258
271
260
229
277
271
263
255
258
257
248
240
296
251
237
244
257
246
253
228
272
273
238
248
244
261
228
247
280
231
217
226
219
260
219
247
253
268
237
256
272
222
203
245
264
234
270
244
248
236
255
236
237
254
260
232
236
258
245
250
241
248
237
232
221
221
247
233
218
233
222
233
226
266
258
246
225
228
228
214
232
241
242
227
218
254
241
219
229
227
232
220
222
251
227
240
224
222
227
212
256
228
243
228
228
205
229
266
227
236
253
227
243
237
231
253
242
257
225
228
232
239
229
250
246
228
237
248
223
218
240
211
234
242
216
281
223
229
212
231
246
247
233
239
211
232
229
194
225
252
229
207
213
222
216
240
230
246
234
253
227
213
236
234
221
222
197
222
215
241
214
214
229
244
215
227
205
243
228
230
214
203
236
210
239
239
218
202
238
223
200
212
221
218
237
219
221
205
243
210
214
217
220
217
205
214
207
217
205
223
194
216
221
225
205
215
209
196
217
217
186
208
216
221
222
204
220
246
227
240
242
227
237
225
218
220
201
208
198
194
199
209
206
217
209
230
211
211
215
238
208
208
227
218
207
217
243
200
227
198
225
228
220
212
228
191
195
196
239
223
208
197
223
197
210
225
254
219
236
193
218
227
205
194
215
188
187
224
191
204
223
247
248
220
232
235
212
235
204
176
219
220
217
188
187
187
209
212
201
220
189
226
222
213
205
207
235
195
228
199
207
216
210
211
223
213
214
225
236
238
205
240
179
211
238
208
219
200
225
207
219
233
241
202
207
211
204
216
219
213
210
215
233
208
190
217
212
220
214
225
244
223
215
212
199
218
189
223
241
201
230
226
213
236
211
207
214
233
218
231
206
211
239
253
189
208
226
212
202
224
191
198
237
200
220
214
220
192
223
180
222
204
233
210
216
208
229
228
209
211
236
194
214
182
185
210
203
203
197
227
208
220
208
202
223
212
184
222
191
211
190
232
210
191
212
204
198
223
206
222
198
211
212
211
205
195
196
219
184
178
197
191
210
155
192
178
206
202
196
177
197
195
186
183
189
213
173
182
188
187
186
188
211
214
170
190
203
194
200
196
184
186
186
194
168
173
194
190
187
176
168
189
174
196
209
173
189
175
168
206
188
193
189
179
205
179
188
175
166
188
202
199
141
171
200
205
178
173
170
180
178
162
168
188
205
179
180
190
180
204
165
180
185
168
178
196
166
164
188
187
170
175
170
184
184
190
167
161
201
197
184
175
195
176
175
183
179
155
168
169
196
191
165
155
153
164
189
202
169
180
171
160
178
179
175
183
179
162
174
176
176
181
172
198
164
174
189
150
181
186
186
169
174
187
174
160
185
175
170
175
167
183
161
177
183
154
176
194
176
171
168
189
188
180
191
167
167
204
170
164
142
184
182
186
200
187
192
167
202
170
179
207
187
170
192
214
198
187
188
198
201
194
212
206
203
186
185
212
205
207
212
169
211
197
192
185
176
174
195
190
194
226
223
207
190
204
198
189
224
182
207
198
194
188
198
197
194
226
190
200
204
221
181
195
183
217
191
219
187
207
224
186
203
250
217
190
198
197
219
196
210
229
228
210
249
236
178
215
211
188
216
224
239
235
194
192
235
229
234
219
196
213
225
246
253
237
234
216
255
229
201
220
193
205
237
240
227
261
232
260
239
241
219
249
244
211
225
251
218
229
231
242
271
243
216
257
227
238
217
249
247
231
244
250
242
249
274
254
252
255
267
229
242
255
241
224
223
238
245
252
242
269
229
258
257
246
269
257
257
285
251
275
260
270
239
267
277
265
245
264
272
246
271
264
268
282
243
263
260
262
234
253
256
274
269
244
267
244
274
257
280
276
262
272
267
252
283
249
256
260
270
250
258
261
270
275
325
256
265
266
270
267
251
265
269
242
277
272
251
266
259
272
252
247
290
277
244
254
250
246
275
255
254
259
258
264
263
266
226
279
281
251
285
255
262
300
263
250
270
229
283
241
258
245
237
252
257
272
245
268
269
244
249
261
259
253
275
252
263
262
252
259
251
243
249
237
272
254
277
279
244
257
242
264
266
238
235
267
270
271
250
268
219
244
247
245
229
239
272
273
235
253
229
232
232
245
249
251
229
237
228
231
235
226
235
227
214
219
238
232
211
202
239
230
231
223
224
187
221
218
225
229
217
221
223
189
194
216
212
190
195
195
234
196
208
190
190
189
224
195
202
193
211
189
203
194
167
216
179
215
192
195
191
186
215
164
176
205
180
191
188
204
177
175
150
193
158
184
180
162
170
170
184
177
171
153
168
165
182
139
163
161
153
169
167
155
160
166
156
143
151
152
148
150
149
159
159
170
139
139
135
138
164
162
154
146
150
130
149
126
142
170
152
146
128
161
142
128
133
133
122
148
135
148
144
123
132
133
151
126
143
162
129
116
147
128
131
118
132
126
137
126
132
113
124
129
121
141
117
106
134
131
122
122
102
126
119
125
124
124
135
108
112
127
120
127
104
128
95
110
112
136
122
108
108
108
120
103
129
127
112
115
130
111
121
119
97
116
101
119
113
120
110
134
98
112
104
112
106
115
101
106
134
119
134
104
115
132
118
117
117
108
115
103
93
128
104
102
102
112
100
130
106
104
112
117
110
107
110
121
114
111
97
88
109
121
107
135
106
117
121
113
98
100
101
107
103
102
118
102
110
108
101
111
90
93
114
113
112
117
95
105
120
95
114
116
106
126
102
95
100
97
95
117
113
101
116
73
105
103
87
113
105
116
95
86
121
92
110
108
95
120
103
93
105
100
104
111
110
95
119
101
102
97
105
110
92
103
118
101
118
96
94
108
118
91
115
110
119
109
112
99
130
109
106
94
118
105
114
113
105
98
122
103
112
111
92
111
112
96
110
107
95
76
119
95
89
107
98
113
109
84
99
120
101
100
95
97
97
86
93
93
106
93
115
106
115
87
84
109
115
112
103
104
122
111
104
108
92
86
83
88
88
98
110
112
95
126
104
98
97
96
102
106
107
101
80
98
90
101
97
98
93
94
102
90
99
94
113
109
93
100
109
97
100
100
105
88
102
101
96
89
93
90
103
83
81
84
92
87
91
87
89
105
108
91
104
109
88
103
95
96
93
88
84
91
92
100
114
93
79
105
86
79
95
92
103
99
112
94
95
109
103
105
94
92
91
95
104
97
101
87
120
93
102
109
98
97
106
96
99
82
90
101
100
102
84
90
97
91
81
85
96
100
74
82
92
112
101
108
117
100
86
91
105
95
95
97
103
114
111
81
88
106
93
96
108
105
102
83
109
106
95
111
105
119
82
115
116
101
88
105
96
119
97
113
113
113
98
92
103
92
97
87
104
102
79
101
91
113
85
79
110
84
79
106
96
97
85
102
107
99
70
93
111
96
105
111
106
86
92
96
107
109
90
79
96
98
101
79
82
81
95
75
100
102
122
96
96
104
105
94
105
88
94
89
106
85
109
120
113
100
109
94
97
91
90
93
90
85
101
93
102
107
106
80
112
102
119
90
92
127
85
98
83
87
86
101
101
92
102
112
111
109
89
113
97
103
75
94
114
129
109
100
94
101
94
106
91
100
101
101
95
94
79
101
108
76
97
103
78
112
99
96
80
98
106
106
103
91
92
91
102
110
98
94
92
106
101
98
135
74
100
97
98
109
78
90
88
92
96
103
99
101
100
84
96
94
105
97
87
97
103
94
103
117
110
100
86
88
93
79
85
101
96
89
95
107
95
93
98
103
114
82
92
79
102
94
117
100
92
99
95
95
96
79
81
106
104
75
101
83
96
93
99
96
93
108
90
108
96
109
94
83
89
88
96
108
101
100
108
96
107
104
98
119
101
99
80
90
99
105
90
80
102
114
108
80
104
107
108
93
96
87
95
94
90
89
96
117
85
106
90
93
82
100
117
93
92
87
100
103
86
103
101
89
88
82
98
103
84
103
100
118
94
103
104
101
79
92
90
94
91
85
109
100
89
87
107
119
97
82
91
113
92
107
86
83
98
114
95
93
102
84
121
120
107
89
101
89
96
78
79
99
99
88
85
86
89
86
108
100
93
101
98
80
91
92
76
96
91
91
91
88
72
86
81
98
96
85
102
103
88
81
88
89
93
109
83
81
81
96
75
93
93
90
92
109
90
78
72
99
97
104
97
89
99
89
80
102
85
109
76
97
80
94
101
62
72
103
91
95
83
99
78
89
87
79
88
92
89
92
95
91
79
81
79
87
95
89
70
88
81
91
86
84
87
82
94
82
97
84
86
102
81
79
75
90
92
75
83
77
89
89
102
85
97
78
79
74
86
89
96
85
85
68
77
80
79
97
76
99
77
86
79
88
73
68
68
66
74
92
60
88
76
75
65
68
75
68
86
73
70
88
99
77
81
77
90
94
70
75
70
73
88
77
74
74
92
78
74
79
79
87
88
95
69
70
77
82
71
92
74
85
83
65
77
63
96
93
77
86
59
71
84
62
81
68
73
78
75
82
74
71
80
72
88
83
82
79
93
71
86
78
80
60
54
78
65
73
86
63
97
78
78
87
84
88
61
75
69
73
69
82
74
62
70
77
91
64
68
81
74
63
80
76
80
85
81
75
82
77
82
74
75
92
89
66
80
69
66
75
75
69
87
80
70
87
92
76
80
85
51
86
76
66
76
60
72
72
73
68
72
88
78
83
72
71
64
86
88
83
68
89
87
67
70
82
65
69
64
67
77
75
78
74
70
74
79
71
73
88
56
72
79
87
81
64
73
60
78
81
80
63
66
75
77
66
82
76
73
82
80
74
87
74
74
67
57
67
76
72
79
73
62
65
71
90
88
89
72
71
74
77
65
75
89
67
69
74
93
75
84
56
85
71
76
53
83
76
82
68
71
86
71
68
65
78
85
72
69
88
83
74
59
69
85
83
69
78
70
56
65
75
69
57
84
73
67
74
63
62
71
78
83
90
65
79
60
84
71
66
78
77
75
81
68
72
65
75
69
69
66
73
82
70
79
77
63
90
77
72
80
74
68
75
68
79
70
75
72
80
81
76
55
88
79
63
68
77
77
102
77
75
61
81
72
69
84
72
71
75
86
68
75
77
74
79
73
78
73
85
80
74
62
73
58
76
79
76
85
76
65
72
81
84
78
79
78
88
68
71
74
71
73
67
85
74
61
72
94
97
78
66
82
92
79
95
68
85
87
84
80
73
73
85
90
82
65
87
74
86
68
85
85
80
83
74
72
86
83
80
65
96
103
91
80
94
71
91
81
80
91
92
95
85
77
77
90
79
67
94
84
80
76
83
77
76
78
79
108
91
86
75
81
74
78
94
62
81
92
81
76
97
96
97
80
79
82
87
94
80
95
85
95
96
80
83
83
87
73
77
86
94
88
84
94
95
96
97
86
90
99
115
80
91
86
88
103
85
106
98
102
79
89
89
95
113
90
77
94
114
86
101
102
74
111
88
92
95
102
104
98
85
99
102
92
79
83
99
96
84
106
100
97
98
90
108
103
71
92
94
84
95
97
83
103
94
108
116
98
113
100
99
85
82
92
88
94
98
105
95
90
103
109
81
89
89
96
96
98
87
84
97
86
108
83
94
92
89
85
89
81
99
100
94
111
91
99
109
89
94
89
87
97
101
98
100
96
96
95
109
87
91
106
92
87
94
97
83
86
110
108
94
87
63
95
104
76
85
106
88
89
91
107
92
94
90
77
78
97
87
87
70
88
89
86
78
103
93
85
86
84
107
90
81
104
92
65
86
83
94
99
92
87
98
106
94
99
70
93
89
78
100
86
79
81
82
89
103
97
87
95
79
87
85
88
103
106
76
90
79
92
87
93
88
107
85
94
90
92
72
82
93
92
86
96
79
84
92
102
77
84
90
76
96
81
79
75
101
82
71
93
89
81
96
80
89
92
90
83
68
78
79
78
75
82
102
80
85
89
90
72
96
89
83
90
82
98
80
81
74
63
77
96
86
84
87
69
77
68
71
87
79
77
81
82
75
80
79
88
72
80
88
87
100
75
63
80
74
80
93
87
83
94
101
77
81
85
73
79
76
98
87
84
72
74
72
82
78
89
85
83
70
79
79
68
92
91
85
79
85
66
90
69
81
65
69
76
66
96
83
60
79
78
94
86
74
92
86
81
88
75
92
75
67
81
76
65
60
72
77
78
85
73
98
95
76
88
80
74
68
79
78
66
93
80
79
92
69
78
76
100
78
73
71
82
82
90
82
80
90
80
90
95
85
51
86
93
75
88
70
89
77
81
76
67
61
60
99
73
86
69
68
80
75
77
67
71
75
69
83
83
64
60
61
72
64
68
85
61
60
79
67
66
71
86
66
80
73
87
68
79
69
60
55
53
71
54
71
74
79
69
65
88
84
70
61
64
61
63
64
67
73
70
58
71
68
77
62
55
71
67
77
77
69
70
66
84
56
58
57
54
65
84
66
57
72
65
51
70
47
58
59
73
72
53
54
65
57
48
61
63
73
52
58
59
44
46
71
56
63
59
65
60
58
60
55
56
56
57
58
54
47
66
54
63
36
63
59
58
56
70
45
59
56
61
59
44
57
69
66
44
46
52
50
47
55
48
43
52
49
52
46
53
55
57
35
49
36
43
56
53
44
54
41
53
49
49
43
44
51
47
51
39
47
49
45
38
47
38
50
56
60
48
56
46
53
58
55
43
47
55
41
41
46
59
48
47
34
55
52
48
44
46
47
56
37
53
45
45
56
34
47
44
38
34
50
35
48
60
57
46
60
51
58
36
38
37
34
38
53
49
36
43
46
53
40
55
44
51
43
40
48
45
40
46
37
44
45
45
45
33
49
51
32
45
43
41
45
55
47
45
39
48
56
42
49
43
41
35
38
43
50
46
31
45
42
45
37
43
49
42
35
47
42
42
52
47
31
28
41
40
41
45
59
33
40
39
46
39
42
29
43
48
51
38
38
45
41
48
40
34
44
50
45
38
45
36
43
45
43
47
41
39
24
37
43
50
54
48
33
40
35
51
35
43
36
31
48
45
43
49
41
44
36
45
40
35
47
34
36
51
39
44
40
45
38
34
42
49
46
32
45
48
32
41
43
36
45
48
46
49
58
52
39
40
34
49
46
39
40
42
41
34
45
40
49
42
45
58
47
54
36
44
44
47
38
48
44
37
39
41
48
31
44
42
51
44
43
44
40
41
47
35
25
33
39
47
41
38
44
37
48
41
41
45
37
38
43
38
58
55
61
40
36
40
42
47
41
44
46
46
45
44
44
49
38
49
41
46
47
43
47
39
43
41
59
46
43
38
35
44
49
55
39
42
28
52
45
35
47
41
46
44
33
43
47
53
46
47
47
46
45
49
38
55
40
44
40
47
31
39
56
54
36
43
47
39
52
51
37
42
43
40
43
41
51
52
50
53
38
46
46
42
65
39
49
46
50
33
35
47
53
54
50
47
49
40
59
43
46
47
53
38
48
37
37
44
39
57
52
52
45
40
49
46
48
41
46
45
57
44
48
48
51
44
56
46
59
46
44
39
46
49
33
57
52
44
47
43
43
61
52
49
40
58
47
48
53
60
43
44
43
44
41
56
42
42
52
50
42
42
57
62
49
47
45
42
62
41
47
57
51
53
61
56
37
53
50
41
46
54
54
55
59
59
50
51
59
56
46
48
56
33
45
47
52
59
49
59
57
52
53
57
61
60
48
48
50
46
51
67
54
50
53
51
52
51
54
65
54
46
68
51
55
66
50
62
71
49
61
59
56
49
51
55
66
64
62
57
51
54
54
57
40
46
52
49
64
75
61
56
60
53
61
51
71
48
65
53
53
57
56
59
65
65
68
50
62
56
57
53
59
43
52
61
69
55
58
65
55
63
48
65
65
61
61
54
68
71
62
45
59
58
68
64
52
65
53
63
70
61
63
63
60
63
61
50
53
73
58
71
58
69
68
73
69
50
56
69
65
58
67
56
60
46
61
58
56
66
49
61
51
58
79
61
52
63
57
57
57
67
76
54
56
64
48
79
56
48
63
66
52
71
55
64
67
59
44
58
50
64
56
52
54
65
67
52
52
59
59
49
48
56
57
55
55
55
56
52
78
64
55
68
49
55
57
60
56
52
63
54
65
51
69
71
63
54
59
73
65
61
63
57
64
53
65
61
52
51
44
39
66
54
52
52
63
64
51
50
52
58
64
63
43
44
57
64
46
62
51
71
51
58
46
62
68
59
64
54
60
53
57
66
45
50
42
52
49
52
53
47
54
52
45
49
40
57
46
48
62
49
55
63
51
48
55
49
50
58
55
41
54
50
42
55
49
40
54
37
48
55
54
50
49
51
51
52
42
45
51
60
49
50
44
52
45
57
47
50
50
50
46
47
58
38
53
53
48
55
48
46
46
54
47
47
51
31
49
48
48
35
43
45
45
42
49
53
57
41
36
39
36
36
32
50
48
46
43
47
41
42
40
44
41
45
39
57
36
39
43
46
33
48
33
41
40
41
40
35
42
37
43
43
44
36
34
51
44
33
38
38
42
42
34
38
41
40
39
45
54
39
46
48
41
38
37
45
39
49
39
51
42
47
43
31
42
46
42
34
40
34
44
32
38
37
38
41
28
43
42
41
40
44
39
41
33
41
47
45
37
43
33
28
41
32
41
28
38
33
35
31
32
35
43
33
43
36
44
32
37
43
41
46
36
32
25
43
38
38
49
50
38
26
46
32
28
38
48
37
28
33
43
46
40
36
41
27
41
27
37
40
45
40
34
36
36
36
35
38
34
52
56
31
28
41
45
34
33
43
32
36
25
28
43
39
34
32
31
35
30
55
31
40
39
42
38
34
43
36
32
43
41
36
35
29
25
32
46
32
45
32
37
35
43
34
35
43
36
39
26
43
32
42
37
35
43
30
36
24
48
44
30
30
33
39
45
36
32
39
44
42
28
41
31
28
35
42
37
33
36
43
38
38
44
42
44
48
35
45
23
31
32
35
36
32
32
37
25
41
35
25
38
26
41
32
33
40
30
41
27
33
33
22
53
36
36
40
37
31
43
31
23
30
36
44
36
28
33
48
37
41
43
39
42
37
36
32
25
43
37
37
26
41
39
34
44
41
32
25
36
48
35
42
34
36
28
42
43
32
36
37
36
52
34
40
32
39
35
31
43
33
40
28
31
42
38
39
37
28
40
34
45
31
40
38
38
40
43
30
41
35
31
45
43
49
42
36
34
35
38
21
37
27
33
39
26
49
33
39
35
40
29
29
40
45
41
48
39
29
40
46
39
35
30
32
36
44
31
40
40
42
43
39
40
24
24
42
34
32
33
42
33
29
40
42
41
33
44
39
34
38
35
27
30
36
38
27
36
34
33
32
35
41
37
34
34
28
30
33
25
48
39
40
38
38
39
32
51
44
45
40
34
34
38
36
29
24
44
42
45
34
32
41
33
27
27
39
30
25
36
47
34
34
26
34
53
37
43
39
32
42
26
40
48
39
46
42
39
35
43
39
32
40
40
31
43
35
44
26
49
46
34
30
43
36
31
45
40
37
25
40
29
26
37
30
40
39
28
39
40
37
28
38
35
41
32
31
45
42
34
28
33
27
37
30
35
29
33
38
32
48
34
40
27
37
23
33
26
38
35
28
36
31
34
29
33
32
27
39
35
31
27
28
28
32
38
42
33
38
31
33
36
26
36
30
24
40
24
40
34
35
29
28
31
36
37
28
23
33
19
34
45
30
36
20
30
37
41
19
39
36
34
32
25
33
36
25
30
27
35
24
36
31
34
40
29
25
33
39
29
27
35
31
41
24
33
34
29
25
35
29
26
25
34
37
29
27
42
27
27
37
41
24
39
26
37
38
28
25
33
35
43
22
28
23
38
23
28
24
29
29
27
35
29
21
26
22
27
35
32
28
19
25
24
34
29
24
24
34
26
27
25
33
24
32
22
31
26
19
28
29
23
32
27
37
27
22
27
24
27
30
31
30
37
27
34
24
24
30
29
14
22
33
30
35
26
29
24
27
26
28
26
24
30
21
21
28
17
23
26
29
27
21
26
28
21
31
15
19
23
32
28
24
37
22
30
22
19
22
31
22
27
32
26
24
21
28
29
18
21
19
31
27
25
34
29
18
35
24
32
22
38
25
26
29
23
36
29
30
28
28
28
29
33
27
24
22
29
33
24
20
26
25
30
25
19
27
20
22
27
39
22
24
27
25
28
23
25
28
27
19
27
26
28
28
28
27
28
33
29
19
24
22
24
32
22
20
25
25
25
23
28
30
25
29
24
30
20
19
36
22
22
21
30
19
37
23
26
26
30
23
16
18
26
29
24
28
27
32
27
28
30
29
28
31
27
28
26
28
20
27
30
31
32
19
23
21
16
20
25
25
26
19
31
27
27
35
26
24
22
24
19
20
25
24
24
19
29
32
25
21
24
22
19
26
32
36
34
25
26
17
21
20
35
29
26
28
24
27
26
22
27
19
36
27
19
33
27
26
25
26
25
23
25
29
31
35
17
29
20
23
23
27
25
36
31
22
22
29
29
24
24
24
15
25
26
23
25
29
20
31
25
24
14
32
23
22
33
18
33
25
20
28
24
33
25
16
30
33
24
38
18
24
28
24
27
23
22
29
21
20
35
24
30
21
29
32
30
22
32
32
24
24
29
27
34
26
41
29
21
33
27
26
29
24
27
40
25
35
23
30
35
26
26
37
28
32
24
34
22
28
31
27
30
32
34
36
26
24
37
37
32
29
23
36
35
27
27
31
23
38
24
22
30
33
25
29
30
18
33
26
39
29
17
28
26
23
27
26
25
36
24
23
27
30
22
40
22
31
31
27
24
29
18
28
19
35
25
27
25
27
25
32
31
28
35
24
35
23
27
28
32
37
26
32
25
34
26
28
36
22
27
28
21
23
16
38
35
33
38
28
33
33
24
33
15
27
26
30
30
29
31
34
23
34
31
30
31
31
32
31
22
29
24
35
31
33
24
24
33
37
28
26
44
28
29
33
32
19
32
25
27
20
25
38
23
34
42
33
25
33
36
34
26
32
32
38
34
52
26
32
35
29
43
38
31
18
26
28
32
32
28
25
22
37
26
31
31
36
36
36
29
29
28
29
34
30
40
42
31
35
35
34
53
44
15
31
40
35
35
24
38
41
44
22
34
32
27
33
30
41
31
23
35
31
36
29
22
31
35
34
35
41
34
44
34
38
33
33
26
34
33
36
33
36
37
27
40
32
31
36
33
33
26
34
42
37
50
36
44
37
38
37
38
37
27
36
32
36
31
40
35
38
27
45
41
45
44
33
32
39
37
41
40
30
49
35
31
48
46
35
36
42
39
38
43
31
38
45
36
48
45
38
31
45
36
50
38
37
40
37
39
47
55
41
38
30
53
44
37
43
30
46
36
40
44
37
38
46
40
52
45
54
41
35
47
35
42
43
39
42
32
42
41
44
44
51
47
46
37
48
40
42
43
42
36
45
42
40
46
55
39
49
47
40
42
33
56
38
47
48
48
38
56
51
58
46
41
52
51
45
44
43
60
44
46
41
44
50
47
58
37
47
51
58
49
50
56
62
56
54
52
48
43
44
34
40
48
48
59
51
55
47
55
41
48
53
45
57
55
45
55
57
43
62
40
50
43
59
48
54
57
52
61
68
47
59
57
48
61
43
56
54
55
49
62
57
56
51
54
47
59
60
50
56
70
42
47
60
56
65
54
56
45
48
62
65
55
49
60
58
60
51
50
65
50
53
62
59
55
45
53
60
56
55
69
47
68
74
73
64
57
66
59
54
51
63
56
64
47
58
63
64
56
56
65
75
45
68
69
54
61
42
52
57
68
55
58
70
53
58
69
50
62
76
55
59
52
62
47
63
64
53
65
65
60
75
51
58
65
65
70
64
44
56
37
55
52
59
53
62
60
61
57
54
56
53
51
67
48
50
48
65
62
45
61
64
68
68
73
58
56
47
53
54
57
71
61
61
55
58
63
54
60
53
54
67
48
56
59
64
55
59
45
55
72
52
63
62
61
63
63
58
54
44
68
46
57
61
52
46
57
47
58
46
50
54
52
49
40
58
43
42
56
42
53
46
58
48
62
57
61
55
43
53
43
57
63
51
66
55
55
58
43
44
51
53
47
51
47
57
46
44
46
50
48
49
44
43
38
48
48
49
40
44
49
53
40
36
56
47
44
42
47
41
38
43
48
48
46
50
52
50
33
37
40
46
47
35
55
40
37
45
47
39
34
41
47
41
32
46
37
48
57
42
51
41
41
34
53
47
33
39
35
45
46
40
44
36
42
37
37
35
43
39
26
45
40
32
37
20
33
32
41
38
32
34
26
33
28
36
31
21
21
29
33
27
29
46
22
34
35
29
34
23
36
29
36
31
40
31
36
31
30
32
28
22
31
31
36
20
29
35
31
34
26
36
30
30
19
27
19
24
30
25
29
27
20
29
19
22
26
31
22
33
29
21
27
33
28
26
23
28
19
31
29
22
28
19
23
19
27
25
27
20
28
20
23
22
34
20
35
23
23
28
23
25
26
21
29
31
18
26
23
18
29
18
20
21
20
34
17
25
29
26
23
15
24
22
22
20
23
24
19
23
17
26
22
17
33
28
25
32
20
17
24
21
25
16
25
22
24
14
29
25
25
14
20
16
26
24
26
20
24
20
28
26
27
29
22
19
16
21
18
16
23
20
15
16
20
16
16
15
17
16
19
22
18
20
15
18
19
20
18
18
17
22
18
23
13
17
18
13
18
15
21
18
16
22
21
20
24
27
19
24
14
21
16
12
21
16
13
21
23
15
18
15
48
79
90
87
68
82
70
81
94
86
69
84
75
75
69
70
65
82
73
73
74
76
78
88
76
64
79
68
72
72
67
74
64
86
59
73
67
72
72
66
69
58
66
79
66
71
75
65
70
67
80
68
75
70
76
73
60
72
66
63
56
82
54
71
68
65
61
62
67
56
58
65
69
63
69
59
69
57
55
62
75
71
74
70
79
78
75
66
52
48
59
53
55
66
43
74
57
57
53
49
63
64
60
60
58
66
49
55
46
54
58
51
50
50
68
56
77
63
46
53
35
66
44
56
66
56
41
50
44
45
59
40
65
43
50
57
42
58
54
50
48
50
40
50
58
44
47
42
57
54
38
55
57
56
50
43
38
52
49
66
39
52
51
52
46
46
39
55
47
38
29
39
34
45
35
35
34
48
41
42
43
37
44
30
22
