# Filename : TXT_Files/Acq14400sec_001.Chn
# MCA detector ID: 1
# Start time : b'04':b'04':b'59'
# Start date : b'29Sep221'
# No channels : 8192
# Live time : 716280
# Real time : 720000
# En cal factors A + B*x + C*x*x
# A : 0.0
# B : 1.0
# C : 0.00
0
0
0
0
0
0
0
0
0
0
0
0
0
0
0
0
0
0
0
0
0
0
0
0
0
0
0
0
0
0
0
0
1
1
0
5
13
61
222
396
433
426
479
421
418
461
435
421
416
445
470
489
411
446
465
467
454
479
485
453
474
484
449
474
461
511
502
541
491
472
477
485
486
524
515
507
532
492
528
564
506
500
495
510
567
538
560
524
511
519
524
592
561
564
597
551
587
561
577
615
606
647
601
609
614
681
643
653
671
714
722
697
692
702
713
695
721
757
699
737
695
732
713
735
781
765
789
720
735
818
814
834
808
810
794
845
773
797
809
862
865
841
861
860
850
814
792
819
842
839
829
795
846
771
852
857
829
829
806
764
745
820
810
760
767
755
804
778
805
852
777
834
727
782
805
818
791
840
801
849
840
847
804
802
813
865
823
885
865
857
855
919
857
888
866
925
875
961
922
896
905
944
923
893
987
933
944
997
956
1010
996
992
933
1062
1013
1071
1059
1035
1066
1093
1098
1066
1072
1117
1189
1167
1080
1216
1171
1198
1203
1309
1215
1213
1195
1261
1256
1237
1198
1211
1180
1288
1262
1293
1291
1313
1255
1358
1334
1388
1350
1378
1375
1375
1352
1316
1398
1461
1447
1433
1440
1463
1385
1518
1509
1538
1546
1516
1589
1632
1593
1612
1602
1576
1593
1677
1613
1672
1673
1744
1771
1738
1763
1740
1827
1793
1780
1773
1895
1830
1869
1913
1868
1941
1879
1866
1909
2019
1991
1954
2019
2007
2006
2054
2067
2013
2151
2025
2106
2120
2125
2138
2262
2198
2160
2203
2210
2228
2228
2320
2274
2309
2279
2349
2385
2267
2317
2379
2365
2479
2465
2382
2466
2402
2451
2537
2583
2470
2559
2664
2567
2656
2636
2620
2538
2661
2561
2646
2675
2627
2711
2657
2752
2726
2824
2735
2813
2767
2782
2835
2806
2863
2845
2973
2894
2994
2962
3089
3003
3027
3028
3016
3031
3135
3091
3119
3179
3143
3218
3263
3115
3210
3255
3228
3387
3300
3348
3211
3323
3264
3403
3311
3248
3453
3257
3343
3373
3246
3368
3333
3364
3388
3467
3396
3363
3344
3328
3322
3379
3263
3274
3430
3215
3318
3269
3266
3349
3290
3295
3111
3251
3281
3174
3267
3180
3282
3218
3232
3206
3201
3242
3307
3234
3147
3190
3187
3137
3262
3212
3215
3217
3187
3195
3124
3187
3246
3095
3218
3274
3104
3200
3164
3296
3226
3303
3215
3185
3324
3090
3223
3160
3202
3255
3196
3231
3233
3280
3285
3242
3173
3177
3327
3331
3165
3151
3298
3271
3212
3256
3251
3311
3158
3279
3258
3172
3272
3259
3119
3223
3164
3164
3127
3219
3095
3136
3182
3104
3109
3177
3159
3145
3171
3189
3110
3105
3082
3139
3114
3114
3073
3080
3161
3010
3072
3058
3099
3086
3053
3064
3055
3003
3150
3006
2969
2959
3083
3009
3101
3037
2987
3068
3049
2960
2908
2878
2954
3008
3043
2999
2955
2966
3021
2873
2970
3032
2981
2904
2916
2838
2999
2937
2982
2864
2988
2991
2889
2935
2910
2775
2926
2908
3098
2938
2938
2927
2892
2984
2997
2912
2927
2913
2984
2913
2950
2951
2841
2896
2876
2887
2913
2902
2840
2891
2922
2902
2944
2851
2945
2857
2877
2903
2926
2876
2844
2756
2754
2906
2843
2820
2882
2828
2781
2850
2831
2750
2877
2816
2698
2883
2786
2872
2691
2869
2789
2858
2822
2846
2748
2705
2800
2738
2701
2789
2811
2759
2813
2700
2713
2766
2786
2715
2737
2713
2806
2807
2780
2752
2637
2824
2725
2716
2684
2688
2659
2744
2583
2616
2635
2679
2784
2654
2680
2705
2679
2743
2582
2712
2659
2609
2653
2647
2600
2651
2619
2645
2593
2606
2582
2615
2618
2607
2663
2723
2634
2642
2481
2634
2682
2645
2564
2617
2584
2639
2574
2527
2496
2458
2543
2598
2558
2503
2547
2584
2594
2598
2596
2486
2445
2495
2455
2530
2539
2451
2443
2455
2499
2579
2433
2401
2416
2416
2366
2482
2428
2451
2417
2437
2453
2445
2408
2343
2405
2421
2401
2415
2382
2290
2330
2420
2318
2367
2393
2460
2379
2341
2277
2316
2345
2358
2353
2316
2335
2260
2374
2301
2248
2395
2310
2314
2268
2228
2272
2288
2363
2294
2266
2259
2306
2233
2318
2305
2208
2252
2251
2273
2311
2320
2215
2248
2279
2280
2214
2216
2226
2204
2296
2233
2218
2141
2223
2252
2243
2171
2255
2175
2222
2197
2266
2242
2158
2310
2173
2185
2168
2194
2235
2209
2168
2184
2162
2145
2057
2240
2104
2162
2176
2124
2131
2119
2041
2249
2097
2115
2103
2072
2105
2170
2062
2094
2082
2102
2123
2101
2046
2059
2139
2109
2000
2039
2109
2046
2091
2069
2014
2030
2061
2060
2003
1983
1999
2067
2030
2095
1982
2048
2045
1974
2040
2040
1973
2014
1996
1916
1935
1985
1932
1962
1904
1994
1954
1938
1908
1904
1894
1982
1982
1996
1921
1915
1863
1880
1923
1877
1830
1878
1919
1888
1896
1857
1870
1826
1876
1848
1867
1933
1909
1880
1834
1888
1816
1778
1930
1925
1847
1882
1841
1853
1803
1827
1865
1870
1813
1855
1832
1822
1784
1834
1853
1809
1795
1903
1857
1801
1761
1773
1739
1697
1828
1752
1834
1714
1797
1729
1715
1719
1710
1737
1758
1758
1757
1723
1721
1737
1768
1716
1749
1795
1774
1752
1750
1718
1725
1709
1735
1666
1715
1730
1724
1721
1745
1731
1747
1652
1732
1741
1670
1684
1628
1743
1744
1639
1711
1662
1636
1714
1639
1720
1733
1730
1702
1556
1618
1730
1745
1707
1690
1630
1670
1682
1743
1665
1698
1620
1672
1637
1601
1631
1676
1631
1691
1630
1610
1690
1702
1643
1602
1613
1608
1581
1575
1626
1650
1644
1649
1548
1569
1612
1609
1684
1586
1699
1622
1568
1569
1661
1591
1632
1600
1591
1580
1499
1600
1639
1629
1510
1558
1540
1578
1536
1504
1574
1514
1498
1546
1497
1530
1517
1496
1478
1522
1467
1431
1526
1475
1527
1411
1510
1449
1505
1545
1454
1432
1474
1475
1493
1386
1499
1536
1445
1437
1456
1477
1450
1464
1482
1387
1420
1487
1410
1442
1388
1426
1414
1462
1426
1419
1513
1366
1442
1358
1403
1470
1421
1439
1402
1416
1329
1341
1364
1332
1455
1357
1391
1388
1378
1390
1363
1415
1365
1379
1306
1335
1350
1329
1310
1373
1356
1345
1286
1302
1362
1377
1389
1375
1351
1420
1326
1356
1425
1431
1381
1382
1319
1364
1314
1257
1273
1343
1369
1331
1254
1337
1439
1328
1309
1324
1316
1236
1309
1288
1297
1279
1293
1307
1257
1272
1368
1281
1317
1308
1289
1258
1265
1247
1301
1294
1322
1286
1284
1243
1217
1233
1373
1305
1224
1200
1210
1255
1301
1269
1286
1290
1278
1212
1236
1259
1250
1216
1214
1292
1261
1184
1280
1277
1258
1225
1191
1310
1271
1213
1261
1267
1260
1273
1244
1270
1291
1206
1266
1245
1276
1269
1274
1227
1259
1370
1357
1224
1272
1266
1253
1258
1347
1284
1245
1279
1262
1191
1259
1227
1261
1216
1266
1258
1265
1233
1231
1253
1294
1290
1342
1356
1262
1279
1252
1246
1300
1272
1291
1371
1268
1340
1297
1333
1270
1308
1315
1346
1302
1347
1305
1317
1358
1291
1345
1343
1277
1311
1351
1318
1288
1284
1282
1347
1265
1331
1336
1318
1296
1304
1238
1344
1304
1266
1273
1306
1315
1247
1284
1232
1324
1225
1198
1262
1273
1312
1269
1225
1280
1288
1218
1236
1246
1218
1185
1235
1161
1265
1172
1239
1167
1225
1143
1245
1096
1117
1221
1118
1155
1153
1142
1100
1191
1154
1129
1128
1123
1142
1069
1096
1101
1044
1138
1072
1089
1039
1118
1014
1100
1056
1015
985
1070
995
1018
1033
1073
1065
1048
1003
1044
1024
1006
966
956
965
940
985
973
1004
968
932
938
931
977
935
918
889
896
943
939
928
903
867
895
918
889
924
904
874
892
952
880
857
861
876
868
843
854
848
871
825
842
880
854
797
836
860
785
817
808
813
812
798
829
846
844
850
870
835
853
833
760
813
835
796
781
787
769
824
823
816
791
772
785
792
849
828
761
738
844
821
839
759
768
799
799
777
765
790
785
766
786
774
764
814
775
788
790
815
811
773
787
743
777
749
760
721
727
784
775
786
772
748
772
830
734
745
793
738
756
782
762
750
797
767
714
769
769
759
774
724
757
725
738
779
722
760
766
733
729
716
742
737
748
782
726
741
789
732
723
738
721
669
744
725
743
733
764
741
752
799
751
707
711
721
721
718
746
760
745
746
730
720
740
688
746
744
725
755
699
765
753
757
769
712
820
694
771
725
704
736
750
686
701
738
709
774
727
753
699
733
690
741
731
721
749
735
701
749
722
702
711
713
754
690
683
743
702
675
731
740
701
706
681
668
730
788
728
694
704
726
734
708
698
691
685
758
714
696
683
726
717
710
655
673
669
670
619
681
666
657
683
701
681
653
693
703
718
666
679
698
690
651
615
686
687
674
654
650
689
632
644
707
666
607
652
644
670
650
666
612
599
647
672
626
587
627
683
607
681
614
598
626
663
641
637
596
570
578
610
619
618
579
604
597
636
686
631
623
614
576
607
641
631
618
610
602
604
569
557
596
540
583
587
546
565
536
616
558
561
604
551
575
596
572
582
549
476
549
565
507
548
525
529
549
570
552
525
533
555
569
544
541
560
556
560
522
576
513
543
527
512
537
492
555
544
547
554
531
530
534
513
506
523
517
548
562
537
539
510
537
550
537
541
528
540
587
543
517
497
510
504
542
560
519
531
573
522
581
523
551
577
514
544
499
523
505
545
502
558
570
535
509
591
540
576
569
547
536
524
584
537
524
553
596
597
528
553
581
578
541
565
556
589
532
554
553
579
586
520
580
569
557
565
533
581
565
584
590
534
523
575
531
606
575
562
593
563
574
585
577
608
593
526
580
585
603
603
598
578
621
558
578
566
568
551
608
611
564
597
607
574
596
579
551
551
604
582
608
601
595
613
626
593
576
571
558
584
554
531
589
586
608
559
575
587
573
631
603
580
548
642
595
563
588
592
596
569
567
566
551
568
590
608
615
580
575
566
606
569
574
595
573
637
578
622
564
566
553
592
550
623
574
571
558
572
519
555
521
565
555
545
550
538
526
583
508
510
587
575
484
540
503
484
584
561
513
518
529
498
499
531
509
518
490
486
525
547
525
481
504
463
480
491
499
498
527
505
503
499
487
470
489
487
469
476
491
478
429
442
458
417
451
457
456
454
440
481
467
460
444
453
432
489
414
389
449
432
437
420
451
406
403
436
397
390
411
417
399
388
382
386
394
390
389
416
398
399
395
388
389
329
358
426
367
337
358
367
353
383
379
377
372
333
363
414
350
402
386
355
380
364
368
377
346
359
399
345
390
324
363
361
346
340
391
329
362
338
311
352
356
359
372
318
318
350
358
347
352
328
339
351
345
326
362
384
316
355
363
349
328
350
367
317
352
326
324
346
337
391
336
350
375
348
385
397
371
388
359
356
391
345
353
346
396
350
369
339
380
377
360
337
398
339
375
387
328
391
408
363
366
386
373
369
412
388
401
404
372
410
437
397
392
392
400
427
372
405
410
427
387
407
410
411
400
429
449
400
442
398
426
408
410
431
426
431
439
464
439
452
485
430
466
466
444
471
467
415
450
503
449
440
485
441
464
434
498
490
438
484
502
456
474
484
482
522
511
508
508
530
498
504
512
481
515
471
536
535
506
527
535
528
502
504
556
535
513
487
515
511
540
518
516
526
558
561
552
550
528
539
541
548
560
542
610
522
538
534
538
532
533
582
552
555
563
553
508
569
576
549
569
561
557
564
571
555
546
559
531
533
556
544
580
573
561
539
556
557
548
565
566
550
532
542
555
582
534
517
550
575
521
576
532
529
527
533
506
536
561
530
573
555
513
530
486
523
541
564
545
538
517
487
508
503
450
475
493
498
479
468
483
473
439
479
473
449
495
480
469
489
469
456
445
428
460
477
456
462
443
414
416
449
440
462
425
431
390
397
424
387
435
369
320
384
413
374
421
391
363
404
377
362
352
351
382
378
374
338
364
369
354
369
363
327
358
316
349
347
373
352
331
323
313
318
315
327
334
299
322
290
268
275
287
299
276
306
300
294
279
260
271
309
313
314
283
285
315
262
295
278
273
300
275
263
263
286
264
285
282
250
245
255
272
244
269
270
270
278
254
264
281
270
238
263
249
222
249
236
259
224
259
274
268
250
235
250
253
259
271
248
251
260
224
278
237
245
234
202
251
231
249
249
244
244
248
246
245
246
225
234
233
200
249
240
225
219
211
235
263
241
238
221
232
236
219
220
232
259
191
233
244
230
236
233
231
216
233
238
237
251
233
237
245
271
231
244
244
232
254
231
260
252
222
206
244
240
233
201
244
224
223
235
222
232
221
234
231
239
204
212
234
223
259
237
250
224
257
228
228
216
226
240
237
244
235
225
222
229
246
228
231
247
245
217
219
242
202
240
217
228
229
224
239
252
219
219
247
226
232
246
220
211
230
221
222
200
207
239
228
227
225
233
205
233
218
220
224
236
234
229
255
223
216
245
257
210
213
219
214
224
225
218
216
249
228
227
209
223
222
249
214
203
244
226
229
220
213
215
222
236
218
199
216
229
220
234
217
218
227
239
219
225
228
208
259
233
198
234
187
224
235
217
231
221
255
201
229
207
223
219
198
198
207
185
227
211
214
240
205
199
216
234
203
220
211
218
205
197
213
227
203
213
191
212
221
209
222
194
195
217
239
234
229
211
233
203
209
216
214
224
209
201
231
202
211
232
217
214
222
205
226
222
208
206
234
207
228
221
230
235
236
210
218
228
240
224
209
223
231
220
215
229
213
223
225
219
226
206
235
214
207
221
228
218
226
189
201
211
216
219
218
222
224
234
212
237
222
202
196
217
214
203
211
237
233
208
205
229
225
220
231
227
207
204
237
195
240
217
230
235
223
236
207
200
209
225
213
224
204
192
199
219
196
201
231
209
220
186
209
200
187
227
196
212
200
223
210
218
231
246
207
226
217
211
208
218
215
203
219
224
187
212
208
208
213
221
227
229
222
201
203
220
228
211
189
202
210
211
233
215
184
206
186
206
199
186
210
207
200
218
206
197
204
225
228
202
191
189
197
205
202
198
207
181
210
190
198
207
182
182
194
184
205
179
236
197
198
207
208
191
192
183
189
222
217
169
177
178
179
210
175
196
193
208
172
186
190
178
187
188
199
166
180
195
200
180
184
181
195
186
209
158
174
196
196
172
196
157
177
183
181
181
195
174
173
172
186
179
180
176
174
162
183
157
198
185
185
161
170
174
183
162
172
165
172
168
185
192
173
174
191
187
179
181
174
156
176
183
177
159
165
184
173
174
175
178
185
159
189
200
167
178
163
177
156
171
172
181
177
206
175
176
171
165
186
179
177
149
163
152
174
183
172
180
182
200
172
191
171
187
170
166
166
180
178
167
168
157
190
176
181
169
193
196
165
159
198
188
213
171
177
161
191
168
199
190
181
171
196
209
182
199
191
183
186
190
147
169
151
199
188
185
172
196
172
180
196
174
182
195
186
199
188
206
209
196
192
190
189
179
166
199
187
199
194
197
204
178
187
198
203
199
194
217
216
222
192
211
180
184
185
210
234
182
185
204
227
231
185
211
191
215
212
196
213
224
212
198
199
206
220
214
190
202
212
229
219
191
235
222
232
225
238
217
211
197
205
226
233
220
207
200
257
214
221
220
231
203
233
220
215
244
230
234
225
251
238
234
232
224
221
207
215
232
203
257
232
251
237
241
209
235
253
222
239
247
241
233
220
274
242
225
195
240
268
242
240
256
251
256
233
266
225
260
241
223
266
227
236
266
259
245
242
263
225
259
241
246
273
247
249
252
273
272
223
279
290
264
260
271
245
260
212
258
258
269
261
273
268
252
252
262
282
271
233
248
263
247
262
255
254
248
272
269
278
284
260
272
265
232
252
256
246
251
277
262
259
263
286
286
276
275
243
305
229
251
270
254
270
239
259
280
284
248
270
279
249
276
279
220
266
264
235
267
266
304
245
270
273
272
235
266
264
274
275
275
262
236
278
251
246
279
262
284
253
285
273
265
265
266
278
238
257
269
224
244
247
253
263
237
258
229
270
262
257
276
264
242
227
252
268
253
235
262
276
247
273
248
271
226
281
249
230
256
247
253
243
245
236
230
249
241
219
222
243
228
235
230
264
221
254
231
221
239
233
206
246
213
214
237
209
227
217
212
253
212
234
241
231
205
204
222
221
208
222
238
223
255
233
221
214
216
235
205
220
209
200
241
202
190
200
213
208
197
215
206
198
196
217
201
201
210
183
200
190
180
204
203
191
208
198
188
181
197
186
182
194
164
192
166
174
172
178
174
182
182
182
182
170
186
176
177
163
179
172
155
171
174
158
186
149
171
168
159
175
151
150
162
151
170
154
145
172
153
164
148
158
165
146
140
169
162
137
157
162
134
150
131
133
158
140
119
152
147
143
131
152
135
142
127
149
140
151
139
142
127
146
136
145
143
133
119
136
146
131
132
132
122
132
124
129
116
148
121
142
116
120
125
134
122
138
114
142
126
120
144
115
117
101
108
127
123
125
132
124
118
139
121
119
125
131
138
112
117
134
105
111
111
123
124
94
114
120
137
132
104
105
100
95
103
99
119
122
123
126
111
107
102
111
118
141
110
108
110
121
111
107
115
108
99
114
110
121
133
103
100
103
89
111
131
94
117
100
112
108
105
96
94
87
114
128
112
121
104
111
125
97
127
107
105
115
126
122
98
122
132
102
133
110
97
107
78
113
101
110
101
95
115
105
98
114
122
117
114
99
113
135
96
129
98
119
92
113
96
100
103
114
108
127
119
115
104
96
98
105
98
107
107
107
95
103
142
104
109
107
102
114
103
103
107
100
91
104
106
121
103
95
114
96
104
111
97
109
104
93
104
121
106
120
92
83
103
111
104
75
90
106
129
101
109
97
118
91
121
84
90
106
90
98
101
101
115
97
86
110
98
105
94
100
110
86
92
101
81
96
117
103
87
90
116
114
85
108
102
106
103
104
113
93
112
95
89
100
77
110
100
95
107
105
114
90
84
92
113
86
93
106
101
93
94
93
100
117
97
98
99
97
100
103
108
112
97
95
86
118
107
102
84
98
110
110
97
101
98
78
85
106
87
95
80
95
88
88
100
83
101
110
81
103
106
81
85
100
108
101
109
108
83
84
81
101
88
106
117
102
114
93
77
97
98
100
110
102
68
89
94
96
85
96
97
84
74
79
117
89
104
96
98
102
108
109
105
98
80
101
82
99
92
105
99
96
95
81
99
92
95
99
86
105
102
96
108
94
100
101
107
79
96
104
76
97
91
109
98
100
108
98
98
102
84
105
110
117
105
95
91
120
97
100
104
103
102
110
98
104
93
78
100
102
98
102
94
85
85
104
106
96
120
91
119
109
98
94
100
100
97
77
100
90
117
89
115
86
85
107
94
109
99
89
107
112
87
108
87
110
84
103
123
109
88
97
105
108
101
99
101
109
128
89
102
87
90
121
112
97
91
115
97
103
97
109
100
112
104
94
92
105
99
76
107
99
116
100
107
93
94
88
80
106
95
104
101
98
87
105
96
91
99
94
116
100
87
97
102
87
94
93
91
109
94
91
108
95
93
115
84
111
84
98
78
98
88
95
98
100
97
84
114
97
97
106
85
96
101
98
95
104
108
115
103
81
109
116
97
84
104
71
89
102
81
92
106
92
100
101
100
96
96
106
80
102
106
106
95
106
78
94
101
96
103
83
104
101
112
97
95
93
94
101
88
123
98
102
99
94
89
105
101
91
90
104
100
101
101
87
97
95
87
105
101
95
88
103
98
101
102
85
89
106
91
93
95
93
92
109
101
103
107
111
74
96
98
94
89
90
98
96
86
89
107
108
87
78
92
115
88
82
79
85
73
100
97
105
97
111
87
70
114
95
84
101
88
100
85
83
86
107
108
91
91
90
88
76
105
93
95
118
92
99
96
83
117
95
111
95
94
88
84
88
97
106
102
99
104
99
96
95
87
105
104
100
103
97
100
100
93
89
101
99
86
95
76
99
96
100
89
94
106
104
99
107
82
100
102
97
88
70
94
91
80
105
91
104
106
90
91
98
96
88
100
91
110
93
99
90
99
97
88
84
87
92
100
99
82
94
94
83
102
105
105
94
93
102
92
90
96
90
94
92
116
78
85
95
95
76
89
70
91
85
87
83
103
86
80
84
96
86
86
85
80
100
104
101
86
75
93
81
90
102
98
91
94
83
77
105
85
93
76
82
90
92
98
102
91
73
75
97
95
93
90
104
85
94
98
85
99
96
93
81
99
75
84
86
89
73
86
85
77
95
78
90
70
81
88
68
78
95
95
85
88
86
87
82
80
91
93
89
75
81
69
87
69
92
74
84
89
82
94
97
90
80
71
70
96
74
88
109
75
95
89
71
88
74
91
85
74
80
85
91
97
86
76
83
92
93
64
86
80
80
89
75
73
78
78
78
78
85
98
70
95
81
86
67
80
71
78
61
64
82
69
82
72
78
79
70
85
76
78
85
76
81
78
102
79
69
74
82
76
66
79
76
67
96
67
73
78
81
76
63
90
84
87
89
76
81
76
72
79
82
74
82
69
74
73
77
74
80
82
88
91
83
72
84
87
98
71
77
77
70
85
78
61
76
83
80
75
69
68
82
68
77
80
83
85
80
81
67
73
84
73
68
68
59
81
74
65
85
83
81
78
74
79
89
74
79
97
64
73
81
70
79
79
74
82
69
76
88
79
78
75
71
78
77
63
72
67
76
84
68
65
72
59
80
81
86
72
92
63
61
66
63
74
100
75
71
77
71
70
73
83
69
75
71
77
72
57
72
64
89
82
68
82
62
86
68
93
82
80
78
66
67
79
77
61
85
70
75
83
73
76
87
87
77
82
85
85
55
70
74
82
92
62
67
64
67
71
76
78
64
82
77
66
74
55
79
95
69
84
73
63
67
77
72
87
71
72
73
77
76
73
70
71
59
90
74
84
70
73
59
93
75
75
58
75
82
66
82
72
79
72
65
56
78
72
69
71
83
76
89
87
86
64
82
72
60
70
79
51
81
70
65
72
72
72
78
79
73
66
76
75
74
57
73
88
75
85
75
82
104
71
59
62
60
59
74
58
78
74
63
75
66
74
75
80
67
91
68
79
79
87
64
73
63
87
65
70
88
73
72
74
76
75
92
73
83
74
77
72
74
87
64
72
75
84
81
85
70
88
71
80
81
90
62
69
84
79
75
72
77
86
66
73
71
81
79
89
84
72
77
62
78
67
69
88
74
92
99
94
83
84
100
82
74
82
74
74
75
76
81
74
79
101
88
82
81
79
75
73
76
69
76
94
77
78
83
86
87
88
103
79
76
91
74
62
91
104
91
86
87
101
83
79
86
96
92
68
102
107
91
90
85
98
106
77
79
80
81
87
98
87
93
77
86
84
81
83
73
73
92
93
77
83
90
88
82
81
87
94
96
76
94
100
88
93
111
96
67
83
113
103
105
83
94
83
88
108
111
91
90
111
86
89
87
75
99
114
94
83
102
93
106
94
88
93
97
106
91
110
103
94
102
97
91
92
94
99
85
106
99
106
111
100
93
92
99
83
90
94
106
94
102
91
101
84
104
97
84
90
97
96
95
101
93
95
94
93
104
104
80
102
95
88
88
99
100
91
91
116
92
96
99
81
87
93
83
110
89
95
104
103
95
82
93
85
92
81
92
89
98
91
89
71
97
91
95
87
99
95
98
117
100
109
93
87
109
90
101
80
101
79
93
86
99
104
88
102
94
94
85
82
86
98
103
98
98
92
83
91
116
95
100
94
99
88
63
95
78
82
94
88
70
90
94
90
89
84
96
82
92
119
84
107
93
83
91
92
91
86
89
87
81
85
79
90
76
77
93
93
81
88
68
92
106
98
74
79
84
83
89
68
91
96
82
83
84
74
103
100
98
68
88
91
81
96
69
82
107
81
94
84
90
70
78
74
77
79
74
61
76
98
73
67
78
82
85
62
74
84
85
83
72
84
88
80
88
72
73
77
95
86
77
88
97
89
69
90
82
88
82
94
83
78
88
92
85
92
88
85
73
90
82
89
83
89
82
76
71
85
74
76
70
88
76
72
96
75
72
91
68
87
73
84
84
85
73
75
95
87
81
84
69
77
108
82
71
67
73
94
90
84
63
76
91
94
95
79
78
69
85
78
96
79
86
76
78
76
76
86
78
87
77
79
78
76
72
84
78
63
78
70
83
88
82
88
71
73
78
67
85
72
79
87
86
88
76
80
57
71
61
79
73
85
76
71
87
71
83
76
66
77
113
80
71
80
74
70
73
65
74
78
71
77
69
54
65
80
88
74
76
66
82
70
81
64
59
75
72
57
79
82
60
67
71
87
77
83
78
69
92
56
72
75
77
78
58
78
77
58
64
66
67
59
79
61
75
82
75
67
74
72
71
74
57
64
65
68
63
69
63
67
67
69
80
72
57
58
73
59
65
78
58
67
62
61
80
60
63
54
79
78
61
63
67
56
72
68
79
71
81
52
48
60
69
73
74
47
50
58
67
55
65
64
60
65
77
70
59
61
46
43
70
87
55
59
60
49
51
55
54
66
64
73
47
49
64
59
58
47
52
53
59
61
58
46
41
62
58
56
55
52
70
47
57
31
61
57
49
41
47
63
53
56
58
42
56
38
50
78
56
42
53
47
52
60
49
36
58
42
43
54
48
45
47
47
42
64
46
45
56
53
60
57
61
46
44
59
48
59
63
49
43
54
58
43
56
43
54
47
49
51
51
45
41
45
45
44
56
42
47
49
45
42
37
52
58
52
49
42
39
41
39
38
36
40
41
42
43
48
48
42
43
44
33
36
39
42
45
40
38
47
49
33
49
43
40
46
42
32
53
38
52
44
46
33
48
47
44
40
49
44
42
44
34
48
53
46
35
49
40
58
42
46
30
51
44
39
51
40
48
44
35
39
43
48
33
38
36
41
52
42
42
41
44
46
52
36
38
49
50
45
41
45
57
39
41
44
42
49
34
51
35
44
40
33
61
40
49
40
52
44
45
40
55
52
54
40
41
42
34
48
49
44
38
39
37
41
45
53
34
55
40
43
32
37
44
44
52
45
38
58
37
56
38
35
40
31
41
52
55
40
47
38
47
44
34
39
59
45
34
55
31
45
42
40
35
40
34
45
31
38
48
42
45
44
45
50
40
41
42
38
43
39
42
47
55
44
49
45
41
47
42
52
50
44
47
46
51
50
39
50
51
28
34
43
44
43
42
46
35
44
39
43
40
44
44
40
40
55
49
40
43
47
49
43
49
34
47
38
37
42
55
41
41
30
35
33
44
45
30
52
42
49
29
37
44
45
58
44
51
49
52
53
48
37
44
49
43
54
28
49
44
36
49
45
47
47
56
38
40
43
37
42
43
40
49
35
41
33
42
37
35
41
57
40
44
56
43
47
53
47
44
53
35
47
55
56
59
47
55
43
35
40
53
46
46
50
50
46
48
46
56
48
30
46
41
46
54
42
53
62
44
56
35
55
46
39
41
46
52
38
49
46
46
57
47
38
47
38
45
46
45
45
57
58
39
41
48
54
51
64
43
44
50
53
44
58
54
47
59
46
66
41
54
62
38
49
65
62
61
41
59
43
46
38
58
52
42
44
56
47
49
61
49
40
52
51
63
45
52
55
47
45
48
52
61
47
62
43
45
56
57
54
44
44
52
65
63
56
66
46
61
50
52
49
56
49
65
59
43
71
45
61
63
57
70
52
47
49
60
67
52
54
47
54
59
62
71
49
63
59
60
60
51
54
59
59
62
54
68
55
59
53
65
48
61
56
58
60
58
67
69
65
65
60
56
55
60
54
63
63
67
55
64
60
62
70
40
70
57
56
62
57
56
59
53
52
52
43
61
70
60
48
62
58
60
56
55
57
64
58
60
56
52
57
60
60
70
61
69
58
63
62
58
71
70
65
70
65
43
64
63
60
64
62
50
65
58
58
61
50
66
64
57
68
72
65
61
67
66
56
54
66
53
52
59
60
61
53
52
62
65
46
50
42
51
61
48
60
69
56
58
57
60
51
58
53
66
47
59
45
62
56
59
62
66
53
73
66
54
76
64
61
61
63
51
62
63
57
55
80
55
54
63
67
46
53
61
56
65
49
58
66
52
57
63
65
62
56
61
55
49
67
53
55
52
73
62
59
68
59
47
71
52
49
52
60
65
52
54
48
70
51
58
61
51
53
41
67
63
49
54
51
45
60
53
46
53
51
64
60
59
54
66
62
57
62
59
50
41
46
54
63
40
48
50
39
51
56
44
53
52
42
53
68
51
53
44
44
67
57
54
44
48
50
50
55
45
41
49
48
51
51
45
50
46
44
44
60
52
47
53
58
63
56
52
50
55
55
51
36
37
51
44
68
52
50
53
52
43
49
41
51
40
46
47
57
36
65
40
39
45
53
41
41
54
50
45
48
48
58
36
34
43
45
60
55
34
40
47
45
45
43
48
44
61
40
46
48
52
24
47
45
56
31
38
38
40
40
43
47
33
56
38
52
42
47
34
45
42
52
43
41
45
46
45
47
34
47
31
47
46
49
49
38
45
55
52
44
46
51
39
41
32
38
46
44
50
42
49
35
46
45
44
43
48
52
36
50
42
50
39
48
43
37
47
40
38
38
34
47
42
41
34
45
42
27
49
30
44
37
48
43
30
33
37
43
34
33
26
29
35
42
36
46
34
35
45
42
39
40
33
50
42
36
33
39
47
36
31
38
42
33
41
44
36
38
36
46
38
37
32
37
35
51
32
34
45
38
33
34
44
42
51
37
44
37
33
25
32
43
39
34
36
36
37
27
41
51
35
30
41
36
30
39
41
39
31
34
39
48
50
31
34
24
34
35
37
27
35
40
28
30
38
36
39
26
29
31
28
44
40
44
33
29
34
33
29
43
40
32
30
30
45
43
42
36
36
41
38
32
32
24
40
42
27
35
41
36
44
26
37
32
36
33
41
39
32
34
25
34
39
31
36
45
42
20
35
34
37
39
29
41
38
43
27
39
42
32
41
47
25
38
39
29
31
45
40
35
35
34
45
40
42
37
39
29
41
36
39
35
40
28
48
29
41
38
30
38
38
28
31
35
35
31
33
43
48
17
38
32
30
44
40
34
41
32
37
37
33
32
44
30
41
32
36
41
39
28
34
30
38
29
39
37
35
40
31
29
40
41
27
33
34
28
36
32
32
29
35
28
40
37
39
41
32
38
39
32
31
35
42
33
41
46
31
39
40
32
39
31
28
28
40
36
35
38
24
49
37
44
39
41
37
45
39
47
37
40
33
28
41
28
40
34
29
36
43
31
38
28
42
26
32
39
27
41
30
37
39
35
25
29
36
31
37
42
40
38
39
38
32
55
30
48
39
47
23
45
48
47
55
39
50
43
36
40
43
31
33
37
30
43
42
40
44
37
34
52
34
43
45
30
36
27
35
41
36
44
35
35
44
39
47
43
40
31
31
32
46
40
38
29
28
30
34
42
38
53
31
29
40
27
46
29
34
42
33
42
30
32
32
37
30
31
41
35
32
40
39
33
28
27
33
34
36
37
33
26
35
39
41
34
32
33
32
28
49
25
29
38
34
36
33
42
35
20
36
38
33
32
25
41
26
40
25
52
18
35
41
29
32
24
41
36
48
29
38
30
40
35
33
45
35
32
27
42
29
32
41
27
35
32
25
33
36
37
32
28
21
33
30
37
33
27
35
39
37
20
39
26
34
30
36
28
23
48
40
28
34
43
28
27
34
32
29
33
39
28
34
42
24
31
26
25
40
33
42
30
32
28
35
37
24
32
38
39
43
36
18
32
35
31
32
35
36
30
25
26
38
32
32
27
29
30
24
24
26
23
35
35
33
32
25
25
32
31
37
34
29
33
24
34
26
29
28
25
33
35
38
26
16
22
32
27
27
36
22
27
27
28
20
28
24
29
22
30
25
25
28
22
35
34
23
27
18
21
31
22
41
34
21
31
27
28
27
30
30
21
32
30
48
24
34
28
29
22
22
31
32
23
24
26
26
34
24
31
24
20
25
22
25
28
31
27
31
35
27
23
35
24
30
27
34
27
30
32
31
32
27
24
25
31
23
35
24
20
23
31
21
28
27
31
29
27
21
29
29
25
29
31
30
25
36
23
24
36
31
24
24
28
20
29
31
27
23
29
25
18
25
25
38
19
25
23
23
20
30
28
26
33
24
31
27
25
25
23
26
31
30
31
33
28
33
21
30
28
27
37
34
27
21
32
34
20
24
29
35
28
23
20
31
31
32
21
43
41
22
25
20
20
25
19
29
24
26
41
28
20
30
28
26
33
32
31
25
23
30
36
26
29
23
17
27
16
24
27
33
19
38
26
25
21
33
31
24
25
26
31
28
25
35
25
26
22
29
23
25
23
32
25
19
19
29
23
17
21
22
21
23
20
18
34
36
25
32
34
30
29
31
30
25
20
22
34
28
23
39
18
22
29
34
25
37
27
19
29
25
31
34
39
28
26
29
23
26
27
27
28
31
29
33
19
33
24
27
24
22
25
24
33
22
25
26
33
35
24
25
25
19
30
26
26
33
31
25
28
33
33
27
26
28
24
30
36
29
32
29
38
31
35
39
32
34
34
23
24
29
32
29
35
32
29
35
28
32
29
25
28
30
37
35
32
34
42
36
31
24
29
26
41
41
25
28
26
26
22
36
19
28
30
36
33
30
27
23
28
43
42
33
26
24
38
26
29
29
24
35
35
30
28
37
28
36
31
30
28
36
28
25
30
28
28
39
42
30
23
36
32
33
33
34
30
24
40
34
35
30
32
27
34
41
33
40
22
29
44
20
41
33
30
37
38
30
33
27
31
41
39
52
32
32
35
42
37
39
31
29
49
42
40
32
27
39
36
33
35
27
31
39
33
29
33
33
45
37
36
30
26
31
29
45
31
30
32
27
31
29
29
26
36
33
39
36
29
38
31
28
37
26
34
44
35
29
24
33
46
37
47
24
30
28
44
34
37
30
35
37
36
40
38
31
32
29
46
41
41
34
37
20
38
44
36
29
42
33
35
45
44
32
32
37
33
33
35
23
39
30
34
36
27
41
24
37
37
38
34
36
36
32
30
23
33
29
29
43
29
28
34
45
37
30
33
34
35
31
31
37
46
40
30
40
44
22
44
34
34
32
38
43
27
34
36
39
35
44
42
36
31
43
40
38
43
48
41
32
34
42
32
46
25
29
40
30
36
32
29
49
39
40
39
28
29
40
27
41
36
35
43
36
35
39
37
40
30
34
49
38
44
38
39
37
48
48
34
34
23
40
31
27
50
33
42
32
28
41
33
45
27
36
41
34
38
24
32
38
25
30
33
24
38
38
32
41
42
39
40
39
48
44
35
33
38
42
41
37
42
26
40
40
45
39
35
42
44
34
45
34
40
40
34
44
38
32
41
51
48
39
51
42
47
35
37
38
46
53
40
54
38
61
34
48
38
42
42
50
46
44
45
47
53
42
45
51
45
41
47
39
57
61
47
56
31
54
45
41
44
54
54
42
46
46
48
49
45
64
52
33
48
34
44
31
47
45
42
46
44
55
50
52
53
40
46
41
68
59
54
48
50
48
52
48
54
51
59
57
42
53
57
42
46
55
49
50
61
37
43
54
52
52
56
55
50
46
50
41
72
68
62
49
47
55
47
49
56
62
52
54
63
62
71
67
55
52
46
53
42
45
67
51
51
58
54
63
55
58
43
57
58
64
63
66
56
51
56
67
55
63
54
52
63
55
61
64
48
57
44
51
68
53
53
53
64
50
64
62
69
66
55
50
61
63
57
61
54
43
62
52
57
56
64
57
57
64
57
68
67
46
48
69
55
67
62
64
58
56
56
57
56
56
67
60
73
59
72
52
63
63
57
64
58
51
55
58
56
55
51
63
62
60
69
54
68
66
56
59
54
54
56
62
53
65
73
54
67
60
44
49
53
67
65
56
54
54
67
58
73
76
65
56
59
54
58
64
64
62
56
56
67
51
65
66
53
55
50
67
63
70
50
53
52
50
57
59
53
47
51
59
46
55
47
51
63
63
64
48
45
55
53
67
55
53
47
52
43
57
55
43
47
67
56
51
45
57
49
60
46
47
46
56
48
59
56
55
48
53
59
42
41
47
58
56
41
52
55
47
33
50
48
43
51
44
42
49
53
42
41
37
49
49
48
46
48
54
43
47
44
54
43
34
69
34
44
27
49
50
51
56
36
38
35
33
44
47
32
44
54
53
53
42
45
43
48
46
55
36
39
35
41
44
44
36
47
48
45
33
41
44
25
37
36
41
43
29
35
51
38
44
34
34
35
36
32
37
37
30
50
44
33
38
36
32
41
29
41
23
35
40
39
25
29
29
37
44
26
33
32
32
26
40
36
33
36
32
38
39
37
49
42
34
27
38
25
29
33
44
28
22
22
35
18
39
30
35
31
19
26
31
42
35
27
33
24
25
20
32
23
30
28
32
21
25
31
36
24
31
36
27
19
33
31
24
23
26
33
24
22
24
37
24
25
24
31
24
25
22
18
28
22
19
23
19
31
25
23
30
23
27
21
19
29
28
33
30
16
16
27
29
28
23
27
18
29
28
21
17
19
27
19
15
20
33
16
31
21
28
19
19
11
20
16
12
28
19
18
27
24
23
19
28
16
19
19
21
23
16
17
22
20
23
25
22
18
19
25
25
25
16
24
19
23
16
19
17
27
14
26
17
19
19
22
16
15
17
18
14
21
15
15
13
17
19
26
18
20
18
21
16
18
18
22
18
20
20
16
26
15
18
22
16
10
20
24
18
19
19
57
80
96
80
79
83
82
71
94
80
79
80
70
86
97
84
77
64
75
67
65
74
68
70
76
74
78
86
69
74
76
78
76
77
83
70
78
71
79
69
71
77
71
93
69
66
64
69
82
70
71
71
65
83
73
74
80
77
56
55
61
63
62
58
64
67
62
50
56
53
71
59
49
67
55
64
68
60
54
56
73
73
57
61
70
57
80
67
49
63
52
58
65
50
64
65
45
50
50
56
63
62
60
52
57
59
57
60
69
60
60
57
53
58
56
54
52
57
52
48
51
55
46
52
65
57
48
60
50
49
53
46
53
49
45
56
43
49
61
57
52
43
58
34
49
47
50
56
59
38
50
49
51
50
43
47
40
57
47
41
69
51
50
44
44
33
43
31
52
62
37
33
36
54
36
42
44
44
29
32
56
32
43
41
19
