# Filename : TXT_Files/Acq14400sec_029.Chn
# MCA detector ID: 1
# Start time : b'20':b'20':b'04'
# Start date : b'03Oct221'
# No channels : 8192
# Live time : 716371
# Real time : 720000
# En cal factors A + B*x + C*x*x
# A : 0.0
# B : 1.0
# C : 0.00
0
0
0
0
0
0
0
0
0
0
0
0
0
0
0
0
0
0
0
0
0
0
0
0
0
0
0
0
0
0
0
0
2
1
2
1
12
73
252
338
407
423
369
410
437
405
446
449
436
430
476
430
420
454
427
440
491
461
454
446
462
459
437
499
485
488
460
480
470
491
464
490
519
492
483
482
514
478
528
521
510
507
497
502
505
544
511
536
551
540
526
500
538
515
573
560
597
623
575
618
540
614
613
627
640
603
623
665
643
651
656
661
676
704
694
710
677
724
717
730
690
680
713
712
742
729
750
756
776
754
802
795
774
768
786
796
828
803
811
815
824
841
872
825
834
827
860
797
883
858
857
807
843
812
774
740
792
773
740
766
818
792
760
794
810
780
749
783
767
790
740
774
785
832
724
839
777
797
796
829
803
751
811
766
802
814
871
891
852
861
898
857
869
847
918
922
890
840
872
845
919
939
938
891
951
994
966
956
971
998
946
1029
1051
1059
1040
1077
1022
1008
1050
1081
1084
1080
1072
1053
1083
1140
1102
1173
1185
1158
1162
1206
1140
1203
1145
1161
1259
1168
1213
1208
1197
1186
1316
1285
1261
1378
1271
1303
1338
1365
1345
1353
1356
1326
1435
1391
1410
1397
1435
1460
1483
1408
1480
1480
1519
1535
1484
1522
1560
1581
1540
1545
1560
1625
1656
1600
1691
1588
1717
1761
1741
1819
1703
1785
1718
1860
1772
1870
1842
1868
1804
1861
1871
1946
2002
1877
1958
1932
1965
2003
2046
2003
2029
2135
2047
2133
2119
2155
2109
2132
2092
2124
2195
2265
2301
2211
2246
2212
2262
2304
2292
2239
2347
2326
2272
2339
2369
2342
2438
2432
2365
2407
2421
2444
2463
2477
2476
2502
2473
2493
2525
2560
2561
2587
2524
2508
2569
2723
2575
2683
2652
2723
2699
2678
2754
2773
2761
2751
2765
2768
2830
2812
2890
2916
2819
2917
2969
2875
2975
3036
2983
3034
3031
3048
2955
2960
3054
3170
3113
3106
3110
3212
3211
3242
3225
3228
3170
3218
3287
3222
3255
3306
3280
3271
3286
3373
3256
3290
3291
3308
3281
3276
3247
3371
3304
3308
3358
3190
3235
3340
3274
3300
3303
3245
3212
3354
3230
3228
3262
3193
3235
3232
3228
3303
3149
3188
3221
3324
3175
3143
3234
3116
3101
3118
3050
3245
3173
3084
3191
3248
3039
3240
3314
3195
3225
3128
3113
3184
3007
3145
3254
3134
3219
3268
3200
3347
3142
3195
3188
3232
3304
3233
3096
3253
3307
3273
3227
3166
3172
3296
3193
3193
3196
3089
3265
3185
3176
3188
3191
3189
3200
3087
3177
3116
3149
3163
3118
3142
3163
3169
3165
3156
3179
3115
3045
3046
3068
3156
3101
3027
3149
3141
3101
3125
3182
3122
3090
3039
3052
3112
2986
2987
3134
3166
2945
2893
3081
2916
3096
3007
3065
3094
3004
2929
2959
3031
2970
2945
3043
3049
2969
3035
2948
3045
3061
2998
2888
2869
2967
2900
2868
2922
2883
3025
2975
2967
2853
2930
2863
2909
2952
2919
2968
3005
3043
2932
2861
2941
2846
2884
2943
2905
2850
2948
2930
2905
2850
2863
3032
2950
2823
2814
2882
3004
2825
2948
2936
2768
2890
2901
2875
2808
2909
2822
2795
2923
2890
2936
2869
2752
2840
2860
2833
2847
2752
2679
2865
2864
2918
2846
2752
2813
2819
2753
2777
2748
2790
2774
2868
2695
2771
2800
2958
2757
2671
2741
2829
2704
2812
2779
2806
2685
2702
2804
2713
2720
2752
2751
2689
2573
2711
2648
2765
2669
2626
2722
2716
2720
2710
2755
2552
2726
2610
2589
2679
2704
2672
2749
2673
2599
2658
2660
2653
2651
2794
2647
2680
2648
2727
2707
2712
2609
2634
2612
2595
2549
2634
2569
2627
2626
2565
2510
2570
2692
2624
2511
2641
2537
2575
2688
2599
2511
2511
2458
2516
2663
2455
2530
2532
2541
2394
2612
2494
2500
2520
2401
2519
2418
2494
2464
2483
2495
2488
2508
2409
2396
2452
2547
2438
2510
2459
2356
2366
2330
2406
2374
2379
2429
2382
2368
2320
2457
2348
2370
2309
2324
2360
2414
2296
2373
2363
2393
2291
2381
2325
2223
2441
2302
2335
2315
2233
2250
2304
2291
2242
2295
2313
2252
2374
2265
2214
2239
2198
2278
2332
2244
2237
2247
2358
2271
2227
2191
2324
2221
2295
2195
2282
2211
2266
2249
2192
2263
2274
2252
2250
2231
2202
2212
2259
2172
2138
2176
2193
2170
2175
2158
2158
2100
2049
2146
2171
2216
2177
2044
2109
2077
2116
2067
2093
2049
2083
2148
2086
2132
2146
2103
2067
2207
2110
2082
2091
2114
2008
2007
2112
2099
1969
2051
2118
2129
2140
2098
1965
2077
1964
2035
1973
2127
2025
1954
2012
2007
1975
2046
2036
1986
1991
1966
2014
1938
2011
1935
1993
2016
2022
1968
1970
1968
1992
1879
1860
1968
1927
1931
1947
1970
1875
1904
1855
1887
1875
1882
1876
1907
1850
1914
1901
1894
1937
1809
1894
1877
1868
1921
1866
1851
1881
1848
1896
1828
1843
1871
1820
1874
1806
1831
1816
1808
1907
1836
1826
1823
1721
1821
1785
1795
1710
1813
1820
1864
1789
1730
1785
1768
1757
1805
1773
1715
1813
1738
1759
1726
1789
1813
1676
1704
1766
1764
1788
1690
1734
1717
1777
1728
1742
1669
1718
1753
1746
1746
1709
1805
1714
1701
1752
1688
1760
1629
1706
1851
1734
1663
1706
1724
1734
1643
1722
1657
1726
1660
1688
1688
1689
1700
1673
1713
1694
1693
1722
1676
1713
1786
1634
1654
1661
1694
1668
1645
1674
1602
1691
1618
1627
1704
1631
1658
1656
1661
1587
1638
1645
1613
1619
1652
1594
1655
1620
1645
1613
1645
1649
1591
1602
1630
1723
1670
1628
1685
1635
1547
1643
1571
1561
1637
1532
1618
1555
1618
1636
1553
1504
1547
1654
1590
1593
1551
1552
1541
1461
1486
1569
1578
1649
1605
1500
1506
1522
1588
1526
1462
1461
1516
1517
1470
1432
1491
1494
1506
1362
1505
1457
1484
1534
1504
1505
1440
1546
1519
1473
1454
1430
1408
1408
1436
1420
1389
1415
1412
1400
1417
1386
1389
1399
1404
1426
1362
1447
1340
1417
1460
1357
1333
1431
1415
1404
1338
1400
1367
1306
1396
1381
1431
1372
1329
1424
1381
1387
1344
1371
1377
1401
1392
1360
1314
1405
1347
1370
1307
1324
1397
1378
1288
1320
1374
1392
1347
1265
1289
1279
1331
1300
1326
1282
1338
1361
1254
1296
1301
1248
1286
1306
1328
1313
1263
1262
1268
1202
1264
1348
1263
1295
1265
1305
1285
1326
1324
1234
1349
1271
1266
1208
1269
1305
1258
1242
1245
1294
1301
1251
1222
1184
1285
1247
1243
1208
1263
1229
1230
1228
1305
1265
1265
1270
1255
1227
1169
1288
1253
1197
1206
1241
1200
1232
1210
1225
1247
1221
1208
1245
1217
1194
1263
1236
1280
1204
1245
1161
1295
1138
1243
1241
1235
1219
1224
1214
1223
1144
1242
1197
1237
1229
1232
1292
1266
1246
1303
1225
1243
1398
1133
1295
1233
1205
1273
1206
1319
1231
1198
1192
1251
1258
1272
1295
1232
1270
1279
1296
1230
1291
1288
1254
1281
1275
1212
1357
1278
1278
1198
1272
1232
1280
1345
1245
1307
1294
1303
1253
1337
1300
1295
1308
1205
1276
1305
1341
1326
1293
1268
1246
1280
1315
1286
1338
1264
1298
1328
1237
1298
1270
1284
1268
1245
1295
1217
1247
1273
1270
1279
1230
1231
1276
1262
1184
1206
1299
1270
1221
1134
1185
1191
1193
1212
1153
1172
1123
1195
1205
1190
1186
1115
1180
1141
1180
1192
1135
1179
1113
1127
1086
1106
1082
1111
1115
1093
1086
1133
1071
1029
983
1045
1107
1116
1084
1113
1073
989
1011
1035
1005
983
1006
970
968
996
1012
965
1006
944
984
1027
1004
954
1038
955
975
997
959
982
903
906
912
921
873
893
886
943
896
857
915
897
904
900
904
820
883
828
885
878
840
869
836
807
856
896
848
851
880
869
857
821
836
849
803
855
823
819
814
790
799
823
797
831
788
850
834
855
809
766
848
831
856
823
752
834
801
804
804
839
832
802
791
758
732
811
808
847
809
781
759
828
740
751
800
758
818
705
789
799
802
784
793
745
778
790
785
753
772
741
765
799
749
790
751
754
761
785
754
707
747
731
713
751
756
732
764
793
792
740
802
741
774
771
737
744
738
775
817
754
713
748
713
743
747
755
696
720
734
698
729
745
794
728
691
745
739
735
776
691
745
769
751
734
747
784
739
712
703
731
748
737
712
781
759
776
772
763
721
708
728
673
705
688
775
659
733
706
735
727
757
744
688
752
748
760
727
733
706
694
743
691
738
690
767
701
721
726
740
683
751
754
716
666
714
740
741
767
750
681
714
717
735
715
730
703
720
689
680
712
758
753
670
711
708
699
747
758
683
661
731
694
715
698
733
775
651
706
724
701
666
646
701
645
715
708
662
713
643
655
711
678
724
660
689
660
682
674
662
661
737
700
624
642
640
668
632
667
612
652
644
656
646
643
657
646
654
568
612
603
604
631
622
619
638
643
607
620
606
627
586
613
583
644
627
602
617
570
599
593
614
573
611
562
588
609
578
551
566
594
554
593
566
596
579
595
586
569
553
574
620
563
562
556
602
558
578
524
515
581
556
558
552
575
584
551
548
514
560
543
523
555
547
557
562
558
526
553
566
537
543
539
501
533
576
534
559
518
514
487
562
566
510
554
521
506
562
544
503
535
536
546
554
516
538
533
518
541
526
547
516
543
544
553
529
527
516
557
524
524
521
541
525
549
516
569
540
546
544
544
541
546
562
509
523
571
564
539
562
557
556
521
559
524
514
544
498
535
499
546
538
587
544
562
499
535
510
547
561
524
548
542
565
562
568
562
561
574
560
578
594
539
536
572
555
575
575
570
554
583
570
597
542
553
581
560
558
561
554
549
561
549
590
582
552
577
580
603
573
562
627
565
591
563
574
550
584
564
586
586
590
536
570
565
573
615
562
548
574
576
590
571
577
584
564
565
617
577
533
598
560
530
571
582
559
539
601
576
574
604
602
572
584
554
566
551
597
580
589
551
575
611
579
581
547
569
548
579
596
555
589
556
579
553
537
555
611
553
543
519
519
584
565
541
554
505
569
533
531
545
521
579
557
526
556
551
532
543
506
500
586
517
537
559
556
542
504
462
556
494
533
528
535
498
474
497
480
478
473
507
460
489
506
501
434
473
452
438
449
470
451
442
456
447
501
447
434
474
466
450
426
448
450
432
427
426
408
464
429
412
411
402
430
462
383
443
409
416
437
446
392
406
401
395
366
391
393
390
379
413
407
357
393
389
349
363
386
361
366
367
379
367
361
352
369
375
355
343
371
369
360
346
365
346
335
363
335
340
327
352
352
362
338
342
371
402
339
339
352
333
307
347
351
345
334
321
323
380
349
349
320
360
325
305
345
337
326
307
298
333
336
322
336
324
328
316
293
338
321
324
299
358
359
320
302
307
348
306
320
311
342
324
359
333
306
317
313
318
375
298
325
319
304
335
329
323
332
342
351
335
293
312
333
328
314
349
356
300
331
323
325
303
312
315
334
342
366
328
332
343
346
320
300
335
360
317
316
352
336
329
354
336
303
320
338
331
323
336
330
332
351
375
318
336
371
341
364
364
329
338
344
338
331
335
323
347
368
322
355
329
333
357
343
343
381
372
337
335
351
351
327
349
341
395
341
361
333
347
340
376
330
342
354
348
349
340
358
339
345
357
364
344
375
340
347
356
380
356
378
366
390
359
363
399
347
351
382
355
387
348
380
355
348
354
369
382
364
390
373
363
384
362
356
400
345
311
364
337
351
365
363
349
339
357
377
368
389
373
344
333
361
333
350
337
369
342
378
381
347
351
340
361
370
338
332
320
380
345
353
338
321
362
356
349
327
337
389
338
339
361
330
338
323
318
349
334
362
320
371
322
327
357
324
292
337
325
320
331
344
375
313
311
288
350
330
318
282
332
301
330
309
307
307
305
313
298
305
321
326
329
290
286
342
268
290
311
303
307
287
284
312
278
270
275
299
284
280
289
251
287
269
261
268
225
302
279
268
280
256
287
254
277
301
270
259
285
261
283
294
257
281
246
235
270
241
273
250
261
225
236
250
258
245
276
264
271
236
240
259
268
250
256
244
270
245
241
221
239
252
257
258
248
254
240
245
250
255
260
246
261
243
238
258
219
264
258
244
210
240
240
222
251
228
232
238
236
235
271
232
225
220
230
251
244
249
218
247
217
243
221
277
226
244
224
205
222
223
244
261
225
243
234
201
215
242
237
263
227
233
241
244
250
235
227
249
252
244
227
219
215
247
247
231
264
200
221
244
241
235
232
220
233
237
238
250
237
259
246
238
204
217
207
271
211
235
217
226
245
228
229
233
256
202
246
222
252
227
221
231
258
222
257
221
213
218
244
237
235
241
226
250
235
211
245
213
228
246
224
225
227
225
229
220
216
231
233
208
231
211
224
222
224
232
216
238
200
224
225
222
209
239
251
229
248
229
221
218
192
251
232
249
222
220
200
222
234
212
216
204
230
203
237
225
224
232
231
220
238
238
208
242
230
238
213
201
221
235
241
228
208
213
197
239
203
218
211
209
219
207
212
214
215
208
175
215
214
220
196
203
222
197
228
217
227
227
199
221
211
217
232
240
198
217
238
211
224
210
230
189
229
229
194
222
242
209
190
221
200
203
240
212
224
248
217
229
228
212
215
222
216
211
191
224
227
210
240
204
237
221
212
223
206
199
233
211
195
225
210
206
206
246
213
209
235
212
204
215
223
211
205
229
219
235
199
205
212
230
218
206
184
176
198
207
215
220
186
216
221
217
219
217
217
222
233
204
237
197
222
251
232
204
234
211
231
199
235
211
209
215
217
225
218
214
198
208
196
214
219
230
201
222
207
222
208
216
235
233
230
212
237
208
196
210
186
207
213
216
214
221
198
239
215
218
223
212
223
208
207
229
209
228
217
194
206
217
212
228
201
204
215
198
208
212
209
225
218
208
204
221
205
233
225
219
199
193
193
196
199
197
184
213
216
232
214
221
212
201
218
224
220
182
227
209
183
215
218
208
223
199
212
228
216
213
199
192
209
211
188
207
225
203
202
211
189
211
209
211
213
197
230
221
205
193
222
214
225
194
184
198
199
233
199
204
190
204
189
205
200
209
188
193
215
207
176
187
184
178
208
193
177
176
200
176
199
191
192
188
181
199
193
184
180
176
195
179
168
194
171
188
195
179
174
191
171
177
193
174
183
215
187
206
167
183
212
193
152
210
181
184
179
172
201
197
178
171
171
186
177
191
163
147
173
183
171
187
183
172
175
190
167
194
170
181
151
192
187
183
148
190
175
199
169
168
191
153
171
158
189
157
169
182
167
177
185
174
170
170
167
156
193
182
174
154
175
186
174
168
193
181
191
171
178
152
187
186
179
192
176
197
174
165
200
178
164
205
196
177
186
155
180
181
178
162
144
172
194
182
191
186
160
192
185
189
149
193
191
183
170
191
191
176
188
203
191
187
180
181
170
179
209
191
177
156
193
179
189
201
167
193
141
183
204
188
202
186
195
172
179
190
197
187
199
197
190
200
176
198
192
224
179
186
183
190
189
188
197
177
196
196
195
202
188
178
207
200
215
206
206
204
182
205
214
202
196
213
213
231
190
242
176
192
208
216
202
195
197
214
193
206
202
212
214
207
213
205
227
215
208
231
218
198
208
229
240
195
210
206
206
219
233
199
227
220
237
217
232
203
215
209
223
253
221
257
253
238
216
209
224
230
246
249
226
226
226
239
246
252
248
242
244
272
238
278
237
254
237
249
216
240
240
244
249
239
235
229
227
249
235
237
263
251
276
255
270
291
264
286
275
222
262
240
265
246
244
244
297
266
247
240
261
236
269
268
258
278
274
255
236
255
246
276
279
257
272
261
261
217
242
241
268
265
264
260
250
246
259
253
275
267
267
252
303
251
233
279
286
271
265
260
248
284
242
279
275
260
301
265
262
270
255
264
265
271
273
270
287
258
265
255
276
267
247
276
266
289
254
273
271
264
256
262
254
254
273
278
241
281
281
272
266
275
261
248
258
239
286
248
240
252
265
264
269
255
260
216
285
283
225
258
271
272
231
256
251
244
291
254
240
272
236
240
260
237
255
292
286
263
222
257
256
257
255
243
240
283
258
271
246
248
261
229
258
235
239
226
289
314
231
248
252
211
257
241
217
269
264
262
230
240
247
247
235
252
213
239
231
208
226
262
251
221
228
209
221
215
225
240
215
237
230
200
244
233
215
225
227
220
201
214
210
194
177
208
206
189
193
197
216
242
174
200
199
221
200
226
204
244
233
192
183
178
214
190
179
181
199
182
168
177
182
194
191
172
166
175
205
166
143
177
175
151
179
173
151
173
170
160
169
133
175
169
162
144
163
166
159
168
155
158
136
156
168
161
153
163
152
154
160
145
146
141
152
145
177
134
161
152
129
135
158
150
161
123
147
134
127
150
146
134
143
134
140
176
144
116
151
133
151
148
124
139
129
136
154
133
133
113
137
134
123
125
126
141
118
144
145
152
145
134
133
109
118
142
128
128
107
120
116
108
140
130
114
111
132
130
121
111
117
106
120
97
121
108
117
115
116
116
116
129
113
122
120
121
110
131
127
109
116
115
114
130
125
104
118
110
112
116
111
117
119
117
110
125
122
106
104
107
100
125
104
108
102
105
108
115
121
103
114
114
115
130
112
107
114
111
119
129
115
106
101
125
117
95
121
107
111
132
114
109
103
112
87
113
118
122
118
129
129
118
107
113
111
119
121
121
104
108
101
103
125
95
106
99
123
124
108
102
100
105
104
100
109
103
98
113
98
110
127
118
128
124
113
101
108
123
96
107
117
91
92
110
106
110
114
111
98
107
86
124
109
109
102
99
96
89
107
104
127
116
112
99
90
109
116
111
90
109
90
100
95
104
127
94
104
87
121
98
85
110
81
115
104
116
110
101
107
108
100
102
110
102
110
108
98
115
107
106
105
101
113
100
96
104
119
87
113
110
91
84
103
109
106
100
113
124
97
112
103
88
81
111
116
94
81
96
106
106
98
91
92
99
96
94
108
117
104
98
98
106
116
82
90
94
108
92
84
106
96
104
108
102
87
85
106
110
93
101
87
101
92
105
95
81
101
101
93
92
100
110
102
99
99
107
100
88
106
98
105
99
75
98
103
102
113
80
115
99
103
88
90
111
80
88
98
90
103
90
112
95
100
101
108
100
92
91
92
101
100
86
92
96
86
102
92
79
99
108
85
99
90
102
94
101
96
91
97
95
91
92
94
108
92
101
93
89
87
109
98
106
112
101
96
89
106
87
97
84
92
114
86
108
106
97
94
95
111
101
91
96
106
94
92
99
109
78
103
113
85
88
124
113
105
107
112
100
95
103
110
94
115
124
99
108
105
99
91
90
95
119
106
89
90
98
109
95
106
96
94
102
103
104
110
106
101
93
107
91
114
103
105
101
91
98
112
85
85
103
124
129
95
84
107
93
97
91
100
101
95
117
110
103
80
97
102
99
100
86
104
85
81
101
104
112
114
92
116
103
98
110
109
107
108
97
88
111
94
99
92
121
107
89
125
99
98
117
97
85
111
77
117
102
94
110
92
95
97
96
96
120
101
95
99
103
103
88
99
84
107
116
98
106
83
103
96
89
85
99
103
91
110
80
112
103
114
110
83
116
94
95
88
83
90
96
78
93
110
103
93
98
101
94
111
96
99
95
99
110
100
83
81
97
92
102
101
113
102
93
105
104
105
93
87
92
90
92
100
99
93
91
87
96
94
99
93
106
102
107
91
117
88
84
98
114
116
85
90
89
80
104
89
98
107
97
84
89
95
104
92
93
105
84
116
99
91
91
98
88
83
92
112
99
88
88
95
99
93
109
90
108
98
96
95
79
105
101
94
88
84
92
102
94
108
87
112
99
86
100
103
107
90
90
113
100
85
82
118
95
97
93
91
84
106
104
68
93
93
82
92
106
106
96
96
89
97
122
90
103
107
93
98
105
90
89
101
94
102
107
87
117
83
95
80
91
91
101
97
110
79
95
89
80
105
102
88
93
118
80
107
89
105
96
102
112
94
91
85
90
96
79
101
89
94
86
109
114
108
86
104
85
96
98
95
95
97
63
97
77
93
84
99
102
108
113
94
77
86
106
95
93
98
95
98
110
96
93
102
97
79
97
88
95
79
102
84
99
88
96
78
86
101
88
94
99
94
98
87
94
78
93
89
92
95
83
95
89
78
93
109
80
79
120
83
90
83
89
94
95
90
75
82
98
84
86
81
81
100
80
90
95
87
89
86
91
73
91
97
69
90
81
110
96
100
96
93
90
81
73
91
73
79
99
74
82
87
82
87
73
77
104
73
103
78
88
84
95
82
81
90
83
96
76
78
70
87
102
76
98
82
80
77
88
93
75
74
78
81
83
83
73
91
81
95
71
79
81
78
80
96
86
77
87
74
98
69
74
85
79
85
81
68
75
83
85
87
70
81
76
80
78
80
72
61
68
82
76
80
91
76
88
83
74
77
71
66
68
81
78
90
98
85
90
78
68
96
70
62
78
64
81
77
84
72
87
89
77
68
69
78
86
79
65
75
86
92
85
79
79
56
81
69
97
63
77
71
88
71
70
82
80
83
78
56
74
78
87
80
70
82
69
68
82
82
87
78
70
70
69
77
78
70
81
62
71
65
78
67
79
77
82
70
76
61
82
65
74
72
67
94
75
66
77
66
69
63
76
68
70
91
60
72
79
77
79
59
97
71
64
64
69
84
94
71
70
83
70
76
92
71
69
69
73
75
84
75
71
100
68
66
71
77
78
74
77
71
76
82
63
82
75
90
82
67
73
82
69
77
80
86
62
65
79
86
76
77
70
67
88
63
64
55
81
111
83
82
75
81
90
78
67
64
87
88
75
70
93
62
80
63
67
86
80
82
92
73
96
73
77
79
58
64
72
65
88
66
65
68
70
85
86
92
79
85
62
64
70
71
79
67
82
73
68
75
76
64
83
63
86
91
86
73
70
68
83
69
73
72
74
77
70
68
56
96
74
78
71
62
85
54
84
55
65
80
78
74
68
72
87
75
59
74
78
69
70
73
67
61
67
68
62
70
83
74
88
71
84
79
66
69
74
81
81
71
63
75
75
76
72
77
58
65
64
73
64
72
75
76
82
71
78
84
78
58
75
62
82
99
82
92
86
91
85
75
76
79
67
67
74
63
90
79
77
76
77
54
78
64
78
84
80
76
88
69
91
88
79
86
86
92
92
74
77
78
80
73
83
73
90
67
73
89
75
82
73
85
75
79
78
86
82
89
80
81
80
90
80
73
72
85
86
87
83
100
68
81
78
80
79
88
86
83
82
83
82
97
78
69
89
67
95
93
67
78
102
70
93
110
83
108
76
80
93
85
91
81
93
69
93
85
87
91
88
69
80
75
88
89
88
80
96
85
88
85
112
96
92
100
77
93
85
82
77
73
91
107
103
97
95
91
87
84
88
87
93
85
83
118
93
90
95
103
89
110
85
92
86
102
91
85
81
91
90
101
95
114
94
98
83
85
94
102
76
103
70
115
89
110
91
85
94
77
102
112
82
105
80
101
98
92
91
89
105
84
93
93
95
83
91
107
118
100
96
89
94
100
92
95
93
103
100
85
102
97
91
101
90
103
94
91
105
100
90
99
89
88
104
97
108
104
95
98
83
97
107
80
100
84
78
97
82
91
89
104
95
100
84
98
105
96
76
72
102
92
102
90
83
100
72
101
106
100
93
110
110
101
98
81
108
95
119
97
94
91
96
109
86
84
112
79
95
73
77
90
92
96
90
85
101
98
83
88
87
93
102
85
87
90
91
101
89
99
108
102
83
85
69
104
87
97
92
81
91
88
89
83
89
93
89
76
86
84
100
82
90
87
90
87
79
103
89
82
74
79
84
85
78
78
88
101
88
90
70
86
79
92
94
92
80
83
97
82
79
73
90
85
87
95
82
95
88
76
88
91
88
78
74
89
77
102
86
74
67
78
88
96
111
86
82
93
104
83
70
73
81
82
91
79
95
83
93
75
70
95
77
80
81
88
88
89
86
78
73
82
71
88
71
82
82
83
85
78
85
79
81
90
87
75
81
96
84
70
69
69
79
81
81
77
81
90
73
63
70
72
60
89
84
92
63
55
89
79
73
79
79
73
85
81
86
76
80
84
74
86
73
94
64
87
78
88
76
88
80
86
59
76
72
80
80
63
77
66
98
69
80
78
73
69
71
78
60
80
89
82
78
82
73
80
75
70
81
89
62
80
75
92
68
88
80
81
69
84
71
83
73
78
79
73
82
83
82
70
67
85
72
68
82
64
66
85
71
69
87
80
81
74
81
74
87
90
77
84
78
59
68
71
72
76
76
89
88
65
80
69
72
78
72
68
68
69
72
65
78
82
82
77
73
69
64
73
75
77
67
59
67
87
75
77
62
51
65
67
70
63
64
62
70
64
66
59
64
60
72
63
57
88
77
60
73
62
61
60
79
71
70
59
74
86
60
52
46
77
66
77
66
55
72
56
76
56
65
73
63
56
44
49
67
67
70
54
55
52
58
53
65
50
58
58
56
43
65
66
57
63
70
60
59
50
58
70
60
46
53
57
50
64
47
64
49
55
53
56
60
62
61
68
54
50
62
49
55
56
60
58
56
47
47
47
62
62
73
44
53
52
59
45
58
52
49
57
49
46
55
66
57
47
46
56
60
58
47
57
53
46
53
54
53
51
51
56
37
68
52
56
48
57
60
42
33
49
39
55
42
54
46
52
52
36
34
46
51
55
47
42
34
55
46
43
46
49
48
43
44
52
56
36
41
37
56
40
60
46
46
56
39
50
54
40
51
50
36
44
43
39
41
56
55
60
38
47
49
42
43
36
38
47
46
45
61
55
40
53
48
33
34
33
37
45
36
48
33
34
54
45
44
49
53
48
45
38
41
45
43
36
38
33
49
59
50
49
39
47
41
34
54
49
41
41
51
42
40
50
39
36
42
50
43
41
57
53
60
59
49
53
38
33
37
38
57
52
50
50
55
48
38
34
44
43
49
40
47
39
46
40
39
48
61
46
25
36
37
43
41
38
39
44
47
39
41
42
37
37
48
48
45
53
43
49
39
37
39
46
43
48
49
50
38
29
43
38
50
29
47
48
53
39
37
32
43
42
44
39
41
33
31
36
30
40
39
42
31
32
33
40
41
42
43
51
47
38
44
49
49
43
45
42
36
32
46
44
41
33
43
31
43
38
37
30
47
45
42
44
38
42
54
43
37
39
46
36
45
39
39
52
33
44
34
37
35
33
40
40
36
47
42
43
46
45
44
49
40
44
50
45
32
42
48
49
47
41
45
35
44
41
47
41
51
46
36
40
45
39
41
48
41
55
45
47
39
41
42
47
40
49
62
47
51
48
49
59
35
46
46
41
49
44
37
45
49
53
48
46
39
53
44
34
58
41
44
58
39
40
47
39
45
51
47
43
43
35
42
47
39
45
46
43
32
43
55
41
61
40
53
44
42
49
54
41
57
39
65
59
34
45
54
51
56
52
48
37
40
40
43
46
53
56
51
44
41
58
50
53
49
41
60
57
53
37
42
53
43
44
42
51
54
38
47
49
46
47
40
48
50
39
49
38
39
53
58
41
47
55
57
55
57
48
54
53
48
59
50
46
47
50
55
54
36
55
50
54
54
46
46
42
63
53
51
41
64
56
46
46
57
57
56
44
59
52
72
58
44
53
47
52
61
58
41
56
47
54
59
54
59
51
42
66
50
63
58
54
51
49
49
64
63
55
53
45
58
67
53
51
59
59
54
61
61
64
53
53
53
60
54
47
65
56
56
63
65
60
54
65
49
52
60
65
48
54
48
58
57
55
60
56
62
51
50
52
53
77
47
67
58
60
51
62
51
46
67
56
52
55
61
55
56
57
64
61
71
51
55
51
63
64
51
60
67
69
48
59
58
67
47
65
49
62
59
68
48
48
58
71
79
52
65
77
62
61
57
56
55
54
70
56
68
42
68
63
58
65
66
59
58
57
67
59
50
58
67
63
57
53
69
60
62
58
60
50
65
61
66
60
63
56
65
64
57
60
57
32
55
59
62
61
45
61
56
57
58
66
54
49
53
58
57
68
76
72
64
47
61
56
61
64
62
53
49
57
42
57
52
61
52
51
46
60
61
71
64
40
49
44
51
54
51
49
62
57
56
46
58
54
62
58
55
62
56
56
64
65
60
62
48
62
66
59
58
61
64
62
50
51
62
53
55
50
54
51
63
55
43
52
55
47
70
66
62
47
43
53
43
61
40
51
60
44
53
50
64
58
54
40
63
60
52
38
48
68
49
47
54
51
54
56
53
56
54
39
41
53
56
48
56
48
42
44
43
38
36
33
57
50
49
46
39
45
47
37
42
52
44
49
39
56
48
35
50
35
43
53
58
49
44
55
49
48
45
52
43
44
49
48
35
40
50
42
51
43
52
41
39
44
44
56
48
45
40
37
47
42
48
48
47
35
44
43
50
45
49
50
39
39
50
47
38
30
39
50
48
38
39
45
50
41
46
42
43
40
41
36
32
43
48
29
39
36
40
32
40
43
44
45
33
47
51
34
36
43
35
35
32
48
52
48
32
35
39
32
41
33
54
39
30
46
44
36
54
42
39
43
37
37
41
48
38
43
37
40
38
41
34
43
41
41
40
35
35
47
35
32
40
31
43
47
43
32
26
30
37
43
46
33
34
32
36
36
38
33
34
41
24
44
33
39
51
39
40
26
43
38
47
34
39
49
42
45
40
39
39
51
33
23
43
39
39
32
41
29
35
40
40
39
39
40
45
24
35
35
47
41
37
30
36
38
30
38
39
39
35
37
39
33
37
34
27
27
44
27
36
44
39
27
36
41
38
43
31
36
41
35
38
40
25
36
36
34
36
44
33
31
48
39
35
44
32
33
37
34
30
44
42
34
41
31
36
39
35
34
31
34
31
36
30
36
38
35
23
47
44
27
41
36
31
32
36
34
28
33
46
31
38
31
44
39
27
30
27
37
26
27
42
32
41
45
35
41
23
33
28
36
48
44
25
42
28
37
42
32
26
41
34
42
35
38
38
40
35
43
38
29
44
33
40
40
37
30
31
44
39
25
39
41
29
38
29
40
34
42
33
43
49
31
33
31
36
36
42
39
32
39
32
46
29
39
30
29
31
37
32
39
32
50
40
31
40
36
37
30
26
36
38
34
33
34
26
47
41
39
38
27
38
33
36
40
56
26
39
37
35
36
39
42
29
25
39
27
22
44
32
26
26
41
32
40
36
45
31
38
36
39
35
32
35
43
43
46
41
39
22
36
34
32
38
33
43
40
31
41
35
36
30
30
33
36
36
36
36
37
46
33
45
25
49
42
54
39
32
44
50
36
31
41
43
35
37
29
39
33
34
32
39
40
28
36
29
33
38
33
39
43
35
30
29
39
41
32
36
40
41
33
41
35
31
46
40
48
39
29
34
34
35
32
50
37
49
29
41
45
31
39
45
34
45
31
41
40
32
31
28
29
39
32
34
32
35
34
35
37
39
39
28
27
46
35
24
36
30
25
28
30
36
37
30
31
30
32
28
26
48
38
39
31
37
29
47
42
31
34
37
35
35
44
32
34
29
40
37
25
40
32
29
33
32
41
31
44
28
32
34
28
29
31
32
42
26
33
27
44
29
45
35
36
34
30
29
41
18
38
27
35
26
30
38
33
29
45
35
27
29
39
39
36
38
30
31
29
35
36
34
22
27
31
40
25
31
28
33
32
35
28
40
37
31
29
28
28
48
35
38
33
37
30
22
28
28
26
33
27
34
34
25
39
29
37
33
24
29
29
38
30
36
34
25
28
22
37
34
33
34
27
21
31
23
25
33
36
31
31
33
27
29
29
19
27
33
32
30
23
28
31
32
25
25
34
22
23
38
36
27
33
19
28
32
25
29
28
34
31
27
32
28
31
28
31
31
31
23
22
22
32
25
30
33
27
35
23
29
25
32
33
31
26
39
25
23
25
28
42
38
28
26
20
28
32
25
31
28
28
28
29
38
26
28
30
34
28
31
28
19
23
25
19
28
24
40
26
28
36
21
34
23
28
33
31
25
36
24
28
28
30
35
18
24
26
31
26
22
17
32
30
26
24
25
25
28
22
28
17
30
22
36
36
32
25
32
26
37
27
31
26
23
31
23
27
18
20
33
28
32
30
29
24
24
31
32
28
19
23
36
29
17
27
27
27
26
25
29
25
30
20
23
18
28
20
25
19
21
25
23
32
21
29
35
26
21
22
27
24
20
27
22
28
16
39
29
28
22
20
22
20
25
23
15
23
22
25
23
31
31
24
27
29
26
23
24
23
31
31
28
28
32
38
24
29
23
27
19
20
23
21
28
18
25
34
27
28
24
35
29
25
19
25
31
34
16
28
34
30
24
22
22
29
26
17
31
35
35
29
26
29
20
26
22
23
25
30
22
22
37
25
25
30
29
19
24
33
25
25
34
13
32
33
18
29
34
29
23
34
17
22
25
27
23
20
24
39
30
20
27
18
27
32
26
26
29
35
26
26
37
38
24
30
27
21
25
27
22
27
23
23
19
29
33
25
36
16
19
31
28
30
34
27
28
19
26
28
29
29
34
29
28
26
24
25
30
28
33
32
32
33
37
28
25
31
28
31
25
21
23
24
17
23
16
39
26
20
32
30
25
18
29
20
23
17
35
19
21
30
27
33
27
40
21
25
33
23
19
28
27
24
25
33
31
25
38
22
31
21
33
36
29
33
25
30
38
17
21
34
29
38
20
27
27
20
37
34
28
26
33
29
28
29
26
36
32
29
29
29
30
31
24
32
25
29
28
38
40
30
28
28
37
29
23
35
32
30
21
20
25
31
35
29
20
37
27
28
24
22
24
33
35
28
25
30
35
30
38
32
32
33
35
34
21
26
30
25
27
38
34
33
24
41
40
32
24
35
27
32
37
32
32
34
32
20
41
32
40
31
26
25
34
32
28
31
36
36
24
26
34
27
32
27
40
39
38
39
26
31
39
37
27
26
35
26
29
34
31
22
31
21
37
33
29
32
33
32
34
26
29
34
39
35
32
32
26
29
32
27
41
45
28
22
41
27
34
32
40
37
38
33
34
32
41
33
38
33
31
52
36
32
30
43
28
34
29
32
31
34
30
33
28
32
32
28
30
32
25
31
36
35
29
27
39
32
37
34
37
33
32
34
35
38
30
40
41
29
41
31
39
35
29
33
34
33
28
31
32
41
40
27
45
33
31
41
34
41
38
39
22
45
37
32
26
39
36
46
34
30
35
34
36
33
35
41
42
39
43
29
46
39
39
29
42
28
43
40
31
38
37
40
32
32
38
34
47
40
40
50
33
38
40
43
46
36
29
38
50
31
43
41
32
39
39
38
32
51
38
41
48
40
31
47
38
38
41
47
41
45
45
44
42
46
35
46
26
32
43
34
41
53
48
51
54
45
41
46
36
45
43
34
48
45
44
43
37
53
44
53
39
43
40
48
44
54
43
43
33
38
43
46
42
51
42
42
43
47
59
55
54
41
55
56
60
47
41
54
37
48
43
43
47
44
51
36
64
47
40
47
61
47
49
46
37
46
61
44
43
42
52
52
45
60
57
41
50
59
57
56
44
53
55
56
63
56
44
57
49
47
52
48
47
47
48
54
50
45
52
60
38
47
68
60
42
49
50
75
50
54
60
54
64
59
52
51
59
62
48
72
54
53
59
43
56
55
62
58
66
49
60
59
53
44
64
56
63
47
62
56
49
57
58
61
71
64
59
60
66
60
52
59
51
54
59
55
64
58
57
62
69
56
57
66
56
50
53
56
55
59
75
59
60
62
67
55
57
58
66
72
71
56
51
59
43
60
73
48
66
50
61
59
61
66
66
59
66
74
52
48
51
59
74
68
54
66
64
53
61
74
60
63
51
58
50
56
78
70
70
54
74
60
64
49
68
65
55
51
56
60
61
65
62
61
61
54
50
62
80
55
58
50
53
69
62
50
59
61
55
62
55
59
48
65
49
50
54
61
45
60
52
69
56
53
58
56
61
55
63
37
45
51
46
57
63
49
57
50
64
46
48
45
54
59
53
56
53
42
66
53
53
47
58
39
51
60
51
54
52
59
57
57
53
40
58
57
56
50
48
46
60
59
55
61
46
44
61
37
45
44
37
44
56
41
42
47
48
49
49
49
62
46
50
62
41
46
53
46
39
55
29
42
35
45
35
37
38
43
48
50
33
29
43
39
47
36
33
39
42
52
45
35
40
35
38
52
49
32
39
40
40
40
46
38
32
50
45
43
35
42
44
32
36
41
42
31
33
31
36
43
43
30
30
44
34
37
33
38
37
33
39
37
41
38
35
39
36
30
42
24
28
37
39
39
31
33
32
25
35
44
40
28
31
30
32
25
30
30
37
32
37
29
33
35
28
32
38
28
28
32
24
25
22
23
27
33
33
41
25
26
23
16
33
37
30
25
36
25
30
31
33
25
26
21
31
31
23
25
28
23
21
23
27
27
32
16
21
13
18
21
32
28
23
20
25
26
30
24
19
17
22
22
24
23
23
17
25
31
21
30
25
19
23
25
20
20
23
24
22
18
32
18
20
27
25
26
25
21
18
19
28
21
12
24
23
25
22
17
15
34
15
24
21
17
26
21
19
27
19
23
20
22
17
20
24
25
23
19
25
19
20
22
31
16
21
21
24
20
23
23
13
20
19
17
28
16
21
26
16
20
21
16
15
17
23
16
11
14
15
21
27
17
19
17
24
22
12
18
14
15
14
17
12
20
26
23
28
22
20
23
13
21
26
18
22
25
21
27
24
11
11
13
21
11
18
20
14
15
13
19
18
14
60
79
87
73
63
78
66
81
75
71
70
70
74
78
78
73
70
53
66
73
75
69
80
74
76
66
65
74
65
70
66
77
69
86
72
69
76
62
77
73
72
64
69
77
74
67
69
82
59
69
70
81
89
70
67
56
76
65
69
60
68
69
67
65
58
70
62
54
52
67
62
50
62
57
52
59
63
63
63
53
61
60
61
58
60
61
66
69
49
84
75
58
61
67
69
54
59
51
55
73
54
60
59
52
55
60
59
48
62
61
60
49
59
55
58
53
44
51
55
74
49
44
57
46
53
64
67
73
60
52
55
59
53
61
57
42
37
41
48
45
58
54
52
52
61
38
60
45
46
59
46
37
33
57
44
40
48
41
48
49
43
36
39
58
50
56
33
49
38
43
57
48
42
50
46
33
48
31
58
49
43
32
34
49
23
