# Filename : TXT_Files/Acq14400sec_021.Chn
# MCA detector ID: 1
# Start time : b'12':b'12':b'54'
# Start date : b'02Oct221'
# No channels : 8192
# Live time : 716357
# Real time : 720000
# En cal factors A + B*x + C*x*x
# A : 0.0
# B : 1.0
# C : 0.00
0
0
0
0
0
0
0
0
0
0
0
0
0
0
0
0
0
0
0
0
0
0
0
0
0
0
0
0
0
0
0
0
0
0
1
2
8
45
218
362
393
397
426
408
391
421
433
422
418
432
441
402
420
447
494
465
462
486
452
448
456
490
469
467
458
496
454
479
507
503
461
439
497
475
494
486
492
512
465
487
530
565
521
561
504
482
518
558
523
551
545
574
552
543
597
548
592
567
586
621
572
592
617
652
623
658
602
629
612
639
676
688
666
667
709
673
694
732
698
724
719
750
755
771
748
794
752
729
755
790
751
831
827
812
795
841
795
822
853
830
827
833
865
798
838
783
848
834
805
805
807
846
819
779
814
771
797
845
755
737
765
746
768
741
725
799
775
745
792
772
831
765
759
759
747
778
741
787
770
766
754
811
841
788
839
805
873
803
813
858
838
848
875
843
870
922
940
934
898
920
829
956
911
946
949
971
963
1004
960
994
990
961
937
1027
1052
1031
1051
1060
1069
1061
1152
1085
1160
1137
1075
1095
1108
1140
1122
1141
1160
1082
1175
1214
1229
1266
1151
1157
1228
1265
1201
1194
1327
1261
1338
1249
1313
1299
1292
1240
1284
1327
1374
1345
1345
1395
1315
1378
1442
1352
1357
1448
1450
1437
1481
1448
1529
1585
1553
1665
1677
1536
1550
1570
1648
1678
1646
1712
1699
1775
1735
1758
1743
1775
1791
1772
1807
1792
1798
1814
1800
1905
1872
1782
1902
1944
1975
1911
1893
1925
1983
1958
2032
2022
2051
2062
2040
2101
2118
2112
2063
2227
2156
2225
2241
2246
2318
2313
2299
2237
2306
2332
2364
2276
2293
2345
2321
2341
2419
2380
2369
2416
2446
2423
2501
2411
2407
2555
2519
2418
2594
2460
2503
2530
2501
2675
2511
2583
2609
2617
2743
2637
2683
2695
2730
2712
2772
2717
2827
2811
2822
2845
2894
2878
2886
2868
3008
2873
2892
2978
2980
2981
3015
3045
3022
3127
2998
3105
3179
3183
3044
3160
3289
3259
3123
3212
3328
3347
3235
3182
3209
3190
3365
3349
3333
3246
3380
3464
3312
3286
3389
3376
3279
3307
3407
3296
3262
3331
3292
3349
3238
3231
3331
3291
3259
3301
3238
3297
3266
3200
3172
3255
3115
3144
3184
3166
3176
3211
3269
3116
3082
3249
3169
3171
3215
3019
3203
3230
3158
3179
3149
3093
3194
3165
3082
3177
3246
3196
3148
3132
3227
3156
3170
3272
3321
3156
3191
3261
3194
3228
3151
3144
3153
3100
3179
3208
3196
3158
3126
3329
3133
3201
3252
3147
3147
3147
3269
3174
3132
3248
3217
3158
3133
3197
3111
3118
3088
3258
3290
3219
3107
3103
3148
3158
3262
3075
3098
3073
3187
3128
3077
3196
3052
3193
3265
3114
3100
3150
3102
3040
3066
3072
3031
3076
3087
3120
3013
2976
2982
3045
2915
3031
3050
3119
3010
3071
2990
3026
2914
2936
3002
3086
2973
3022
2981
2975
3115
2999
2953
2878
2934
2980
2937
2933
2980
2977
2920
2985
2974
2962
2992
2995
2932
3008
3061
2811
2891
2863
2899
2981
2944
3022
2856
2912
2918
2929
2887
2901
2956
2885
2900
2881
3053
2958
2819
2857
2910
2909
2824
2869
2942
2847
2891
2984
2799
2790
2853
2827
2813
2879
2734
2904
2880
2939
2805
2835
2811
2705
2840
2763
2815
2824
2842
2842
2957
2771
2787
2879
2692
2738
2780
2800
2756
2819
2736
2778
2780
2726
2725
2789
2727
2715
2738
2741
2885
2723
2702
2716
2854
2696
2731
2607
2797
2737
2842
2745
2718
2703
2659
2750
2647
2688
2705
2720
2725
2608
2685
2617
2625
2604
2640
2647
2714
2732
2668
2625
2688
2555
2705
2620
2680
2598
2657
2673
2624
2615
2601
2507
2575
2632
2626
2582
2615
2509
2441
2536
2542
2624
2692
2560
2616
2515
2596
2540
2561
2508
2622
2534
2539
2470
2517
2457
2558
2490
2595
2495
2541
2459
2418
2518
2441
2414
2522
2476
2417
2314
2399
2577
2386
2402
2505
2391
2331
2413
2414
2317
2420
2398
2434
2414
2393
2429
2465
2308
2392
2433
2395
2361
2307
2321
2311
2350
2322
2361
2388
2382
2279
2239
2243
2260
2309
2275
2332
2289
2294
2229
2288
2305
2242
2270
2316
2293
2334
2320
2196
2233
2244
2217
2328
2254
2219
2267
2175
2282
2302
2217
2210
2220
2267
2185
2234
2263
2291
2216
2258
2241
2259
2214
2227
2191
2193
2181
2098
2128
2109
2148
2130
2211
2242
2197
2215
2084
2219
2179
2228
2162
2060
2113
2129
2073
2155
2135
2125
2133
2174
2077
2084
2025
2060
2117
2225
2068
1990
2108
2057
2107
2083
1992
2035
2035
1966
2115
2054
1980
2083
2050
2052
2059
1952
2083
1967
2083
1997
2031
2023
1998
1975
2032
2029
1912
1990
1922
2044
2032
2007
1903
1998
1957
2017
2013
1900
1921
1868
1899
1982
1951
1952
1925
1974
1912
1872
1958
1959
1924
1957
1940
1937
1945
1818
1915
1854
1779
1826
1835
1900
1905
1874
1807
1857
1869
1856
1810
1881
1878
1839
1831
1794
1792
1776
1899
1856
1852
1777
1843
1792
1802
1840
1778
1785
1797
1788
1888
1739
1806
1829
1818
1774
1705
1745
1797
1770
1794
1723
1754
1690
1750
1729
1695
1786
1773
1854
1712
1786
1664
1673
1772
1690
1699
1755
1730
1680
1685
1694
1765
1670
1764
1689
1662
1685
1744
1598
1702
1646
1778
1695
1677
1693
1673
1622
1795
1642
1663
1694
1659
1683
1622
1715
1612
1711
1662
1770
1709
1694
1679
1643
1702
1682
1693
1721
1666
1636
1680
1629
1571
1662
1704
1682
1634
1669
1710
1668
1642
1666
1690
1574
1647
1604
1637
1613
1665
1654
1587
1596
1637
1602
1596
1632
1634
1631
1631
1653
1597
1532
1568
1546
1587
1626
1608
1637
1564
1623
1533
1539
1621
1522
1524
1492
1616
1597
1516
1537
1553
1551
1524
1527
1530
1462
1556
1535
1501
1543
1512
1505
1531
1521
1492
1492
1565
1527
1557
1485
1491
1504
1514
1482
1471
1449
1471
1510
1517
1414
1384
1470
1437
1568
1456
1515
1394
1525
1411
1475
1381
1423
1439
1366
1487
1445
1340
1350
1462
1437
1460
1455
1414
1494
1380
1375
1412
1450
1344
1442
1324
1405
1456
1423
1420
1415
1382
1347
1294
1455
1425
1436
1378
1401
1335
1350
1322
1358
1384
1359
1351
1429
1308
1348
1330
1312
1314
1363
1344
1393
1269
1399
1323
1378
1279
1300
1300
1339
1321
1358
1284
1256
1225
1274
1235
1306
1204
1244
1366
1318
1254
1300
1292
1239
1280
1344
1266
1281
1321
1259
1291
1208
1211
1315
1228
1249
1262
1263
1236
1264
1303
1261
1267
1198
1264
1291
1271
1228
1236
1214
1271
1171
1216
1240
1214
1200
1281
1192
1208
1322
1214
1245
1208
1204
1232
1227
1225
1186
1245
1251
1188
1218
1172
1184
1189
1173
1180
1229
1299
1241
1273
1214
1215
1250
1191
1265
1215
1231
1208
1245
1233
1245
1206
1295
1275
1249
1236
1219
1207
1306
1231
1244
1275
1247
1289
1214
1147
1273
1252
1245
1296
1290
1297
1308
1249
1283
1286
1305
1234
1269
1263
1270
1227
1255
1265
1324
1278
1182
1309
1283
1291
1296
1299
1273
1248
1307
1339
1242
1261
1289
1400
1319
1344
1272
1366
1311
1313
1280
1260
1299
1314
1285
1322
1261
1370
1262
1261
1240
1213
1294
1292
1315
1260
1228
1274
1241
1275
1253
1256
1248
1261
1244
1237
1220
1166
1236
1247
1213
1206
1216
1176
1228
1246
1150
1153
1136
1236
1140
1144
1206
1177
1166
1144
1141
1160
1157
1141
1117
1165
1086
1131
1104
1128
1128
1109
1108
1092
1165
1126
1087
1094
1040
1057
1068
1118
1072
1050
1003
1011
1064
1010
1016
1035
1034
953
961
1038
963
979
1011
974
935
967
925
955
963
950
971
920
917
894
925
881
956
918
874
880
946
841
915
902
898
859
875
893
840
868
860
868
882
851
843
838
912
914
841
861
809
911
814
827
840
810
778
869
804
879
855
783
814
781
851
840
826
833
842
833
800
780
789
807
778
812
800
786
804
771
806
754
844
825
773
855
800
742
778
755
851
764
786
756
802
805
796
766
801
763
779
775
832
762
794
741
827
781
806
781
795
793
758
740
739
746
705
743
745
766
728
758
772
762
754
768
756
728
776
813
768
744
755
762
736
775
749
731
759
767
760
727
729
796
765
759
837
740
774
742
760
736
782
740
725
704
714
733
760
735
711
773
722
741
744
690
748
723
752
690
717
694
754
713
784
723
797
740
740
720
735
710
746
747
740
708
718
756
699
702
762
755
718
738
742
733
750
780
685
741
767
727
725
733
721
672
753
717
770
729
722
753
705
721
763
804
707
695
729
722
672
721
724
688
768
739
748
720
771
737
709
768
718
748
744
677
720
734
663
731
701
717
670
714
723
704
685
692
719
639
692
678
669
708
697
705
673
699
739
699
658
608
664
638
693
739
698
667
661
692
721
709
671
626
671
688
652
664
679
668
650
671
684
619
682
634
613
647
635
616
662
626
609
683
627
594
660
647
645
635
579
661
590
625
657
562
580
659
564
611
594
564
605
580
639
602
606
576
579
592
594
613
598
550
596
578
570
604
561
597
562
572
553
551
542
534
572
533
552
542
518
574
544
572
558
566
555
583
526
564
530
582
577
546
560
525
528
557
532
507
549
561
501
560
557
527
522
558
532
565
546
546
536
571
564
571
520
538
544
524
562
542
528
529
586
529
533
530
558
567
535
555
538
518
511
526
517
564
524
465
537
504
528
539
510
505
538
515
551
531
543
528
527
561
574
528
565
527
566
542
566
539
518
537
533
539
501
554
515
504
545
546
554
591
534
551
560
557
551
583
529
576
524
582
518
566
565
553
555
528
533
568
548
548
526
579
550
575
541
589
560
585
599
558
562
583
544
586
566
600
601
570
590
544
595
589
552
582
599
544
579
557
596
585
592
609
587
583
586
537
552
584
574
579
547
647
601
566
549
633
588
547
589
553
618
556
558
572
584
559
588
600
581
569
603
583
558
552
583
579
530
572
569
573
599
616
538
570
562
549
582
555
584
601
606
568
610
572
577
544
587
533
593
585
543
569
559
585
572
580
579
560
552
566
551
559
578
513
581
539
573
587
555
587
546
544
542
495
539
539
543
551
529
510
530
550
502
544
524
501
488
524
500
503
466
512
552
481
505
478
456
516
486
477
525
462
457
485
473
512
485
466
448
497
461
489
460
465
464
442
463
474
438
459
422
460
445
447
424
448
424
453
416
420
445
412
448
423
400
444
460
419
388
419
405
422
382
439
414
396
409
392
408
392
382
416
412
397
397
390
384
420
386
350
394
381
333
376
384
373
360
364
352
400
354
401
360
356
351
366
338
359
369
347
305
335
329
319
351
352
319
328
343
345
343
372
372
353
347
326
337
378
373
320
320
340
337
312
320
327
300
323
344
369
344
339
345
317
359
356
336
334
302
346
335
311
338
312
316
336
352
311
336
349
325
327
330
340
312
313
308
318
339
364
359
326
350
369
338
363
334
360
309
289
312
328
332
344
327
321
336
333
350
331
307
369
331
339
354
307
302
325
342
351
352
367
351
318
314
318
336
327
329
386
344
330
327
368
330
325
349
342
374
339
361
348
378
329
361
327
359
386
354
351
348
339
385
392
348
377
347
359
360
344
391
340
370
335
389
359
387
339
359
389
351
359
379
374
382
374
380
372
364
365
386
406
364
357
407
394
376
384
377
387
404
360
372
431
378
369
382
357
397
349
362
402
380
397
388
393
376
429
405
375
398
387
403
413
380
402
393
408
383
400
384
436
383
383
405
372
401
385
392
388
392
409
375
370
379
415
362
368
379
368
406
345
387
385
379
406
379
401
432
377
365
382
338
378
394
387
390
404
370
388
375
413
349
400
389
389
357
343
364
350
365
363
391
377
345
406
382
341
369
337
345
351
376
377
364
357
316
373
365
352
366
352
335
329
353
352
347
309
343
326
341
319
374
339
341
317
345
340
325
334
312
291
335
318
297
310
320
301
321
292
316
274
327
314
277
287
290
322
274
301
263
279
287
312
313
330
293
266
294
275
304
262
311
299
292
277
280
267
257
284
276
272
248
233
260
276
270
282
235
232
274
224
263
254
259
262
245
268
244
293
248
311
270
244
259
242
257
236
253
262
291
257
258
243
235
247
225
247
234
236
243
263
256
235
224
236
262
223
248
250
251
263
234
255
237
218
222
223
234
236
235
237
218
264
263
241
232
231
217
250
250
251
272
249
227
246
239
247
239
229
227
247
231
255
243
238
235
222
288
230
245
220
242
220
232
248
215
215
225
220
248
232
234
199
253
239
234
225
219
239
215
252
230
213
218
228
224
234
236
232
218
251
235
237
233
249
247
243
234
243
245
238
211
240
271
222
218
207
224
232
245
213
242
224
247
230
227
231
222
220
213
247
230
246
244
240
225
217
258
198
255
230
210
234
246
241
192
206
241
206
226
215
221
245
247
211
246
231
222
238
213
227
237
240
223
220
219
227
238
217
237
211
207
225
180
233
206
256
211
202
180
208
214
248
204
210
229
238
234
232
224
214
186
218
242
210
225
213
216
199
229
217
202
197
229
204
218
227
229
203
213
219
217
215
211
210
247
237
214
221
225
210
218
219
209
189
207
228
189
220
201
209
205
223
220
211
201
232
190
237
235
210
232
220
205
198
222
176
227
230
203
240
253
216
177
203
214
196
195
235
196
216
212
222
192
180
233
199
204
224
212
189
193
201
210
225
203
218
206
211
244
244
210
220
230
211
224
204
215
217
226
242
218
203
211
191
217
222
223
202
205
205
205
247
197
204
229
238
235
223
230
195
201
216
226
235
254
237
216
235
208
211
240
246
220
219
231
209
220
234
248
217
223
217
215
224
225
239
210
226
205
220
200
199
210
224
195
218
220
217
216
216
227
226
202
237
234
227
210
224
207
228
244
227
206
205
225
223
227
201
215
224
208
212
224
244
216
211
233
224
191
210
212
196
210
221
183
208
209
221
208
227
194
201
220
190
236
226
202
208
196
212
210
228
227
225
241
227
222
179
229
196
207
208
222
203
192
196
213
212
211
213
180
190
175
220
193
206
218
228
198
224
197
203
203
202
237
190
194
200
196
203
193
213
178
217
184
201
204
186
206
176
209
233
207
202
195
176
186
193
193
190
182
185
188
181
171
180
178
212
195
201
211
178
205
187
192
176
177
192
171
186
172
189
195
193
185
187
183
168
197
165
186
184
171
166
206
192
205
189
182
177
187
163
156
187
177
157
180
181
188
181
200
175
164
183
182
160
188
184
178
166
174
175
174
175
164
181
184
163
175
169
160
173
161
167
159
182
164
170
171
175
168
183
152
182
179
170
173
172
159
183
182
152
175
167
175
173
167
162
168
186
167
170
193
160
189
178
165
179
172
149
174
162
170
162
181
193
210
163
171
161
161
177
178
170
188
174
175
155
189
182
187
169
174
188
194
162
183
208
184
175
177
177
189
180
182
203
176
160
174
190
187
174
187
191
199
196
185
178
175
171
172
186
210
200
178
159
200
160
185
197
182
181
200
193
205
197
202
175
198
218
203
196
174
182
187
205
203
198
202
183
191
166
184
194
201
215
206
199
209
188
191
241
195
210
192
238
202
191
206
180
204
207
213
191
203
199
187
203
231
237
207
199
191
215
228
197
220
212
216
209
209
222
228
221
216
234
228
201
199
215
232
226
218
227
217
237
207
240
211
212
239
215
194
238
227
212
207
220
216
233
262
235
232
232
255
211
239
230
223
226
227
241
241
211
231
220
226
240
233
232
236
246
262
234
249
238
244
224
222
252
258
238
258
255
221
246
250
251
234
263
253
253
234
266
229
246
236
248
244
258
250
238
249
260
280
227
291
260
256
243
258
279
267
256
257
264
256
255
219
257
263
231
247
254
249
249
254
239
303
262
236
280
254
287
251
249
257
268
268
277
259
282
280
232
282
276
250
276
279
286
252
280
255
276
267
288
259
251
255
294
270
304
249
251
287
301
268
264
287
296
303
266
261
259
283
268
248
255
267
247
279
235
256
295
237
256
268
257
250
260
282
230
269
268
259
269
234
268
268
253
271
264
242
275
282
271
236
240
261
249
239
261
251
233
265
240
254
259
258
244
260
273
266
251
242
271
252
240
259
252
271
252
265
251
252
254
236
258
223
252
253
256
226
219
228
261
250
215
233
224
233
222
249
237
252
230
259
235
229
249
229
238
232
257
246
216
232
226
230
217
228
257
234
231
252
236
232
192
218
213
214
215
187
222
221
193
194
226
210
212
214
215
181
196
212
200
194
187
188
190
186
202
209
190
180
214
195
202
190
184
210
199
190
221
182
196
183
197
181
168
186
165
179
178
156
170
182
193
168
167
164
158
180
173
134
188
163
161
175
162
165
161
174
163
163
154
161
155
163
164
157
153
146
150
158
166
129
149
162
143
168
143
152
163
133
147
144
145
135
120
154
149
141
148
143
148
171
143
148
133
142
145
125
127
151
125
133
140
130
134
126
144
145
114
134
134
125
122
122
131
109
118
117
107
124
119
129
111
134
109
121
126
135
118
143
104
113
110
116
126
125
114
125
114
126
111
119
121
110
122
111
120
97
117
111
123
111
106
111
105
112
124
118
107
104
96
110
105
133
109
110
100
123
102
124
94
108
123
118
122
109
102
134
102
115
137
86
126
114
102
117
108
111
106
127
102
97
124
110
113
138
104
108
122
93
102
116
111
100
130
110
106
96
108
109
109
123
103
134
107
102
129
118
125
123
109
121
106
114
104
114
91
114
104
119
108
107
104
120
114
120
96
91
104
102
100
121
122
103
105
116
105
126
113
118
104
120
111
90
112
115
99
109
104
126
122
84
116
108
121
110
102
110
103
107
93
109
106
111
96
99
111
116
114
109
106
97
98
107
97
130
99
106
104
122
98
96
100
100
121
104
101
96
100
94
125
102
95
87
111
98
90
94
108
99
88
105
110
115
98
111
100
107
112
93
105
88
105
90
102
102
102
101
92
100
99
113
110
107
118
88
110
99
90
96
110
100
97
92
84
104
105
93
121
112
102
101
98
111
101
89
87
100
90
100
100
96
125
97
92
113
101
89
112
96
94
90
88
83
108
90
103
100
86
107
100
104
101
90
86
83
92
108
93
84
92
101
81
91
95
92
106
101
93
113
102
103
94
102
109
98
92
104
83
87
88
102
109
100
106
106
91
107
84
98
93
102
95
77
96
98
111
99
81
108
123
113
110
108
100
92
106
104
100
92
105
88
102
103
97
98
104
96
105
100
93
114
85
80
105
88
108
112
87
98
114
103
92
94
89
110
95
95
91
92
89
98
84
104
99
99
97
109
91
87
104
100
104
89
95
99
95
102
90
85
89
93
111
110
99
95
97
87
88
112
108
91
88
99
103
105
95
81
106
77
89
93
86
110
90
101
97
113
90
96
97
94
84
95
106
108
107
81
84
115
92
97
108
126
97
98
97
109
101
117
90
111
115
111
108
97
119
105
108
92
111
90
104
115
101
88
109
87
100
107
122
104
97
105
113
97
103
92
97
94
90
99
88
100
88
106
96
91
90
105
83
101
90
119
89
108
117
106
108
94
96
91
97
92
102
92
118
98
102
96
92
93
78
93
87
113
109
111
96
100
106
107
109
93
110
96
98
91
105
102
93
87
87
90
99
106
81
92
103
98
103
99
96
105
90
104
95
96
101
95
84
89
91
99
95
93
101
101
110
103
85
87
109
101
79
101
86
122
102
96
89
83
87
89
97
96
105
101
109
96
103
86
85
95
84
113
108
90
95
103
91
88
91
84
97
85
86
96
86
89
98
99
85
85
97
87
82
97
83
95
92
101
90
84
98
85
104
124
92
95
92
92
100
108
110
103
100
110
78
96
102
79
95
81
85
103
77
86
106
115
97
110
88
106
96
118
87
106
119
85
99
93
78
97
98
95
95
95
102
98
91
90
88
116
69
103
91
91
91
93
111
102
103
80
101
97
100
82
87
91
98
95
91
108
98
91
97
91
93
96
78
112
103
81
90
108
94
98
101
79
91
95
112
113
116
111
95
97
97
100
98
95
83
88
85
88
102
94
113
82
92
92
91
117
94
96
98
111
110
97
100
86
94
78
92
88
100
88
90
104
103
98
110
109
96
87
94
103
96
104
95
77
93
95
96
92
75
93
91
112
76
103
103
109
100
93
90
95
94
101
80
95
92
81
91
101
77
102
102
92
103
89
86
89
96
86
86
85
84
84
87
101
81
81
87
102
75
90
96
86
93
81
86
85
82
103
79
89
108
80
87
89
85
85
77
99
84
103
88
93
82
93
97
75
85
88
80
60
83
81
96
90
87
95
84
91
84
85
102
85
98
72
82
84
82
76
98
85
85
93
88
80
86
87
82
85
72
85
83
86
96
79
98
68
66
81
75
94
80
85
70
69
74
87
106
65
85
89
78
84
89
95
70
82
72
96
70
76
88
71
67
74
86
79
67
74
77
108
73
85
83
95
83
63
77
77
79
84
84
62
82
78
62
77
82
80
85
92
59
63
91
83
78
83
89
65
78
76
73
76
72
85
71
67
89
82
89
77
83
88
80
74
59
92
69
97
96
74
68
70
89
96
76
76
92
82
68
81
59
66
74
82
64
86
92
84
71
64
74
82
83
82
75
80
75
98
72
89
93
77
59
76
76
73
85
79
67
68
78
80
57
61
75
76
69
71
72
58
89
63
76
80
82
58
74
82
88
71
78
86
68
77
69
71
62
75
76
73
79
91
74
73
70
56
87
60
70
75
59
76
88
77
59
79
76
67
78
70
70
83
81
78
92
64
73
84
78
90
74
69
98
70
68
63
73
81
82
56
69
62
68
65
81
85
64
63
75
69
84
53
74
65
67
86
65
83
72
55
72
65
80
97
74
81
65
75
70
74
58
75
68
75
69
84
67
72
72
64
86
81
71
67
73
69
67
66
82
73
79
73
66
70
82
76
79
68
78
61
76
75
62
70
80
62
69
65
76
57
65
81
79
69
60
79
62
87
63
89
72
72
73
58
78
66
69
75
84
71
71
66
88
60
68
78
62
83
71
69
70
75
71
66
106
69
67
71
52
76
62
79
75
73
77
67
74
70
77
81
81
65
75
77
72
59
89
73
65
77
65
66
76
71
82
62
70
90
76
77
84
81
61
85
67
75
89
81
90
82
83
94
82
64
79
85
80
97
66
81
91
75
62
85
68
73
78
84
80
56
84
77
85
86
76
77
81
84
76
77
80
70
75
84
86
82
86
89
64
73
68
76
74
81
78
89
83
74
88
93
77
75
78
77
71
84
74
67
72
77
89
98
92
95
91
86
73
73
79
80
96
89
80
79
88
71
91
86
81
71
88
84
94
73
98
89
85
83
83
77
89
92
77
68
86
88
81
74
94
93
91
82
90
93
93
84
86
65
88
79
91
71
96
91
76
99
101
76
79
85
77
120
96
82
87
89
95
89
78
90
96
85
82
91
88
106
91
107
96
88
111
96
93
85
89
92
92
98
85
102
100
94
89
110
86
96
108
106
88
82
93
101
76
93
115
98
91
113
92
88
104
77
77
87
98
96
101
93
88
83
90
107
76
89
94
89
106
93
85
100
119
111
76
87
86
80
96
100
98
77
87
105
93
94
107
102
103
99
105
107
90
96
88
93
116
86
105
101
97
93
105
97
111
83
117
102
84
101
94
113
82
90
109
69
91
104
92
76
85
96
80
111
96
100
97
90
92
88
81
106
92
96
99
98
95
86
100
93
79
94
95
98
83
91
90
100
93
105
94
102
96
104
90
76
93
95
81
85
121
102
77
102
85
85
88
90
94
81
97
85
77
90
82
83
72
82
102
80
77
87
84
82
93
92
99
89
96
100
102
91
81
99
83
81
74
79
85
67
89
96
83
89
83
95
78
93
76
88
99
91
97
88
83
82
87
90
71
89
82
86
79
91
80
92
94
75
86
86
93
84
102
90
76
83
83
96
98
74
89
97
90
83
94
75
88
81
95
85
82
90
67
92
94
81
75
80
79
93
102
82
105
77
93
70
103
87
91
79
73
89
80
72
81
88
71
99
89
93
69
81
104
77
98
105
79
100
82
88
71
82
65
91
77
94
73
92
104
80
90
76
77
75
68
81
92
82
84
80
87
75
80
69
74
94
79
70
84
65
72
87
61
83
84
80
75
94
82
74
74
80
59
78
76
72
84
71
71
86
75
63
83
63
83
69
90
79
95
91
85
68
80
76
83
93
84
84
91
68
75
54
64
81
80
66
75
85
80
84
73
93
77
78
76
77
71
74
81
72
67
58
56
68
81
91
79
92
73
72
65
67
72
68
74
87
74
71
59
74
83
80
68
73
50
70
68
83
80
83
77
53
64
59
76
79
70
68
60
60
93
67
67
79
73
72
75
65
91
74
65
78
66
64
72
75
51
66
71
69
70
75
69
71
69
72
64
69
65
66
63
64
63
62
79
61
82
76
79
82
75
72
63
63
48
56
68
51
64
79
56
59
75
63
62
60
77
55
79
55
65
78
54
53
66
66
52
63
48
71
66
59
59
63
65
57
46
63
66
65
69
71
67
58
64
50
59
49
54
60
74
56
54
68
59
72
52
52
51
60
61
51
68
60
67
51
56
59
49
63
59
48
58
64
43
57
49
59
38
71
51
49
67
52
52
39
53
40
57
61
54
71
52
49
53
65
42
52
51
54
52
53
52
50
55
51
61
50
41
49
64
39
42
58
52
36
47
40
55
39
51
55
57
43
33
56
55
46
44
70
57
45
41
45
45
45
42
47
56
46
50
40
47
43
44
48
42
53
44
40
45
46
39
39
46
38
40
51
36
53
55
48
49
48
40
53
32
47
44
61
36
44
53
39
38
33
33
51
39
49
39
47
53
46
42
65
47
54
45
48
40
33
51
42
56
54
46
47
45
41
48
46
57
47
40
36
52
41
46
38
42
44
35
43
33
42
43
40
37
42
46
36
42
47
37
40
51
30
37
47
35
38
39
52
57
40
38
40
36
42
42
39
45
48
42
57
46
38
35
48
49
34
40
48
39
46
60
43
43
40
39
34
33
51
42
49
35
39
41
46
45
42
31
44
41
49
37
45
36
35
60
46
48
49
40
30
45
36
39
47
45
43
49
40
56
42
42
42
43
43
44
37
49
31
42
41
39
46
38
56
39
43
57
42
40
46
37
36
41
44
29
45
39
38
51
39
52
40
46
47
46
32
41
50
27
39
49
48
39
47
42
47
45
47
47
34
45
41
49
43
38
45
47
50
50
44
33
47
37
50
38
33
49
44
43
57
51
33
41
46
33
51
45
48
38
45
41
41
44
40
36
41
58
37
40
40
46
47
32
47
46
46
43
43
47
30
39
45
51
34
37
40
43
42
40
38
49
41
40
49
47
37
41
46
34
45
36
41
57
42
55
50
43
48
53
49
35
41
36
51
35
39
42
38
35
47
45
40
51
52
48
55
36
59
47
52
53
59
35
45
44
42
46
47
44
45
39
51
40
38
47
45
46
34
49
45
48
37
49
42
49
42
44
45
49
44
50
45
38
47
58
51
46
49
43
50
56
54
57
42
44
52
48
56
58
57
49
41
44
47
53
48
53
48
61
39
45
50
55
44
50
47
51
54
42
46
49
38
58
50
58
53
43
50
58
42
43
45
46
58
48
41
38
61
53
54
56
51
61
61
62
60
52
54
59
48
64
59
55
50
61
61
47
59
54
47
59
46
44
61
52
42
55
62
57
49
56
54
55
49
48
52
61
47
45
46
53
59
51
50
64
65
45
65
49
54
38
69
64
56
54
70
61
45
67
59
75
64
53
48
74
61
64
66
48
56
48
58
63
62
52
40
59
61
55
59
53
54
57
56
63
53
57
64
56
44
60
52
60
64
78
65
57
56
50
47
69
57
44
52
50
50
53
74
58
56
66
63
64
64
76
52
68
63
82
61
58
51
68
61
62
68
58
51
69
57
60
57
55
51
53
68
66
60
71
59
59
61
55
52
55
66
55
69
65
56
80
58
52
64
61
53
55
54
51
64
70
58
41
65
72
53
53
59
67
64
68
45
58
57
53
49
61
68
64
54
65
52
53
82
71
50
61
58
62
46
55
64
60
52
49
65
61
65
57
63
48
50
53
66
56
66
56
42
67
54
55
55
49
55
62
56
55
65
61
58
59
51
65
59
51
48
58
49
56
66
60
58
43
57
67
62
58
62
61
52
64
68
68
49
52
47
79
64
50
57
57
50
57
55
60
49
36
49
43
64
46
48
54
61
59
50
56
60
47
56
63
55
55
51
58
56
66
73
69
51
62
55
49
50
48
41
44
65
58
49
46
55
43
57
46
63
46
48
53
49
55
48
68
59
47
50
40
61
40
50
40
48
67
46
43
45
44
46
52
39
32
45
40
45
42
62
46
48
58
46
61
39
41
48
44
53
57
40
50
33
39
50
41
51
46
48
56
39
50
54
47
54
43
36
46
50
53
57
37
59
44
45
48
51
37
51
59
40
42
32
40
40
38
51
46
34
43
38
36
41
42
47
52
42
47
27
49
33
53
47
27
49
50
46
40
37
46
49
37
49
43
32
42
28
48
32
33
45
48
30
31
35
37
40
44
41
47
34
42
30
32
47
50
38
42
31
43
40
42
38
25
41
38
48
36
43
45
42
31
31
41
50
39
41
35
31
36
36
49
39
45
36
37
39
43
37
33
43
37
47
24
34
39
48
31
47
40
34
49
31
44
39
30
35
44
45
38
30
35
38
29
45
46
30
42
34
24
29
44
38
40
41
35
46
47
26
47
32
40
36
44
36
39
41
40
39
46
42
23
28
28
45
40
36
43
38
28
43
34
31
40
37
47
41
36
33
35
25
39
37
33
31
30
36
34
48
38
37
42
25
33
40
33
33
46
21
36
36
39
34
25
33
40
36
32
42
30
32
27
34
36
50
40
28
51
33
34
45
33
20
29
34
27
25
39
45
39
51
36
42
43
29
37
32
42
32
33
35
36
29
34
36
36
36
42
33
31
32
29
44
26
33
38
27
37
42
27
32
24
28
38
36
41
29
52
37
35
29
42
34
38
33
35
32
45
36
35
33
35
36
34
39
39
28
28
43
45
38
42
29
46
37
40
27
42
28
45
38
33
35
33
34
35
35
29
32
34
40
45
38
34
32
37
34
47
34
37
47
37
38
35
41
42
33
42
28
42
37
34
40
34
36
39
33
44
28
29
29
44
51
31
42
29
27
35
39
29
42
43
41
28
39
33
39
30
39
31
29
50
32
37
33
37
37
37
34
46
37
40
40
37
44
38
36
44
39
42
48
33
39
46
31
26
46
38
37
36
31
32
37
29
35
38
41
33
47
46
34
32
32
36
41
29
40
32
41
33
38
35
49
27
28
37
37
32
38
37
43
43
36
34
43
34
37
39
42
38
36
33
35
38
26
34
27
32
39
45
29
49
37
33
44
49
34
30
33
43
30
37
37
32
31
29
35
32
36
29
35
40
33
39
28
36
31
32
35
30
30
34
31
26
37
29
37
38
31
35
39
32
46
34
28
39
37
43
48
27
34
27
28
41
29
39
44
47
33
42
41
30
27
34
32
31
33
42
28
36
39
38
30
39
40
32
26
29
34
40
38
26
35
32
34
40
31
29
34
41
40
31
30
27
38
29
30
40
25
27
33
29
27
30
25
39
36
38
28
33
30
28
25
30
38
30
40
35
30
34
33
32
31
35
26
26
31
35
28
26
41
25
33
27
34
40
34
19
30
31
32
39
31
39
31
32
25
25
28
32
31
30
30
26
26
32
41
37
35
31
26
34
35
33
35
25
29
19
49
37
35
28
40
25
21
37
33
31
27
34
25
34
32
26
29
28
27
26
34
35
30
22
39
27
37
29
32
33
25
32
19
34
22
31
29
34
29
30
29
38
32
24
25
32
34
25
30
29
43
31
32
29
26
25
32
25
27
25
35
21
36
34
32
26
31
25
26
32
19
22
34
32
37
35
24
28
24
32
35
28
32
32
39
24
29
21
25
27
35
31
40
34
30
32
39
24
33
28
29
28
27
40
17
19
24
19
32
31
21
30
22
26
34
25
24
23
23
23
38
34
29
28
22
31
27
23
29
25
31
26
27
16
27
30
30
19
31
30
27
23
23
31
28
31
29
31
20
20
25
27
20
19
31
27
27
28
17
25
40
20
31
25
24
32
20
25
30
25
28
25
28
26
23
34
33
32
26
25
22
21
26
32
21
25
26
25
25
25
33
31
18
27
22
26
24
17
19
26
34
28
22
34
41
28
19
27
23
24
28
28
22
39
34
27
29
32
31
27
36
25
15
28
23
25
20
18
23
23
27
25
27
31
24
19
30
21
26
21
22
26
25
18
24
23
25
20
24
23
26
26
22
32
24
30
22
22
27
23
27
19
28
28
30
27
22
17
27
22
25
28
25
31
24
28
36
22
29
35
22
20
23
31
30
22
23
38
31
23
23
25
27
23
21
29
26
19
22
22
26
29
31
28
20
21
25
24
15
25
27
32
30
20
24
20
28
30
27
32
26
27
29
27
23
30
31
33
20
29
25
24
25
21
28
18
25
29
28
28
26
25
33
22
34
30
29
23
24
24
28
36
25
24
21
27
25
17
33
23
19
23
19
29
22
23
30
23
23
29
31
19
29
18
23
26
33
21
27
24
31
37
15
36
27
29
24
26
39
23
26
31
27
24
30
22
29
29
34
29
29
22
40
36
30
21
30
30
21
23
20
25
34
20
22
30
23
24
31
23
18
35
28
37
34
38
33
27
28
36
31
40
29
42
20
32
24
21
29
25
22
31
21
29
23
38
36
31
22
27
38
24
28
40
31
32
32
31
23
25
32
30
32
24
21
30
26
28
30
30
31
21
21
28
33
49
32
17
22
40
39
34
27
28
29
28
34
33
33
37
29
32
23
29
28
24
31
23
32
28
32
31
21
28
30
29
30
25
24
28
44
38
29
20
28
24
35
33
28
31
46
38
30
32
34
23
30
27
31
25
26
25
27
34
31
26
28
28
37
27
25
32
27
36
29
29
29
32
26
27
34
21
36
23
24
28
28
23
34
37
31
38
34
36
26
38
27
37
28
27
32
40
36
36
21
45
34
38
25
29
28
38
36
35
29
45
28
35
27
28
30
30
31
50
31
40
24
29
34
29
40
29
38
37
30
30
32
42
36
38
40
26
26
34
34
32
31
35
36
42
35
31
35
37
37
32
39
32
35
33
34
36
33
45
33
41
38
35
45
37
40
28
38
30
34
33
32
39
35
40
45
36
46
21
32
44
33
38
42
39
31
33
28
42
37
36
39
25
33
38
34
47
43
35
36
39
27
40
43
41
40
36
44
41
34
38
38
42
49
39
39
43
51
45
39
31
35
41
40
39
41
42
43
43
43
40
43
39
33
34
34
37
40
50
48
37
45
46
53
42
41
51
42
39
50
39
45
38
35
40
49
45
38
37
41
41
50
41
32
36
27
44
46
43
44
50
36
33
40
42
45
50
55
57
30
55
37
46
40
42
39
38
48
41
45
37
49
51
48
57
47
32
33
44
53
62
45
46
40
46
38
51
48
55
49
60
43
37
50
49
45
48
52
46
62
53
50
48
51
44
44
51
45
45
62
51
38
47
54
49
44
44
44
41
43
48
70
39
62
48
62
37
64
49
41
47
54
56
62
47
65
46
45
59
61
57
48
52
51
43
53
65
33
53
57
69
51
41
60
54
56
58
41
63
50
58
61
58
60
62
60
71
52
72
61
71
50
67
60
58
67
64
61
58
62
46
58
51
56
51
65
52
62
69
61
66
65
63
65
47
70
44
58
60
65
59
55
67
57
67
62
60
58
61
65
56
52
54
73
53
78
60
55
52
56
62
51
66
60
59
55
68
63
58
60
54
61
54
62
59
61
49
66
49
56
71
64
55
65
75
54
55
51
46
48
79
51
69
49
47
66
64
57
54
62
58
56
57
60
62
74
71
44
51
59
64
55
61
69
50
64
56
63
60
63
59
56
61
77
55
58
55
58
63
60
47
49
46
58
53
57
54
45
51
56
46
55
44
50
60
58
56
50
50
60
63
51
61
51
41
70
51
55
57
47
46
50
49
44
48
50
48
43
46
56
54
57
51
42
46
48
56
47
46
66
47
50
49
37
59
49
50
52
51
54
44
41
41
47
63
52
43
41
46
44
43
35
41
41
51
44
51
36
44
61
45
35
44
50
45
49
45
39
49
51
46
45
51
44
39
32
37
31
47
36
46
52
43
33
46
49
40
45
52
34
45
38
41
45
57
41
29
43
44
38
40
40
43
36
39
38
38
29
49
39
42
42
42
30
37
45
40
36
31
33
44
35
32
36
27
41
32
38
22
29
40
45
32
41
31
35
39
25
44
35
46
47
35
29
31
29
28
35
35
31
33
24
35
31
23
34
25
21
30
33
26
25
34
23
32
24
27
39
26
19
22
36
24
25
24
30
34
33
27
23
25
29
21
38
17
30
27
33
25
20
32
34
26
29
29
23
18
20
20
21
32
25
31
20
28
41
28
20
22
26
25
19
24
22
24
33
34
26
22
21
24
24
29
30
23
20
28
19
16
24
32
27
36
27
22
26
24
26
15
20
30
17
21
21
24
26
27
18
21
25
22
18
21
16
25
13
19
16
25
21
20
20
14
20
19
28
16
20
21
24
16
22
25
24
24
12
18
18
18
19
25
15
19
18
23
18
19
24
21
23
27
23
20
20
16
18
23
23
25
24
9
18
24
19
11
16
23
21
23
20
14
15
18
13
22
23
21
21
16
15
23
21
15
15
25
12
23
15
24
11
23
11
14
20
28
49
97
96
74
78
74
65
76
57
63
67
58
72
68
62
82
87
87
78
58
86
77
90
81
66
74
68
60
77
81
67
75
76
73
81
66
69
70
92
69
70
66
66
71
62
62
69
68
72
65
74
65
54
68
72
69
57
64
65
70
65
59
66
56
66
61
69
74
69
57
65
61
68
67
67
60
54
51
69
67
45
54
64
61
59
60
59
59
62
69
53
61
46
61
72
61
67
58
58
60
54
57
54
49
59
61
47
66
49
57
59
52
53
54
61
70
61
49
60
60
64
50
53
51
50
53
45
55
57
55
58
55
55
45
55
53
53
48
33
33
46
46
45
45
58
53
49
51
42
56
42
59
53
39
41
62
61
53
46
49
44
48
43
34
44
43
42
48
41
37
43
41
38
48
37
52
39
33
36
35
33
52
37
44
14
