# Filename : TXT_Files/Acq14400sec_020.Chn
# MCA detector ID: 1
# Start time : b'08':b'08':b'01'
# Start date : b'02Oct221'
# No channels : 8192
# Live time : 716348
# Real time : 720000
# En cal factors A + B*x + C*x*x
# A : 0.0
# B : 1.0
# C : 0.00
0
0
0
0
0
0
0
0
0
0
0
0
0
0
0
0
0
0
0
0
0
0
0
0
0
0
0
0
0
0
0
1
1
1
0
5
11
64
229
384
404
375
422
407
411
419
404
410
433
422
434
456
483
460
451
460
435
421
447
439
423
455
469
441
448
511
448
461
456
494
492
482
508
469
480
514
499
471
514
493
477
512
523
509
524
487
538
518
511
495
594
549
550
555
479
597
561
555
592
571
564
600
598
634
665
596
631
642
675
660
683
689
664
659
648
682
692
735
688
704
673
703
702
734
697
769
752
743
771
809
782
774
772
774
785
820
827
788
810
807
859
821
830
849
831
862
791
807
818
808
806
786
788
843
795
799
777
804
775
816
784
788
769
816
799
716
813
797
781
772
780
791
780
818
723
770
821
809
787
794
792
814
781
779
805
782
843
841
809
812
849
863
860
883
855
816
882
935
934
942
935
913
919
941
941
983
962
965
923
993
1008
986
970
1001
959
1030
1023
1034
1075
1061
1111
1061
1107
1079
1172
1080
1153
1144
1122
1140
1096
1131
1165
1168
1154
1247
1255
1145
1211
1239
1295
1272
1271
1280
1249
1293
1254
1339
1273
1347
1268
1376
1245
1381
1411
1385
1427
1465
1414
1444
1485
1477
1433
1427
1474
1498
1459
1523
1538
1522
1564
1591
1639
1631
1610
1625
1692
1607
1702
1641
1759
1735
1735
1821
1715
1734
1732
1885
1782
1917
1888
1831
1860
1889
1911
1962
1997
1931
1983
1961
1946
1982
2119
2074
2080
2004
2070
2078
2146
2172
2140
2180
2128
2222
2236
2231
2272
2242
2149
2194
2249
2314
2299
2343
2308
2357
2418
2419
2362
2433
2459
2430
2457
2406
2569
2350
2584
2498
2464
2538
2532
2590
2569
2590
2475
2574
2557
2589
2731
2660
2612
2667
2727
2704
2725
2621
2769
2777
2822
2756
2786
2854
2776
2905
2854
2935
2903
2924
2988
2989
3026
2977
3027
3133
2995
3050
3081
3044
3159
3147
3024
3152
3221
3253
3270
3274
3295
3372
3315
3274
3286
3238
3345
3236
3342
3308
3296
3411
3371
3357
3332
3332
3359
3318
3258
3286
3378
3245
3363
3259
3267
3277
3238
3436
3293
3239
3245
3168
3213
3271
3132
3221
3177
3186
3306
3217
3166
3213
3287
3215
3176
3107
3132
3163
3253
3120
3193
3169
3109
3152
3142
3126
3252
3168
3261
3166
3124
3219
3195
3167
3176
3149
3186
3163
3229
3196
3244
3107
3165
3142
3215
3208
3245
3095
3178
3199
3196
3363
3131
3157
3116
3168
3160
3175
3266
3158
3295
3158
3214
3097
3071
3140
3242
3130
3253
3172
3149
3163
3177
3144
3188
3103
3063
3174
3284
3151
3152
3041
3079
3151
3022
3101
3081
3150
3112
2942
3094
3077
3012
3174
3048
3079
2958
2996
2927
3006
3042
3107
2980
3084
2986
3022
2863
2998
3075
2990
3111
3066
3005
2984
3062
2962
2965
2912
2996
3057
3023
2937
2987
2961
3115
2956
2888
2956
2970
2903
2975
3004
2882
2919
2928
3002
2880
2973
2941
2954
2849
3004
2905
2899
2921
2983
2976
2930
2944
2924
2844
2873
2902
2956
2898
2974
2739
2876
2882
2971
2899
2902
2974
2851
2934
2836
2841
2836
2834
2865
2783
2755
2863
2896
2830
2782
2796
2868
2914
2788
2854
2791
2888
2788
2831
2794
2783
2799
2829
2867
2783
2776
2739
2806
2851
2823
2785
2804
2601
2802
2708
2764
2785
2778
2713
2703
2767
2711
2764
2787
2725
2780
2709
2692
2781
2724
2737
2758
2765
2692
2698
2676
2615
2698
2728
2690
2663
2737
2621
2668
2725
2605
2690
2658
2726
2652
2708
2736
2586
2675
2653
2588
2691
2607
2669
2636
2709
2586
2671
2755
2635
2600
2673
2569
2649
2562
2615
2556
2615
2600
2644
2622
2671
2536
2613
2529
2483
2609
2604
2493
2469
2612
2612
2501
2559
2506
2510
2507
2524
2618
2486
2459
2499
2477
2478
2509
2380
2369
2484
2329
2421
2382
2460
2361
2513
2504
2479
2489
2494
2353
2405
2407
2442
2384
2293
2309
2368
2318
2362
2334
2286
2332
2275
2314
2409
2410
2329
2355
2312
2380
2365
2356
2305
2281
2358
2273
2276
2268
2301
2358
2310
2237
2261
2326
2270
2235
2344
2280
2267
2333
2271
2233
2263
2261
2313
2161
2219
2240
2251
2315
2225
2206
2234
2219
2262
2205
2227
2162
2261
2265
2155
2200
2249
2221
2225
2231
2191
2264
2084
2160
2235
2167
2154
2158
2126
2126
2148
2147
2144
2120
2205
2099
2162
2127
2150
2177
2126
2121
2106
2115
2113
2118
2097
2062
2093
2217
2064
2004
2191
2094
2109
2092
2121
2060
2047
2044
1965
2130
2094
2012
2041
2068
2093
2012
2016
2061
2005
1918
2017
2048
2019
2058
1972
1978
2040
1957
1969
1947
1970
1986
1995
1962
1871
1964
2008
1997
1962
1968
1927
1938
1945
1917
1920
1940
1968
1826
1966
1859
1932
1901
1937
1928
1931
1926
1880
1876
1783
1934
1837
1890
1949
1952
1873
1930
1798
1843
1872
1814
1842
1868
1814
1882
1850
1904
1838
1918
1762
1834
1755
1840
1814
1791
1874
1747
1870
1807
1765
1807
1794
1801
1790
1778
1771
1794
1783
1839
1794
1718
1695
1821
1799
1773
1730
1764
1785
1767
1784
1799
1778
1808
1732
1810
1671
1749
1749
1730
1656
1709
1668
1676
1690
1722
1728
1719
1704
1707
1705
1617
1690
1795
1795
1677
1672
1723
1666
1728
1653
1620
1709
1669
1689
1649
1734
1780
1713
1702
1703
1623
1669
1659
1656
1719
1637
1627
1683
1599
1603
1692
1696
1622
1647
1656
1681
1715
1699
1654
1688
1690
1599
1639
1621
1721
1612
1591
1652
1641
1593
1664
1641
1603
1650
1597
1671
1576
1622
1568
1624
1552
1596
1581
1659
1525
1519
1589
1572
1622
1508
1531
1525
1607
1543
1585
1585
1529
1565
1517
1525
1566
1577
1577
1528
1610
1558
1511
1484
1492
1540
1567
1532
1521
1461
1507
1481
1506
1443
1481
1579
1525
1457
1468
1472
1488
1507
1512
1524
1489
1438
1412
1412
1485
1486
1405
1407
1418
1477
1450
1401
1494
1488
1487
1394
1431
1432
1378
1414
1416
1405
1412
1429
1380
1425
1453
1406
1393
1397
1342
1354
1407
1362
1335
1418
1419
1331
1435
1425
1388
1351
1335
1319
1307
1362
1333
1392
1432
1312
1302
1378
1352
1333
1330
1347
1354
1346
1369
1328
1293
1370
1329
1366
1327
1342
1306
1286
1331
1265
1286
1345
1249
1233
1314
1280
1273
1211
1320
1306
1308
1305
1260
1288
1269
1305
1281
1265
1283
1262
1249
1246
1269
1255
1280
1222
1259
1236
1258
1210
1231
1241
1265
1283
1216
1285
1259
1256
1282
1233
1205
1251
1221
1292
1286
1246
1296
1288
1287
1201
1276
1235
1239
1233
1212
1234
1261
1255
1213
1315
1185
1204
1233
1225
1280
1251
1224
1230
1212
1238
1247
1186
1195
1270
1256
1236
1247
1251
1254
1258
1252
1280
1226
1249
1209
1254
1265
1274
1228
1203
1242
1300
1268
1270
1208
1241
1194
1273
1221
1188
1250
1253
1261
1239
1307
1239
1237
1277
1224
1306
1304
1304
1295
1218
1296
1271
1224
1332
1241
1308
1269
1315
1280
1353
1263
1300
1273
1286
1333
1324
1324
1295
1341
1319
1279
1353
1230
1282
1269
1270
1293
1305
1252
1272
1294
1256
1285
1293
1231
1284
1288
1263
1249
1217
1180
1214
1249
1201
1314
1269
1244
1192
1205
1214
1191
1237
1248
1277
1242
1267
1320
1253
1138
1209
1219
1185
1204
1164
1150
1199
1206
1185
1123
1122
1163
1161
1077
1157
1148
1108
1122
1102
1085
1117
1107
1097
1055
1028
1120
1156
1118
1078
1045
1053
1063
1024
1011
1073
1040
1081
1001
1050
1013
996
998
955
982
965
957
1020
999
929
964
1019
954
979
912
972
899
934
891
933
938
923
915
933
894
905
869
909
882
888
870
880
888
944
921
883
827
838
894
862
859
847
857
858
773
843
855
835
853
893
894
815
873
766
805
847
873
861
756
815
854
836
837
799
781
816
806
840
882
846
826
774
848
787
811
753
860
798
765
757
814
842
816
755
782
798
801
782
769
813
801
748
815
723
736
802
761
811
846
754
790
736
768
751
805
727
786
784
766
768
740
805
791
736
737
727
796
778
709
783
781
779
737
781
816
756
763
759
743
748
728
717
710
742
740
727
728
733
708
812
764
750
738
721
775
757
771
744
718
773
753
765
707
722
723
762
729
696
748
775
763
772
774
758
783
692
734
711
780
704
712
720
812
762
763
716
717
707
767
707
748
716
705
739
770
695
704
676
698
736
725
748
701
765
762
743
705
725
703
702
773
707
704
745
684
737
786
687
686
699
715
684
735
721
703
665
721
746
742
746
722
741
698
743
695
731
706
706
742
723
677
694
725
730
674
651
699
678
731
692
727
675
678
785
722
701
695
725
748
631
694
747
724
677
654
686
686
630
648
685
711
690
719
670
650
660
663
630
678
696
672
671
690
694
675
655
673
659
647
647
664
631
650
611
654
649
646
642
614
646
663
628
638
624
638
611
607
643
642
657
587
603
609
608
613
576
557
619
633
592
588
639
603
607
567
600
579
598
589
614
583
624
535
584
601
597
564
598
564
568
579
518
530
607
582
582
596
552
502
609
552
575
539
539
583
594
576
532
569
561
510
532
522
538
556
513
562
547
561
563
553
540
514
542
495
547
543
556
508
544
545
601
548
521
569
542
561
537
495
553
560
529
544
528
544
513
506
545
505
565
536
552
504
507
497
533
491
532
513
559
532
495
516
526
525
562
552
522
551
501
477
567
522
526
520
573
544
564
542
548
590
547
561
547
495
536
528
517
536
551
557
541
524
599
568
504
541
534
558
559
559
544
564
525
568
571
577
586
555
558
549
583
599
568
577
574
509
580
580
586
567
547
564
615
536
600
574
584
561
605
578
570
592
575
576
551
562
590
583
566
545
562
596
582
604
624
584
576
576
545
598
586
540
583
564
620
575
626
639
576
527
558
581
552
575
576
567
589
614
602
626
623
583
558
567
576
593
580
569
576
546
586
573
586
600
578
594
586
577
571
572
595
576
558
593
579
572
625
581
600
531
549
534
536
556
532
566
511
565
564
547
553
540
526
615
570
558
557
530
523
579
536
549
524
562
521
485
541
493
531
492
546
517
515
506
514
499
516
509
556
505
524
494
500
492
534
463
528
515
475
499
496
456
502
476
494
442
443
461
443
481
455
456
465
462
453
472
446
448
475
433
474
465
477
460
456
463
472
454
434
388
416
396
413
441
425
394
415
426
404
389
422
373
398
413
415
406
379
387
394
357
425
387
364
395
385
418
365
375
374
371
349
393
349
374
415
344
362
356
396
359
332
351
374
346
353
370
383
348
338
327
347
333
352
325
363
368
395
380
316
366
337
328
366
344
308
347
338
319
325
354
352
371
305
302
334
319
326
358
331
319
315
328
288
337
338
319
341
351
346
360
311
303
299
340
317
308
322
382
336
327
318
342
335
335
317
356
327
304
338
331
296
358
349
331
332
356
316
330
343
355
337
329
328
345
358
305
371
336
294
343
311
294
331
298
357
355
351
342
332
353
323
352
348
352
355
384
364
358
358
308
363
346
357
377
343
373
322
372
353
314
366
344
389
337
340
360
361
349
380
396
367
356
349
365
357
401
340
387
336
395
375
368
371
342
410
388
369
376
378
387
383
370
362
392
387
372
383
362
396
418
324
435
405
370
375
402
422
386
390
394
373
357
375
376
411
395
375
363
377
398
387
375
351
384
368
398
367
377
379
374
401
394
390
406
402
391
368
404
409
378
394
346
415
428
419
393
418
407
404
375
428
440
392
392
398
379
376
402
404
429
403
385
411
382
423
442
403
384
395
367
374
387
421
378
388
402
400
412
416
357
393
364
384
364
370
362
329
379
397
379
355
371
352
402
359
373
335
360
371
365
383
377
363
370
337
357
359
373
333
355
384
346
358
335
342
356
327
373
342
346
355
371
309
320
319
356
302
307
317
322
336
316
318
311
310
305
288
300
301
344
300
294
308
302
341
307
274
302
270
293
288
301
287
294
303
281
298
285
306
284
287
274
258
295
298
275
246
279
279
301
296
263
271
289
282
282
274
264
264
284
268
259
254
237
270
267
275
231
264
262
255
275
281
294
259
242
227
249
272
240
246
264
247
238
255
238
227
235
297
251
247
242
220
230
210
245
251
259
225
247
248
240
215
244
249
244
248
265
236
273
236
251
246
249
256
253
245
239
247
266
233
234
212
249
236
242
241
229
231
231
231
226
276
258
221
226
246
227
241
248
235
231
244
233
242
241
249
234
234
240
234
222
264
219
270
194
245
253
208
237
235
208
232
256
250
238
255
229
237
222
246
222
234
224
236
211
218
219
243
223
200
259
234
246
236
222
209
210
241
233
221
243
240
233
234
226
215
242
222
246
223
218
236
226
250
215
241
240
239
247
204
233
230
213
210
230
227
219
223
221
202
217
208
237
211
268
233
246
202
203
229
231
215
192
218
251
218
215
248
246
229
217
239
234
274
218
225
232
193
216
220
228
248
216
226
217
215
197
221
213
211
224
205
238
216
216
207
209
217
232
215
212
251
236
207
197
219
224
198
211
220
227
164
238
194
204
217
196
222
239
211
236
214
231
208
209
206
213
198
182
211
232
231
231
209
232
201
208
206
203
211
208
224
184
212
205
228
201
231
212
211
222
226
204
215
215
212
225
187
220
192
216
242
197
213
225
228
192
223
227
236
209
223
226
229
212
214
219
203
217
208
231
226
228
202
211
210
217
220
233
236
239
208
214
221
212
222
217
192
201
212
235
218
224
207
247
205
214
212
209
222
249
212
212
210
205
234
202
217
214
214
208
194
214
232
208
225
216
220
228
223
227
197
212
212
218
212
206
235
203
196
202
221
206
199
217
220
209
214
227
211
231
206
228
215
218
238
203
244
189
254
237
218
220
228
224
213
221
212
206
217
240
216
216
210
234
203
212
248
254
245
215
201
223
212
235
249
211
225
222
224
235
232
181
227
215
200
212
210
197
203
206
204
225
209
204
221
206
209
227
211
198
211
214
208
212
214
221
225
206
201
202
202
194
203
209
190
189
192
212
214
192
198
184
212
197
195
191
220
223
198
208
193
214
193
203
207
163
202
203
217
177
187
181
208
216
216
169
214
192
191
190
197
174
195
186
193
203
200
200
208
205
211
204
203
174
182
190
209
177
205
165
168
185
200
198
181
194
178
166
199
197
187
185
195
177
194
186
173
182
175
184
161
180
162
181
199
182
189
207
169
191
182
194
178
174
178
174
162
176
167
172
155
161
197
170
187
198
182
194
171
177
183
179
169
150
183
164
195
177
167
214
190
196
174
183
182
163
180
175
173
156
162
175
173
188
187
160
141
173
193
170
179
167
184
162
162
174
189
154
163
183
184
187
177
189
183
176
179
178
169
162
185
183
189
165
159
175
170
170
176
184
187
178
165
187
184
188
165
199
176
166
191
173
199
206
185
177
184
185
173
184
185
170
157
170
180
175
198
167
187
169
179
177
177
164
183
203
183
187
179
199
193
192
197
197
169
189
189
182
175
206
178
193
200
213
207
207
175
221
197
184
185
184
201
188
194
221
206
188
186
199
201
222
208
215
193
184
224
218
216
194
191
231
213
209
219
191
184
180
205
199
199
224
233
229
197
216
219
226
210
231
211
217
225
237
208
216
207
226
233
244
199
188
240
199
217
232
242
220
213
214
212
237
203
265
236
213
234
249
201
245
232
248
197
245
238
243
260
247
230
213
254
237
234
228
236
197
254
240
238
228
253
250
235
278
234
238
241
257
240
259
229
239
258
261
271
282
236
244
239
241
254
271
259
267
266
253
257
267
223
259
298
235
258
259
260
271
256
269
258
264
271
271
237
272
275
261
266
290
262
259
286
273
250
254
234
255
273
266
286
285
249
256
284
280
252
264
260
244
267
305
273
239
250
258
247
282
267
271
265
263
268
277
256
264
286
262
306
283
260
268
249
262
309
295
274
266
269
281
237
272
283
275
273
249
263
293
258
279
264
262
252
258
249
232
290
267
298
261
273
246
221
281
241
239
295
253
266
258
260
262
261
273
285
277
249
241
268
259
277
258
304
246
261
253
264
243
229
252
219
270
282
257
259
237
263
227
258
250
256
253
246
248
261
232
249
232
239
245
275
253
229
240
260
240
233
269
248
237
236
205
234
249
226
232
215
213
227
250
257
252
225
229
224
198
216
220
222
205
228
237
235
233
233
226
236
223
200
233
224
194
228
191
192
208
181
215
223
227
205
215
194
212
195
202
218
204
195
227
207
190
207
185
174
211
212
184
172
198
192
201
183
194
173
184
176
181
190
169
174
151
195
178
188
185
165
162
184
174
189
189
169
168
169
154
169
180
168
184
157
160
193
153
173
150
165
154
169
168
126
151
158
141
160
156
147
150
136
166
152
121
158
143
151
149
141
127
132
157
145
138
156
154
142
134
143
146
130
136
112
139
129
136
137
131
140
146
135
136
141
133
128
131
124
142
129
124
114
135
141
127
126
130
118
117
125
117
122
140
135
135
107
125
113
121
122
118
101
106
114
125
132
117
126
148
97
132
98
110
113
101
103
128
139
114
110
104
111
112
128
124
126
139
115
115
122
105
124
129
117
115
133
104
115
119
124
98
109
120
107
116
102
100
112
92
118
114
121
127
110
94
124
125
127
100
108
125
111
117
120
114
117
114
109
91
96
134
132
122
136
117
99
129
123
116
114
126
111
110
101
104
121
107
109
100
105
109
115
101
108
102
108
105
113
105
108
112
107
110
122
103
121
94
107
124
109
114
106
94
114
123
105
112
122
116
113
99
112
108
91
83
91
95
117
116
116
112
101
120
102
108
102
112
114
98
97
104
122
86
107
98
110
111
112
99
109
112
98
98
112
102
102
109
98
103
103
102
115
117
104
77
95
101
108
96
116
90
124
100
108
93
105
103
110
91
99
97
98
104
105
100
102
99
95
120
96
97
94
90
94
125
107
89
125
102
105
100
119
93
88
86
94
115
121
90
115
99
94
98
90
107
111
88
103
98
93
101
89
103
95
89
93
98
114
92
106
95
109
102
103
109
98
90
97
94
118
101
98
100
85
124
86
106
98
91
106
106
100
104
83
94
101
101
110
98
114
94
103
102
90
96
89
96
82
96
100
79
111
80
89
100
93
115
102
93
91
102
103
90
85
91
90
83
94
90
89
107
81
98
86
111
109
99
87
99
89
115
88
97
86
107
79
95
98
88
80
103
103
92
96
108
104
97
134
97
82
105
104
91
118
98
95
95
93
109
100
130
94
106
95
92
96
99
90
84
92
103
98
109
111
106
98
97
93
98
105
96
102
98
95
91
103
107
80
94
124
92
104
94
99
93
109
97
86
91
90
92
81
114
122
83
100
91
110
97
97
131
97
90
107
94
86
90
122
108
96
98
95
91
91
97
102
98
105
91
109
84
114
117
100
120
91
101
105
92
83
121
105
93
114
120
88
109
118
112
91
104
104
111
82
102
105
103
101
102
122
108
103
99
92
115
102
102
105
107
117
101
126
110
120
108
108
109
89
94
94
88
108
105
120
97
119
94
102
114
103
107
92
109
98
89
127
94
93
88
93
104
114
109
94
99
106
111
108
96
109
101
96
102
99
87
91
95
122
108
89
96
125
94
89
97
103
103
94
91
91
84
111
100
102
108
112
109
86
99
98
89
102
102
93
98
90
98
107
118
102
105
97
101
96
105
101
90
106
105
80
103
96
102
90
98
97
97
117
128
102
85
85
96
83
97
110
99
104
97
83
115
90
106
101
99
79
97
91
86
106
88
83
92
94
107
97
114
89
95
108
96
89
108
106
91
116
89
95
98
99
101
85
92
93
101
92
105
92
82
84
91
95
104
107
83
105
100
99
87
114
93
101
114
84
80
84
79
93
111
96
102
84
95
91
106
85
94
105
94
103
90
90
105
98
82
100
113
79
108
106
94
100
82
97
92
102
83
110
107
88
105
88
94
85
106
99
79
88
98
116
102
91
87
100
91
83
96
91
110
91
111
103
94
106
94
86
92
96
100
107
103
93
101
92
80
98
105
98
95
84
90
84
94
108
98
91
105
83
86
84
91
99
96
95
104
76
96
103
115
102
83
86
98
88
100
88
94
100
98
83
115
92
99
86
88
99
103
92
91
95
83
70
96
94
75
103
80
101
83
103
110
103
88
101
86
101
91
83
101
99
83
93
113
93
87
94
72
109
89
94
89
104
74
94
86
76
79
87
85
79
80
79
84
94
114
77
76
102
103
99
86
94
72
91
98
63
96
105
101
79
72
83
88
95
81
82
76
87
98
88
84
112
86
79
97
85
90
92
99
82
74
83
94
79
78
63
98
82
75
111
84
87
71
75
91
81
80
90
74
84
87
71
100
98
96
70
75
71
88
91
77
75
99
65
88
79
85
66
85
85
91
77
74
77
70
96
74
76
88
80
74
94
73
76
94
94
67
78
71
71
78
72
68
78
82
72
84
88
79
91
84
74
87
78
79
92
76
103
69
84
76
84
70
71
68
83
72
79
77
87
82
83
83
92
72
85
63
77
58
75
80
79
83
77
82
65
70
90
75
84
72
85
87
67
76
73
65
71
79
85
53
68
79
72
78
79
73
68
80
73
77
82
96
73
66
82
79
76
80
81
74
71
90
88
73
73
71
70
80
69
78
77
59
85
78
57
82
74
67
67
94
75
77
81
58
74
83
69
73
72
79
69
73
68
74
85
73
70
73
94
68
86
68
74
78
61
65
74
82
53
81
73
62
68
67
77
82
62
89
87
81
79
66
74
75
78
83
73
76
65
64
74
71
73
71
70
67
68
67
71
89
83
83
72
68
73
57
67
61
83
78
67
68
79
72
80
61
73
58
69
78
66
80
80
75
72
77
69
78
61
65
88
70
68
85
83
67
69
77
70
63
91
70
70
70
70
73
75
81
62
78
59
79
76
72
72
79
79
81
86
71
64
63
78
59
87
73
89
73
71
76
59
70
81
58
81
82
74
69
74
75
69
76
67
64
85
75
64
91
59
86
86
63
73
71
79
65
78
77
81
75
79
82
78
70
76
71
67
76
65
84
77
77
77
78
77
73
62
82
70
79
77
59
62
71
80
75
63
74
63
82
59
96
82
70
75
64
75
73
72
70
84
68
80
66
65
81
85
74
98
75
68
74
73
82
85
76
77
85
71
70
84
76
62
76
79
85
91
72
81
65
73
72
66
85
76
70
74
82
86
78
75
71
76
82
87
102
72
67
96
78
72
84
77
66
96
91
90
95
80
67
83
94
79
95
81
89
93
72
76
78
59
78
79
91
83
89
84
85
76
82
92
83
92
83
72
73
85
80
101
100
84
91
96
82
91
87
89
83
89
88
105
76
90
91
85
83
94
75
74
80
105
89
62
81
69
92
97
91
100
77
100
96
78
85
91
92
101
89
101
90
96
88
85
93
97
88
89
57
81
92
92
96
81
75
88
96
95
91
104
93
117
87
95
111
92
86
93
86
80
106
82
72
111
88
91
79
86
90
115
76
78
81
102
90
121
107
98
96
92
95
90
97
109
102
84
83
118
80
95
96
98
73
102
86
97
105
86
111
91
93
102
92
107
120
120
107
99
93
85
70
108
88
103
92
99
88
99
106
109
94
85
87
101
96
82
95
105
111
102
103
104
100
84
90
92
88
104
95
88
92
99
91
93
99
97
104
99
112
89
99
103
88
103
105
90
97
91
102
77
105
98
101
94
103
87
93
97
99
93
79
85
97
93
82
84
106
95
89
86
96
92
101
80
78
92
86
82
96
90
77
90
93
75
81
82
100
75
99
77
95
75
93
75
91
82
70
93
107
92
95
93
80
100
73
89
80
99
83
91
98
95
90
97
82
86
86
108
76
104
86
77
74
78
91
89
84
86
96
87
93
83
78
104
100
101
87
93
85
83
95
74
65
86
77
81
89
83
76
82
91
95
90
100
86
95
83
86
79
90
85
91
91
80
97
95
92
100
78
87
82
89
88
100
74
88
81
93
76
83
92
65
80
98
82
77
90
72
84
68
96
85
80
85
76
82
84
87
88
80
77
93
73
86
83
75
86
78
78
103
98
67
81
75
80
75
110
73
81
78
79
75
94
87
94
82
76
76
86
90
90
80
80
85
83
91
74
80
76
81
82
79
70
77
82
88
84
81
72
80
77
89
80
87
58
78
84
81
72
67
86
86
76
78
87
87
81
84
100
88
69
81
80
87
73
110
78
92
59
87
75
74
70
80
72
88
76
78
74
73
74
80
75
75
85
80
78
66
73
57
72
69
77
76
71
68
77
86
62
75
76
72
76
86
88
72
84
71
84
90
82
74
75
71
71
75
69
65
66
80
64
86
76
66
84
62
79
59
62
67
84
64
58
58
63
66
62
79
79
68
60
60
69
53
81
80
66
82
66
65
57
80
61
76
82
73
81
70
64
52
56
54
60
65
77
74
66
65
68
64
69
64
69
57
64
67
64
69
67
56
56
53
51
68
69
76
46
69
78
61
62
61
67
68
59
55
71
68
67
59
59
58
49
64
67
73
53
55
68
68
57
70
63
66
56
63
56
65
50
67
49
65
59
53
66
59
52
52
62
49
56
58
62
60
50
57
54
60
42
55
45
60
54
59
43
53
51
63
61
52
52
63
49
51
61
54
69
60
51
53
59
43
61
51
54
64
60
41
51
51
50
40
56
32
50
43
57
43
41
43
53
50
57
54
39
56
53
54
46
39
61
61
41
47
50
53
48
47
62
34
54
58
59
49
54
42
41
41
40
42
56
40
37
55
42
42
46
51
50
36
40
41
50
46
46
42
42
53
39
54
54
46
36
46
55
46
36
50
35
52
42
50
50
49
45
36
52
38
28
53
51
51
43
39
35
48
37
45
49
39
41
34
54
41
51
36
50
48
46
47
41
47
41
42
46
57
41
40
47
44
45
44
40
39
56
40
44
41
40
55
43
40
48
51
29
52
38
38
40
42
41
46
36
51
24
50
36
37
40
46
52
39
41
44
37
38
39
43
47
41
46
43
44
42
34
45
48
44
44
36
33
37
42
43
40
48
46
42
48
44
43
47
46
46
44
46
40
26
45
43
53
37
45
50
48
45
29
40
25
33
37
40
49
42
57
39
49
36
35
46
59
40
46
33
34
53
41
34
33
45
40
51
56
41
44
39
44
39
36
45
32
47
48
36
44
44
43
37
43
47
52
29
34
41
40
35
42
32
39
29
44
49
38
35
29
45
52
46
54
52
48
42
42
46
47
40
59
54
50
43
42
39
43
34
48
42
47
42
38
40
39
47
38
49
40
40
50
41
35
48
47
36
37
43
46
53
34
48
53
37
38
43
41
39
42
43
44
47
43
44
46
45
53
39
28
42
50
55
49
34
36
53
50
46
50
52
46
49
43
59
57
44
41
58
50
41
56
53
51
31
41
45
43
57
62
44
55
45
41
48
54
40
52
39
28
52
38
46
58
44
44
52
40
39
47
51
55
51
52
46
49
47
43
40
42
44
55
53
38
39
46
38
52
46
47
60
57
51
50
46
44
46
50
33
36
50
40
53
41
50
60
67
51
46
46
50
54
48
54
41
48
37
46
42
54
54
42
56
63
47
43
48
57
44
45
55
57
48
47
54
50
54
55
56
54
51
50
54
51
58
49
49
57
50
47
47
47
41
44
57
55
55
45
53
53
47
51
67
65
59
47
56
55
50
49
46
46
42
58
61
58
56
45
58
69
61
52
67
56
42
47
58
50
54
54
55
59
66
74
57
63
56
64
45
61
58
59
50
66
64
64
69
48
53
61
57
48
51
63
78
57
65
69
54
60
61
49
51
53
63
49
51
56
53
58
66
42
64
52
51
57
55
56
46
51
61
56
45
57
51
74
47
54
33
51
59
58
60
42
52
52
70
62
62
64
50
65
50
53
68
57
48
54
56
63
60
68
62
49
61
52
61
68
49
53
55
66
69
53
72
68
61
48
49
61
53
69
55
54
64
61
62
63
63
51
71
78
67
70
60
63
60
56
53
58
69
66
65
67
66
60
58
84
64
71
58
64
63
64
50
68
55
63
68
57
59
67
59
59
53
59
59
73
59
59
57
58
49
59
47
71
54
72
58
67
60
53
60
55
65
45
53
65
65
68
54
86
59
58
59
57
63
59
60
59
65
54
51
56
41
63
55
56
55
65
64
64
67
51
57
56
49
76
56
75
46
69
61
42
55
55
63
50
51
45
60
63
60
40
68
41
60
55
62
56
60
57
48
57
49
57
52
62
46
58
42
47
55
49
47
53
41
51
49
44
58
50
43
59
46
53
57
48
42
57
54
49
44
75
57
43
58
43
49
55
56
43
51
42
57
41
49
32
44
49
48
62
49
58
54
45
49
50
38
54
63
44
42
50
48
56
37
58
48
42
41
44
45
51
37
47
41
41
28
44
47
47
50
49
54
37
39
35
46
52
44
44
42
48
49
39
40
37
53
44
43
47
44
43
45
35
37
38
40
49
37
50
48
32
36
41
34
49
32
54
50
43
37
49
47
34
44
37
43
39
55
31
47
46
45
38
45
39
46
39
36
42
45
41
47
37
38
46
40
56
36
38
28
39
39
47
43
46
41
35
36
37
60
35
44
39
35
35
50
34
28
42
41
33
36
36
34
42
54
34
42
39
36
49
41
39
34
46
26
26
24
36
46
36
51
37
38
34
45
41
37
34
33
37
44
47
44
44
39
42
37
24
47
45
40
41
51
38
36
39
35
28
44
48
41
47
47
41
33
35
42
40
32
34
37
52
48
32
42
31
31
38
40
33
40
37
39
44
32
40
36
47
30
37
38
34
35
36
38
34
42
41
47
29
38
33
36
34
36
41
39
26
40
35
35
36
18
44
38
34
36
29
40
30
37
31
38
40
36
26
35
28
32
43
36
28
32
30
34
30
30
37
30
47
35
28
43
40
29
34
34
31
37
43
39
25
43
40
41
31
36
43
21
40
38
32
37
36
31
39
42
31
40
32
32
29
37
37
38
41
41
50
38
38
30
34
33
36
37
29
34
34
30
37
27
41
38
32
35
36
30
37
29
39
33
31
27
35
35
28
39
37
35
33
44
34
35
38
38
30
44
39
32
40
46
40
34
38
32
40
51
53
42
34
25
41
34
40
38
25
52
36
26
36
34
34
23
36
37
38
34
29
42
33
46
44
27
31
28
51
33
31
33
42
30
36
28
45
34
41
37
39
38
35
27
25
30
40
34
27
27
40
41
36
29
32
43
28
31
37
50
39
33
30
32
28
39
30
35
26
41
37
41
31
47
31
36
48
34
40
44
39
29
36
42
27
38
34
52
26
41
31
32
44
43
47
34
34
48
28
32
35
41
38
29
32
49
40
28
35
34
28
38
38
27
33
40
29
29
30
32
27
30
35
35
42
36
30
36
38
36
36
36
32
41
48
29
50
41
26
28
34
24
31
37
37
48
33
29
35
28
39
36
38
29
46
33
42
34
44
30
43
46
29
35
36
46
34
34
32
39
37
29
46
34
40
28
33
35
35
49
36
39
32
31
53
23
40
27
47
34
33
31
43
29
38
40
37
43
40
34
36
35
39
35
28
44
32
30
31
30
25
30
31
35
39
26
40
32
46
38
39
36
38
35
29
29
36
28
40
21
27
29
35
34
37
36
36
39
33
39
33
32
28
34
27
32
35
48
33
28
37
41
51
31
28
42
37
31
29
41
24
42
36
39
26
28
20
30
33
31
31
34
30
39
28
27
31
19
31
41
31
31
40
24
29
24
35
31
43
25
32
30
37
29
33
36
28
33
30
39
25
30
27
24
41
27
33
21
37
33
37
21
29
31
28
29
35
31
26
20
42
32
34
33
40
40
29
31
38
28
21
25
39
28
29
31
35
23
19
30
22
34
19
30
27
29
30
24
31
35
29
30
36
29
33
37
28
22
21
31
36
33
35
30
30
27
38
36
29
30
30
37
32
27
26
24
24
41
27
16
41
34
31
27
29
29
33
29
27
30
23
18
34
19
24
23
16
29
18
32
25
26
29
32
37
32
30
31
24
28
21
22
30
28
19
16
24
26
26
26
34
33
28
35
22
23
20
31
27
25
19
33
20
30
31
42
22
31
35
32
26
23
37
24
33
24
33
19
17
21
31
35
28
25
32
26
27
24
27
25
31
23
26
31
22
26
30
24
35
26
24
32
18
27
25
20
29
23
28
27
32
35
27
26
17
24
25
29
16
21
26
28
21
15
20
24
25
21
19
28
24
24
27
31
24
24
29
17
27
32
16
25
20
18
25
26
28
24
25
30
20
29
30
23
20
38
28
24
19
31
19
23
21
28
27
20
26
28
22
29
19
27
27
26
25
39
27
35
29
24
28
28
27
29
26
27
20
30
21
23
26
17
19
20
24
23
28
23
25
23
16
31
12
26
28
26
27
28
17
26
24
25
31
20
31
22
33
28
22
28
17
20
29
25
28
26
21
30
25
19
22
20
29
24
30
22
24
27
22
33
16
21
33
16
24
23
23
32
30
24
22
36
29
21
24
27
25
41
40
26
36
28
34
26
28
28
33
28
27
26
25
17
27
35
22
27
46
22
34
20
27
36
24
27
32
26
29
30
16
23
29
24
31
30
19
17
32
28
31
29
28
28
38
23
31
42
31
26
20
22
31
26
28
34
24
30
34
30
25
28
36
24
32
34
31
28
31
33
27
22
35
37
37
28
32
22
25
34
29
29
32
24
20
34
28
26
19
33
24
28
18
19
26
21
19
32
28
38
23
14
27
33
33
25
42
32
32
28
26
20
31
24
32
27
36
28
27
23
18
23
30
25
27
24
34
36
31
30
30
35
23
28
30
29
40
22
24
22
30
31
27
33
32
36
30
23
23
35
36
20
36
32
28
24
33
28
23
30
29
23
23
32
27
35
30
31
32
33
39
34
27
39
33
30
24
23
31
28
27
26
36
30
28
33
39
33
27
32
26
35
30
18
26
32
38
30
32
35
28
32
36
29
31
35
38
30
34
29
33
24
28
22
24
26
24
43
33
34
22
40
36
25
29
26
20
24
18
42
33
38
35
24
37
36
25
27
27
30
37
28
25
35
26
29
36
24
35
29
36
37
30
40
34
37
36
38
40
45
23
27
36
47
34
27
31
25
32
39
29
40
38
34
26
41
38
36
26
34
43
32
28
41
37
45
29
27
33
45
31
29
27
30
43
39
37
42
29
28
38
32
47
39
27
37
33
27
32
25
32
36
35
34
36
27
39
25
33
31
38
32
34
36
36
27
46
32
38
34
38
37
34
23
36
28
37
33
30
40
43
32
37
28
38
44
33
55
33
31
34
36
48
46
34
32
38
35
58
37
38
35
43
46
41
39
41
43
43
39
46
38
40
44
46
47
48
38
50
44
50
57
46
37
47
37
44
35
43
49
50
42
51
27
46
34
55
32
38
47
38
43
38
43
48
34
53
42
41
48
42
32
42
41
37
43
40
56
45
52
50
50
40
43
41
49
45
43
62
43
42
44
50
49
49
49
58
48
42
43
49
57
49
39
56
45
45
31
44
53
59
60
48
53
44
50
58
50
49
39
57
39
64
53
48
45
48
46
59
47
45
47
53
48
49
54
52
48
46
48
59
49
45
67
53
64
63
51
32
67
47
36
35
58
54
59
56
72
53
47
38
53
53
36
62
42
57
47
68
60
42
53
47
63
48
57
42
42
73
59
64
58
63
68
48
52
57
50
56
52
49
50
44
62
39
56
44
67
61
53
54
41
45
60
49
46
60
48
60
67
53
64
65
56
63
67
65
54
56
62
51
59
62
51
48
54
64
69
61
54
62
59
47
60
57
49
70
58
74
42
57
68
64
79
59
61
52
58
83
70
54
59
54
58
62
57
64
55
60
45
71
67
69
57
62
55
52
53
56
58
59
63
64
60
59
44
47
70
53
53
56
80
45
79
62
55
45
57
46
69
58
61
55
52
43
60
67
63
59
53
64
64
58
69
64
72
51
55
59
59
61
47
60
41
55
60
63
66
62
54
63
58
55
55
64
56
51
52
56
67
62
59
56
54
60
61
60
56
62
46
58
53
57
56
42
70
54
43
54
54
59
52
40
59
49
46
53
57
51
49
60
51
68
50
47
45
65
46
45
47
47
46
50
51
46
44
35
40
63
39
51
47
43
36
56
49
45
47
53
51
38
45
51
43
41
50
33
49
52
46
47
41
38
45
52
50
51
42
50
42
45
37
45
39
39
29
40
40
58
39
51
44
46
46
27
43
34
45
51
42
51
41
47
40
39
31
40
44
34
63
34
41
43
37
35
32
34
42
46
46
44
37
32
40
44
32
31
45
34
39
35
36
33
39
40
25
42
40
41
32
39
38
28
28
35
36
30
35
37
43
35
34
35
32
32
26
30
37
32
28
33
32
36
27
37
22
29
29
30
29
23
30
27
32
24
23
32
32
23
28
28
31
25
25
23
34
26
28
30
33
27
27
29
23
26
20
24
29
27
28
30
25
18
25
31
31
16
25
19
21
25
23
28
36
26
30
18
26
26
26
16
31
20
26
20
21
20
18
29
30
22
21
26
18
21
29
25
20
21
24
24
18
21
31
27
16
28
25
23
19
17
23
30
27
23
25
24
15
25
18
27
13
28
14
31
21
23
23
20
18
20
24
17
22
21
33
18
21
23
16
15
21
12
15
13
24
30
20
25
18
22
21
19
27
20
21
26
17
22
14
18
18
16
20
24
19
25
20
17
28
20
18
21
19
20
20
18
14
23
24
12
17
21
16
22
19
23
25
20
26
14
15
17
24
11
16
22
23
18
24
18
44
66
72
79
87
82
84
86
73
59
89
90
78
90
87
76
81
69
69
74
73
73
63
62
73
73
65
79
63
65
69
72
60
65
77
67
73
64
78
81
66
55
57
61
75
69
55
67
69
85
59
64
73
91
72
64
63
72
70
77
48
63
88
64
77
75
55
79
65
74
70
53
72
72
57
63
64
80
81
65
63
48
65
63
65
50
60
69
56
62
56
56
66
57
65
70
61
63
45
48
52
43
51
63
67
59
57
43
61
56
53
55
54
53
52
68
79
55
36
60
60
48
58
56
53
53
65
48
57
46
56
46
60
57
42
42
49
53
54
56
44
40
47
45
55
49
42
62
57
49
42
54
52
46
47
47
46
49
43
49
49
44
54
66
37
66
42
52
57
40
57
57
36
40
30
41
39
51
37
40
38
45
53
35
14
