# Filename : TXT_Files/Acq14400sec_018.Chn
# MCA detector ID: 1
# Start time : b'00':b'00':b'13'
# Start date : b'02Oct221'
# No channels : 8192
# Live time : 716347
# Real time : 720000
# En cal factors A + B*x + C*x*x
# A : 0.0
# B : 1.0
# C : 0.00
0
0
0
0
0
0
0
0
0
0
0
0
0
0
0
0
0
0
0
0
0
0
0
0
0
0
0
0
0
0
0
0
1
1
1
2
11
56
231
379
382
417
425
419
440
380
453
394
433
503
434
425
467
440
491
441
441
416
444
466
439
471
439
483
494
468
462
479
465
470
464
498
485
469
489
504
538
492
487
482
524
522
512
510
527
544
495
539
554
518
515
586
531
526
542
562
632
568
609
608
596
625
616
575
593
668
629
631
656
612
686
663
673
749
701
663
695
710
675
725
725
705
702
669
775
723
793
802
740
766
783
760
874
830
805
834
835
797
735
857
818
867
766
823
839
774
857
828
795
824
783
782
815
819
774
761
759
725
758
796
812
787
781
744
777
790
764
737
787
764
733
783
803
768
788
834
745
793
780
734
817
807
816
812
832
798
857
873
776
782
858
854
851
857
843
881
871
902
872
938
862
901
914
960
902
957
918
976
964
900
1018
1076
963
1034
1049
1075
1018
1022
1073
1133
1090
1031
1049
1093
1098
1144
1132
1122
1141
1119
1188
1124
1119
1170
1211
1283
1145
1228
1207
1224
1205
1211
1278
1231
1304
1238
1305
1310
1324
1360
1320
1318
1418
1364
1408
1403
1333
1443
1352
1460
1486
1452
1456
1423
1506
1521
1536
1551
1521
1581
1491
1599
1652
1517
1666
1660
1662
1713
1632
1654
1689
1765
1729
1694
1758
1788
1790
1818
1741
1888
1840
1850
1911
1936
1921
2007
1920
1972
1995
1999
2010
1991
2028
2089
2084
2026
2139
2129
2093
2105
2152
2204
2156
2205
2132
2279
2185
2303
2191
2257
2316
2364
2382
2301
2289
2345
2307
2373
2415
2367
2396
2406
2359
2526
2468
2428
2578
2537
2437
2595
2522
2456
2637
2573
2568
2713
2599
2594
2595
2651
2637
2653
2717
2675
2782
2640
2810
2733
2830
2784
2812
2822
2825
2848
2788
2843
2856
3004
3017
2892
3043
3042
3068
2987
3140
3053
3115
3112
3099
3180
3116
3200
3237
3212
3242
3170
3306
3291
3230
3269
3296
3268
3279
3359
3328
3417
3274
3380
3317
3388
3321
3292
3439
3326
3401
3323
3325
3302
3298
3317
3265
3234
3264
3241
3311
3198
3286
3246
3367
3163
3248
3259
3313
3273
3279
3148
3243
3270
3169
3222
3160
3116
3158
3130
3170
3141
3204
3133
3156
3157
3251
3218
3241
3164
3204
3105
3130
3150
3175
3210
3163
3211
3211
3311
3230
3251
3270
3188
3115
3193
3237
3174
3150
3157
3271
3323
3280
3168
3217
3160
3256
3293
3293
3236
3136
3228
3200
3133
3288
3159
3163
3189
3172
3147
3058
3211
3203
3066
3250
3133
3220
3107
3162
3061
3168
3078
3201
3123
3146
3112
3214
3055
3079
3055
3017
3099
2979
3005
3136
3109
3061
3156
3114
3096
3101
3057
3028
3122
3094
3050
3099
3115
3093
3056
2986
3005
3119
2935
2976
3011
2962
2974
2958
2950
3048
3042
2882
2958
2993
2954
3056
2913
3023
2977
2927
2925
2998
2983
2932
2923
2932
2916
2937
2911
2918
2848
2861
2824
2814
2893
2864
2857
2880
2850
3007
2848
2940
2891
2878
2855
2957
2893
2839
2862
2830
3043
2887
2933
2863
2866
2898
2828
2785
2903
2781
2895
2992
2832
2813
2825
2858
2935
2889
2808
2777
2741
2850
2815
2736
2838
2775
2765
2812
2875
2796
2826
2751
2784
2832
2807
2682
2776
2685
2703
2786
2823
2791
2702
2771
2804
2826
2889
2822
2769
2686
2792
2779
2806
2694
2800
2772
2713
2719
2661
2672
2664
2766
2703
2738
2720
2704
2665
2676
2679
2767
2670
2675
2741
2718
2719
2698
2767
2662
2670
2687
2642
2696
2548
2627
2701
2517
2665
2690
2691
2660
2685
2696
2615
2674
2605
2632
2625
2622
2618
2563
2655
2586
2626
2553
2468
2489
2609
2526
2550
2687
2559
2514
2537
2478
2515
2535
2588
2555
2514
2503
2637
2540
2458
2476
2491
2572
2449
2484
2414
2456
2474
2435
2546
2429
2428
2413
2393
2481
2411
2398
2408
2441
2293
2409
2435
2329
2412
2375
2406
2370
2375
2354
2379
2340
2324
2289
2265
2336
2323
2367
2340
2272
2394
2304
2306
2377
2239
2262
2332
2349
2314
2342
2283
2262
2367
2310
2355
2292
2275
2340
2292
2225
2282
2232
2216
2215
2271
2292
2196
2282
2196
2254
2155
2251
2215
2229
2185
2216
2212
2179
2304
2209
2178
2193
2220
2212
2121
2265
2106
2219
2107
2257
2235
2175
2101
2174
2093
2111
2187
2124
2198
2247
2119
2226
2174
2044
2084
2162
2154
2175
2117
2048
2062
2075
2164
2106
2067
2140
2081
2022
2046
2154
2108
2163
2048
2104
2055
2055
2038
2047
2158
2055
2132
2049
2070
2014
2084
2016
1976
2034
2014
2063
2007
2006
1932
2049
1954
1997
1946
2080
1996
1920
1941
1937
1958
1960
2027
1904
1927
1980
1903
1922
1978
1871
1893
1910
1942
1915
1961
1958
1951
1839
1855
1821
1920
1822
1868
1888
1950
1897
1873
1889
1863
1903
1881
1869
1873
1794
1847
1816
1816
1795
1916
1788
1771
1779
1790
1875
1812
1832
1772
1816
1825
1771
1767
1850
1754
1766
1751
1779
1819
1789
1801
1763
1695
1679
1755
1750
1712
1770
1704
1747
1784
1753
1804
1763
1708
1768
1765
1713
1676
1772
1658
1770
1697
1691
1734
1713
1716
1795
1684
1688
1681
1723
1695
1706
1687
1661
1796
1694
1689
1700
1692
1704
1755
1683
1628
1721
1618
1726
1715
1646
1751
1659
1713
1713
1652
1667
1725
1574
1666
1662
1714
1666
1617
1697
1675
1668
1620
1575
1636
1722
1595
1610
1607
1650
1758
1622
1580
1605
1642
1633
1666
1652
1610
1604
1546
1576
1582
1651
1604
1657
1516
1579
1668
1590
1608
1647
1602
1595
1561
1565
1622
1595
1515
1601
1552
1568
1545
1610
1560
1595
1560
1535
1560
1497
1552
1490
1529
1558
1598
1555
1553
1565
1494
1575
1556
1554
1449
1520
1504
1534
1457
1471
1533
1557
1461
1496
1481
1526
1481
1478
1486
1483
1479
1512
1486
1439
1536
1516
1509
1471
1427
1486
1418
1416
1435
1494
1510
1463
1399
1501
1473
1462
1413
1446
1448
1397
1436
1425
1389
1418
1445
1395
1345
1426
1423
1373
1393
1437
1412
1448
1391
1404
1364
1355
1355
1361
1318
1408
1372
1378
1362
1319
1389
1348
1333
1331
1421
1355
1326
1358
1373
1248
1358
1386
1376
1360
1325
1355
1307
1287
1283
1327
1310
1357
1357
1317
1302
1256
1317
1361
1310
1262
1237
1276
1242
1293
1267
1291
1239
1342
1194
1298
1304
1267
1269
1247
1303
1277
1279
1259
1274
1249
1247
1249
1243
1273
1217
1239
1322
1207
1273
1194
1234
1208
1194
1267
1282
1232
1288
1236
1238
1165
1242
1230
1253
1260
1212
1222
1313
1210
1223
1246
1270
1247
1248
1282
1221
1210
1234
1195
1210
1245
1230
1263
1295
1238
1199
1195
1225
1297
1236
1256
1173
1257
1160
1208
1233
1298
1226
1252
1204
1232
1242
1257
1293
1248
1289
1289
1224
1225
1275
1213
1263
1327
1244
1329
1312
1282
1345
1279
1276
1266
1218
1240
1268
1287
1261
1292
1366
1299
1348
1236
1252
1283
1273
1258
1269
1315
1288
1259
1278
1273
1265
1338
1271
1268
1308
1314
1336
1311
1219
1283
1252
1311
1342
1244
1291
1220
1313
1332
1237
1277
1322
1276
1222
1268
1282
1201
1306
1301
1258
1226
1256
1252
1204
1219
1253
1269
1176
1263
1191
1191
1187
1162
1145
1223
1234
1240
1238
1236
1175
1162
1124
1103
1117
1246
1146
1137
1126
1199
1118
1190
1085
1156
1197
1133
1168
1091
1137
1086
1080
1065
1058
1104
1040
1019
1053
1058
1056
1065
1073
1005
1022
987
1073
1014
972
1034
1002
1002
958
1004
931
993
1020
961
975
969
946
981
931
908
950
938
924
984
943
923
953
935
853
932
867
926
904
892
873
876
836
883
886
850
908
862
853
848
837
812
846
850
858
896
849
903
821
827
805
878
845
795
870
860
832
859
830
830
802
810
814
854
864
888
757
873
806
774
821
794
795
827
812
769
787
801
788
768
818
803
792
765
773
803
816
778
758
783
765
769
816
809
775
753
826
823
768
803
789
793
777
796
771
823
774
772
762
745
776
789
772
708
784
746
746
758
777
751
751
783
748
758
745
779
749
758
725
766
719
736
715
685
761
751
733
722
736
742
724
730
759
730
719
752
761
742
692
774
724
687
730
774
695
738
697
730
788
717
716
744
717
743
794
737
783
737
790
717
733
735
718
742
744
726
727
748
720
752
728
741
722
744
745
688
724
759
743
712
775
738
729
736
708
715
744
737
767
698
747
739
719
703
726
695
734
741
725
714
829
723
738
747
734
715
712
700
683
708
720
692
753
706
726
740
703
711
706
714
716
701
725
760
685
700
687
754
727
702
731
734
690
706
694
671
696
728
692
699
710
687
674
706
669
680
636
697
652
671
685
691
652
651
678
632
621
680
693
643
638
624
686
715
721
678
631
647
686
669
654
682
626
651
624
630
611
643
597
628
604
615
628
647
613
632
663
625
575
659
596
586
589
621
602
619
631
611
587
621
626
611
615
607
605
644
575
593
578
558
567
555
540
582
575
576
585
539
584
566
545
541
569
542
557
568
596
587
547
579
575
583
531
586
566
526
557
517
538
496
587
563
545
520
571
597
487
528
511
520
570
534
568
535
545
556
575
557
544
517
524
577
539
553
524
560
576
527
518
518
496
533
537
545
504
522
546
556
525
551
523
563
537
542
524
501
526
562
537
552
525
534
540
550
535
564
519
478
536
559
496
549
557
503
521
541
583
552
551
583
492
513
552
565
533
522
540
571
513
537
562
564
536
518
520
556
562
562
576
565
551
561
552
549
547
526
541
542
526
612
567
533
553
572
584
518
554
572
561
570
529
547
542
580
572
589
566
559
557
546
591
554
533
623
587
558
582
573
616
587
536
578
585
544
595
584
569
562
540
538
555
595
599
563
572
634
561
617
579
630
597
590
568
561
586
582
634
600
587
580
576
575
574
587
621
608
584
578
548
534
546
568
576
581
557
556
580
570
611
584
565
603
560
547
588
549
527
618
584
593
545
542
572
537
565
586
574
523
542
535
561
560
529
524
538
504
532
535
528
504
499
510
537
543
547
519
540
535
518
553
540
494
489
488
532
489
511
532
513
510
503
529
495
517
513
529
484
486
446
505
445
487
471
473
478
464
460
499
470
480
480
485
457
431
452
495
454
440
468
467
430
446
433
473
468
428
404
422
413
417
406
427
429
395
431
418
403
416
421
385
413
418
395
385
401
418
389
427
380
390
374
392
395
365
389
409
374
370
413
361
380
385
384
405
378
341
357
341
376
371
388
331
354
354
334
354
369
356
355
371
330
374
336
343
370
329
381
333
335
340
348
316
351
311
341
368
292
331
324
324
331
356
365
345
338
339
316
348
333
294
313
324
299
335
299
362
336
378
316
321
337
341
319
334
315
318
333
340
323
333
340
312
336
332
347
334
327
304
354
356
347
339
338
321
364
309
354
341
344
324
330
327
322
331
358
349
334
358
366
358
372
326
349
351
335
351
360
320
324
363
297
328
365
346
356
345
337
357
353
359
339
383
338
366
344
372
383
339
388
360
366
352
366
332
391
360
344
402
361
405
333
391
364
345
372
360
358
339
396
361
380
372
371
374
371
397
391
397
428
388
379
415
398
360
382
397
381
397
385
383
411
404
411
416
389
396
376
409
386
394
410
383
384
426
379
390
392
397
384
395
389
410
341
454
414
393
394
404
419
401
418
406
415
383
418
410
409
416
429
420
400
431
424
420
395
379
375
412
432
408
426
410
407
461
387
441
385
406
401
388
411
394
410
396
370
425
404
437
434
414
378
398
404
379
401
395
387
353
396
372
369
403
394
373
433
405
364
386
411
374
372
379
340
386
340
356
422
417
347
393
396
363
390
390
331
399
384
359
330
369
344
310
341
383
361
352
337
343
334
323
361
350
334
337
332
324
318
345
346
340
286
321
294
340
296
335
346
334
337
314
307
337
282
331
291
336
296
290
331
332
286
304
295
269
296
319
282
295
277
275
289
278
294
266
255
243
261
270
278
287
277
270
260
270
240
275
284
281
268
278
286
250
275
273
273
260
255
263
254
274
271
258
240
244
246
283
235
251
245
237
233
260
280
272
262
267
240
231
258
248
235
257
295
231
231
286
267
254
243
226
270
265
257
228
255
235
249
229
231
226
224
234
232
231
250
223
231
235
232
251
223
230
234
235
232
232
247
213
232
236
256
247
233
228
234
198
227
225
258
217
234
229
236
216
229
228
223
217
236
239
232
222
231
275
228
234
244
243
233
235
253
223
239
211
225
213
234
232
221
229
211
229
219
239
227
238
238
230
215
220
227
239
225
223
223
235
236
240
216
221
236
263
235
220
255
254
220
245
259
224
238
231
207
246
237
243
231
227
255
254
235
194
233
229
214
234
234
232
244
235
211
238
241
237
222
229
245
199
196
212
216
247
210
231
205
244
201
224
229
221
247
201
234
195
216
237
220
238
210
210
253
232
235
214
226
227
210
232
195
246
223
200
213
231
220
235
227
214
208
203
201
208
201
200
215
239
215
231
217
203
208
224
239
226
228
194
237
198
205
221
231
214
209
219
198
203
209
219
177
216
204
248
205
221
222
239
177
202
210
226
230
239
221
216
219
210
232
203
186
199
237
197
215
210
202
202
206
222
183
210
204
219
210
239
213
188
225
233
207
215
204
217
187
192
221
210
202
212
221
249
201
222
205
201
210
208
205
223
230
200
236
216
211
208
239
223
227
206
221
187
206
225
223
196
206
223
202
208
215
243
202
241
193
242
202
219
204
217
221
224
195
212
252
213
242
241
212
217
223
222
218
207
188
216
210
219
224
232
211
213
196
218
226
203
218
249
222
212
225
218
189
208
231
229
207
213
199
212
231
200
227
197
211
228
191
223
196
214
238
192
226
191
201
215
219
233
202
231
226
214
207
213
195
217
207
192
213
211
228
198
190
194
199
210
207
216
206
214
199
232
215
198
213
210
194
208
219
200
193
205
213
191
222
193
224
203
211
217
207
206
215
174
204
209
206
212
187
162
190
222
220
228
211
213
203
187
212
207
199
205
199
208
192
164
192
221
225
205
199
229
192
198
210
179
201
190
180
189
183
169
197
192
220
196
201
183
190
201
198
189
187
184
204
187
222
176
182
206
193
196
174
204
160
200
177
195
197
192
207
182
178
188
189
217
194
203
157
192
168
174
187
177
164
173
204
167
193
185
158
168
170
221
180
179
159
182
184
174
156
172
165
185
169
178
184
182
177
196
178
170
193
172
191
190
162
163
194
191
196
185
179
172
180
166
180
181
173
179
171
189
161
159
187
163
186
165
164
147
169
174
192
185
176
183
171
194
182
171
175
174
166
191
191
152
190
171
178
177
176
187
156
197
172
208
162
170
153
198
187
187
178
176
194
191
185
181
199
181
186
191
154
176
182
174
177
182
176
189
195
198
180
178
190
179
195
166
198
179
197
197
193
197
194
169
183
207
219
185
193
196
191
204
175
168
167
190
194
230
195
181
193
205
194
195
178
208
182
185
193
191
189
196
205
200
188
178
191
214
170
202
171
212
196
195
206
200
175
185
221
208
214
204
205
206
211
226
206
200
198
233
200
223
233
190
230
201
214
198
214
225
260
192
223
190
227
217
203
205
217
207
191
211
240
200
220
207
222
223
222
254
218
224
223
238
215
248
249
228
229
243
226
225
228
245
219
231
216
227
232
249
246
240
222
260
267
234
226
229
228
251
228
253
253
229
235
214
217
235
218
237
248
228
211
277
256
251
242
256
243
261
238
235
237
254
238
236
256
272
260
250
232
252
267
245
264
282
245
278
226
232
285
261
270
265
241
277
243
244
251
250
244
214
236
265
262
260
271
279
234
263
249
250
258
261
272
239
236
284
251
246
246
265
273
267
265
271
266
248
295
261
305
278
296
252
251
290
268
260
262
238
267
270
282
275
276
268
257
262
253
253
255
265
272
280
268
304
274
265
245
275
263
274
267
252
253
250
257
236
224
300
256
234
268
264
243
247
270
251
280
278
278
262
247
281
243
258
225
262
291
260
238
242
245
249
293
250
261
276
278
252
273
261
283
264
252
252
247
231
244
266
242
252
292
268
261
275
254
230
266
241
262
256
231
278
240
227
228
222
209
247
259
229
218
215
230
225
244
234
240
228
244
218
242
231
241
252
211
251
207
230
209
201
207
245
241
247
206
225
211
236
220
232
202
199
227
232
225
245
231
206
194
209
208
215
227
212
192
209
237
185
212
221
192
212
179
197
187
202
193
207
173
206
203
186
166
186
176
175
206
186
176
197
180
172
158
173
177
189
184
185
186
174
158
161
158
160
174
203
153
173
142
173
166
181
158
133
177
159
153
183
169
174
138
163
148
142
138
152
170
159
143
157
133
160
153
120
149
130
143
154
152
137
159
149
147
147
148
121
143
135
132
135
138
125
140
147
136
138
140
127
141
121
121
124
147
147
131
133
106
139
125
129
152
140
127
130
116
128
131
119
138
112
138
109
138
123
115
120
117
121
122
130
114
108
109
124
126
115
143
134
118
125
101
114
117
140
115
109
135
131
123
133
143
116
126
104
106
120
101
120
110
121
110
117
112
110
105
113
111
119
112
125
140
103
126
100
108
97
116
130
103
131
114
116
104
114
119
116
94
107
132
104
116
116
109
122
108
110
125
119
120
110
104
105
115
105
103
116
109
92
96
118
115
109
102
122
120
101
119
105
102
142
103
122
106
117
127
105
109
131
100
95
104
119
112
120
110
115
80
67
101
117
102
120
102
108
103
103
108
99
98
118
98
113
92
118
110
108
113
105
105
118
129
89
113
108
114
91
111
94
114
106
91
98
104
90
113
111
109
101
106
108
116
89
94
109
117
107
118
106
84
101
108
117
121
118
107
104
95
111
97
100
95
95
107
92
98
101
115
104
113
116
112
113
104
97
91
98
115
109
93
115
88
114
92
103
87
89
108
90
105
117
108
95
103
105
98
101
121
93
100
109
81
96
104
103
111
92
127
92
90
93
94
97
115
103
99
104
95
104
97
86
82
103
86
79
106
84
106
86
100
96
101
100
91
113
104
112
96
107
100
123
104
113
102
134
103
89
98
109
84
115
104
94
92
90
83
93
84
122
114
98
103
93
106
114
79
89
100
78
102
97
103
92
89
97
106
73
89
107
92
94
102
84
94
97
84
103
95
114
87
113
96
99
85
101
90
86
122
116
121
83
97
95
92
89
117
96
111
103
100
96
106
106
117
83
87
111
99
103
83
80
103
105
98
90
95
93
89
94
86
100
103
100
95
89
97
96
90
95
105
116
103
90
96
101
95
93
131
104
85
106
100
97
98
98
100
123
95
107
106
83
97
108
105
112
107
118
94
90
87
98
101
108
101
98
101
100
101
100
98
99
99
105
94
115
90
100
104
98
100
76
99
101
94
99
85
106
117
88
110
96
100
81
100
118
100
114
98
102
106
102
85
98
101
95
96
81
103
94
109
97
96
96
101
100
87
105
105
91
112
113
114
99
86
107
105
89
91
107
90
99
98
100
92
91
96
104
98
93
89
97
96
106
96
111
105
104
115
106
102
104
106
80
91
114
102
79
96
106
79
123
111
89
102
99
111
100
112
104
83
98
101
100
102
97
94
98
91
97
90
93
105
101
103
103
102
86
101
80
94
97
84
90
90
120
96
115
97
84
96
98
95
104
95
95
89
104
113
110
111
86
104
94
94
97
96
102
82
93
104
85
94
95
95
92
81
114
107
78
102
92
94
106
97
72
115
102
70
105
77
92
111
88
84
97
89
104
85
85
95
98
97
92
102
99
104
90
96
127
99
87
101
89
85
102
89
89
95
107
86
100
96
118
96
95
103
97
84
85
114
113
89
93
105
90
86
81
73
101
88
96
89
88
97
94
89
86
103
93
77
106
95
89
103
85
102
108
97
87
84
102
113
112
100
110
92
89
87
89
86
98
99
101
92
106
92
83
88
84
80
99
108
94
114
92
79
94
101
87
88
107
95
81
93
85
90
89
94
77
92
107
95
91
84
105
83
101
109
87
92
99
104
79
92
94
103
100
71
89
104
93
95
110
76
97
96
75
73
86
86
105
90
99
101
111
99
114
89
92
87
82
98
85
101
87
95
89
89
86
87
93
96
76
88
84
101
92
93
81
98
97
99
82
99
83
89
83
95
71
100
82
94
105
73
85
86
94
89
68
98
93
81
84
81
91
78
75
76
95
80
92
96
86
90
89
88
94
91
78
93
92
89
91
78
72
76
94
84
100
82
97
97
83
90
78
87
85
88
90
78
75
110
67
91
99
88
66
91
77
91
85
93
72
89
73
89
104
74
65
64
88
82
76
72
85
78
97
109
84
95
75
83
78
75
92
113
72
91
80
82
82
77
76
85
76
81
89
87
85
79
72
76
77
96
81
87
88
82
81
77
74
80
86
89
74
79
80
78
84
76
81
81
91
95
80
74
73
88
68
82
84
75
64
77
71
64
76
87
85
71
76
72
82
72
77
67
74
88
78
72
81
84
90
75
89
59
78
98
78
77
76
75
71
66
78
81
66
90
69
70
82
77
69
71
87
78
74
83
80
72
70
88
67
71
81
83
81
80
78
80
71
75
84
67
66
82
66
67
77
82
69
82
67
80
68
87
76
69
85
80
71
78
75
77
62
83
72
74
81
89
82
69
65
62
70
66
82
64
84
73
81
84
74
75
69
59
78
80
63
86
80
82
83
67
71
84
62
72
80
73
73
78
83
90
56
79
65
82
57
86
59
68
94
70
61
73
77
60
87
72
71
81
60
60
68
88
87
69
93
79
73
85
69
71
79
71
78
82
82
67
70
93
83
67
74
69
73
81
67
74
68
71
82
62
70
83
74
66
81
67
74
83
62
68
65
75
81
82
73
76
74
82
78
83
80
68
76
68
71
61
71
66
71
66
75
74
82
62
62
73
72
70
95
74
80
80
70
71
65
62
79
62
70
78
77
82
69
75
69
90
88
87
75
65
73
83
79
69
97
71
64
85
58
74
79
75
84
76
61
86
70
72
87
72
59
76
73
73
69
88
76
66
82
72
72
79
61
78
87
82
68
59
80
77
84
71
85
78
59
72
54
77
65
85
81
86
82
87
78
95
81
80
57
72
71
99
76
75
84
68
81
81
95
79
68
78
51
69
73
80
64
67
79
79
90
83
83
69
81
61
72
80
83
76
66
87
73
71
97
68
80
88
81
72
74
97
76
80
64
84
92
81
72
76
74
91
83
89
62
69
88
77
66
78
79
69
84
91
79
84
76
98
75
88
87
84
83
75
71
73
102
74
85
79
71
102
93
71
77
99
97
79
85
102
87
80
72
64
75
71
77
76
95
87
87
83
91
87
79
76
90
99
83
79
89
80
97
88
103
100
89
98
84
86
68
77
83
87
96
81
95
84
78
87
84
84
94
80
112
81
102
95
82
86
85
93
102
106
102
106
89
98
104
99
82
84
84
96
78
97
80
84
85
106
90
104
95
108
109
90
97
99
88
80
92
84
105
101
84
104
101
106
90
98
99
98
78
78
107
94
98
107
89
102
99
95
96
97
97
95
110
87
119
94
97
98
87
108
91
110
101
102
84
82
85
99
95
88
93
100
115
106
94
97
95
84
91
91
99
98
96
78
103
85
110
78
92
115
80
96
92
103
89
94
93
93
82
107
87
100
66
111
113
84
87
90
90
100
85
98
95
87
75
92
92
102
90
113
94
90
82
95
92
91
75
84
90
109
85
90
92
91
86
97
94
114
83
101
87
79
83
87
78
88
95
106
84
86
94
100
100
89
92
78
78
112
67
90
73
91
81
90
68
83
84
94
94
102
73
73
97
89
85
85
80
88
89
84
96
95
83
88
84
79
80
98
81
84
98
73
74
97
83
88
84
91
87
73
81
90
88
84
92
89
85
108
82
91
82
85
76
88
80
93
87
80
89
94
76
85
78
89
72
90
85
90
76
72
82
86
68
79
82
71
74
87
92
90
77
85
76
81
107
77
77
99
75
70
91
79
83
81
107
79
80
84
88
90
87
88
83
91
92
74
79
79
67
87
98
63
78
92
83
81
76
77
89
87
76
93
79
97
92
52
83
68
70
55
75
81
81
81
81
77
78
83
83
73
75
65
78
80
82
83
70
94
74
66
73
98
83
74
77
73
89
68
70
66
81
69
63
71
54
76
94
81
67
72
71
79
83
86
80
82
77
66
73
76
89
67
72
88
71
64
73
75
73
66
69
70
78
79
81
81
84
82
79
81
68
69
63
82
82
99
65
72
63
92
78
74
77
68
74
56
79
67
70
79
74
85
65
72
60
61
61
71
75
68
71
74
66
78
71
73
79
76
71
68
53
69
58
72
71
75
63
69
69
69
77
70
74
70
73
56
49
61
84
87
80
60
74
64
66
56
68
77
80
48
75
65
70
68
52
60
60
61
64
57
55
56
65
75
75
60
62
60
70
67
70
69
56
58
58
67
57
59
65
83
49
45
61
67
67
77
59
73
53
63
58
58
58
65
59
52
61
53
55
69
58
60
60
65
54
63
65
65
54
64
46
60
49
55
48
45
55
66
50
53
63
59
68
63
60
69
51
58
57
53
61
43
63
65
50
50
53
52
70
65
64
54
36
44
50
57
47
59
47
54
48
38
43
52
55
47
38
58
53
58
47
47
48
53
52
45
54
52
64
53
50
55
53
48
49
38
44
55
48
55
49
45
52
50
43
47
38
42
50
50
58
59
56
47
51
48
50
50
53
35
36
41
40
50
53
40
27
46
49
49
49
40
48
52
34
46
41
44
44
32
47
37
55
48
39
50
40
41
33
47
41
48
32
48
39
41
55
42
55
49
34
41
37
44
36
41
40
45
41
46
43
55
46
40
39
37
49
46
44
49
55
43
51
45
39
41
51
40
50
62
33
52
46
53
32
42
58
44
39
45
39
43
49
49
43
40
41
60
38
43
41
47
52
39
39
47
42
37
49
38
44
48
52
48
38
39
30
38
37
44
41
31
45
45
35
37
39
49
34
42
40
38
49
36
49
41
40
42
34
55
37
42
32
46
43
46
47
42
34
47
40
52
44
43
39
52
35
42
41
50
44
36
36
55
44
38
50
46
44
47
44
43
53
43
46
50
53
44
51
51
38
43
46
37
43
43
42
41
36
37
53
51
36
40
40
43
35
54
41
50
34
29
47
36
30
41
36
37
48
43
34
32
46
38
37
39
52
44
42
40
43
47
38
38
50
55
46
52
48
43
37
40
42
44
30
47
40
51
37
48
48
44
43
47
39
51
39
45
55
51
52
34
49
47
42
43
36
43
35
52
45
46
43
41
49
40
31
40
51
39
51
47
49
49
43
38
51
38
51
43
44
38
49
37
39
32
48
45
47
49
35
48
36
33
54
41
53
50
32
37
52
39
39
37
45
35
45
51
69
45
51
42
40
56
52
47
35
46
50
40
42
42
51
55
63
47
46
50
63
51
40
48
47
43
48
52
54
41
45
52
38
51
46
61
51
50
46
42
42
49
54
36
44
47
53
47
39
37
50
48
45
31
54
49
39
46
54
48
42
58
44
45
54
42
53
41
49
41
50
51
56
53
46
59
48
60
61
47
49
42
47
68
48
42
48
42
54
54
56
46
42
55
43
59
46
58
58
51
49
50
53
54
46
46
60
56
48
57
47
56
55
57
39
50
48
40
51
45
65
60
53
44
69
56
51
58
46
51
56
51
58
56
60
63
51
56
54
63
60
60
65
46
67
44
54
56
49
58
51
47
71
54
66
50
47
64
49
64
62
61
65
59
66
47
59
53
69
50
50
61
55
64
60
56
53
74
78
60
62
62
62
47
69
64
60
52
61
40
44
57
62
68
49
60
55
59
62
60
52
50
55
53
74
60
75
52
65
58
57
56
63
51
63
48
64
67
69
49
60
63
58
61
58
64
58
50
52
58
65
64
73
67
58
63
62
62
61
68
57
64
67
49
63
58
78
60
52
61
59
80
52
55
51
66
66
56
50
57
55
53
64
59
63
44
64
53
57
58
66
66
61
55
72
44
59
54
59
56
68
53
62
45
65
53
64
55
45
55
56
65
65
56
64
47
63
51
51
58
59
58
71
57
66
62
41
71
66
57
69
61
46
55
57
70
47
68
46
58
52
59
66
55
62
57
56
47
67
51
56
56
45
39
53
67
53
58
43
59
59
69
56
52
56
61
54
60
44
47
47
41
59
52
65
58
60
48
61
56
55
49
63
44
57
68
63
60
56
52
56
63
51
42
54
53
61
42
56
64
49
51
48
38
49
64
58
51
62
60
62
58
43
49
57
47
41
62
48
47
46
44
47
57
51
49
49
40
57
51
52
56
52
62
49
46
57
49
42
56
55
57
46
52
49
46
46
34
42
50
40
50
48
46
35
51
48
49
44
44
45
31
55
48
53
48
42
37
39
40
46
48
47
38
50
36
36
44
44
41
56
48
51
48
48
39
50
50
50
38
50
31
56
39
50
36
40
42
56
45
54
38
50
48
42
42
45
35
38
48
41
48
47
46
38
35
41
45
36
43
41
35
39
46
38
50
48
40
29
35
46
48
45
32
46
30
36
55
34
41
42
43
43
39
39
36
31
42
35
42
41
43
52
30
34
32
31
47
42
31
28
39
35
32
37
41
49
36
43
44
31
38
38
33
32
47
36
49
39
30
38
38
37
39
27
41
39
35
39
43
34
46
37
36
25
41
31
35
32
32
33
39
40
27
42
43
31
39
31
32
44
40
45
33
33
33
38
34
38
32
30
33
32
35
39
41
43
46
35
30
36
35
53
25
36
39
48
33
31
38
40
32
38
25
29
38
36
39
35
45
38
37
40
38
35
39
34
32
47
43
40
33
32
45
38
37
41
40
44
35
36
37
42
34
36
40
36
28
34
37
37
39
38
32
30
35
54
39
38
28
52
32
36
29
39
34
42
32
40
34
28
45
33
39
38
30
32
44
26
46
45
33
36
38
33
41
36
39
32
30
39
24
31
26
45
33
50
35
39
31
26
37
33
34
43
44
35
25
25
29
41
36
36
37
41
39
39
39
43
39
30
31
34
30
35
42
31
32
36
30
36
40
31
42
38
33
36
40
47
38
39
30
46
34
29
30
41
33
30
38
40
30
33
34
40
39
35
26
34
33
46
37
40
32
38
29
33
45
38
36
39
32
40
28
37
33
42
43
33
44
48
26
33
37
28
46
46
31
32
44
36
40
45
38
46
33
39
35
37
23
31
37
38
41
28
38
26
41
26
33
39
45
50
39
31
36
44
44
37
32
36
42
33
38
34
37
35
29
25
43
25
41
29
29
27
41
31
33
26
46
35
40
25
37
36
35
32
42
38
39
34
40
33
32
28
33
34
42
43
47
43
30
33
38
30
31
41
45
33
38
31
41
39
35
33
29
24
41
48
25
37
46
46
20
41
32
40
31
28
40
35
32
35
35
34
23
34
46
26
29
27
21
41
41
29
35
25
28
30
30
38
26
28
37
32
36
32
35
32
41
37
29
21
38
39
31
35
28
28
35
26
32
31
42
31
30
33
36
39
34
39
31
34
42
27
46
34
34
27
32
31
31
30
36
31
27
37
38
28
31
35
30
36
28
36
29
42
36
32
36
49
29
29
31
34
38
28
36
27
38
27
28
33
28
27
23
43
30
28
45
35
25
24
29
31
33
36
35
34
34
20
41
32
33
31
43
28
27
43
34
33
29
25
30
30
34
24
31
41
28
32
37
24
28
41
29
20
36
32
41
33
27
30
41
45
23
29
26
27
38
25
29
36
39
27
24
30
27
26
30
26
28
20
32
30
31
34
42
35
30
21
27
33
29
30
22
28
34
32
28
29
26
43
36
28
32
36
31
33
22
20
19
24
38
34
29
26
20
33
16
28
32
25
37
36
21
32
27
30
25
27
38
31
28
37
29
26
34
26
25
29
29
35
26
31
19
22
33
27
22
28
30
29
17
36
18
32
37
26
33
25
37
27
30
24
26
32
28
29
29
32
25
29
34
29
21
23
23
20
24
34
22
20
32
27
26
26
30
32
34
25
27
22
32
35
32
30
34
23
26
31
21
36
29
30
25
24
30
32
30
33
32
23
14
27
32
30
32
29
29
23
20
29
26
35
19
13
20
37
26
26
27
25
22
23
25
21
22
24
24
27
23
16
26
15
21
25
30
29
33
27
21
36
24
22
22
35
20
27
23
22
16
28
23
31
19
25
37
27
24
34
20
25
21
31
21
15
23
30
17
30
32
25
20
21
16
31
27
26
26
19
21
16
22
34
22
19
19
31
33
24
21
28
15
22
21
25
31
22
20
19
24
29
25
25
32
33
19
30
18
26
28
32
20
32
23
15
22
15
27
22
32
27
25
24
34
24
28
24
27
24
20
22
29
19
27
26
31
28
28
17
18
23
26
28
22
21
22
28
27
28
36
31
33
33
22
23
22
14
31
26
27
28
25
26
24
18
23
31
24
41
26
27
33
22
21
32
22
32
32
20
29
27
29
35
29
27
38
29
34
23
25
32
25
26
31
27
34
20
24
20
29
30
17
26
23
17
25
27
25
19
34
26
32
29
30
34
34
30
22
23
21
23
28
23
27
25
30
38
29
32
27
28
31
30
19
32
27
26
27
27
26
26
28
27
33
26
27
25
27
30
25
23
29
25
25
27
28
28
30
29
29
31
30
31
23
32
20
24
24
36
29
24
31
29
19
34
39
27
29
23
36
33
32
25
26
26
31
26
31
25
26
23
26
21
27
33
26
38
41
25
27
33
29
28
29
50
27
32
24
29
36
33
29
34
26
32
26
30
27
35
39
37
24
28
23
27
25
29
25
33
22
32
28
35
23
26
36
35
32
39
27
31
34
19
32
25
36
32
31
38
26
40
29
38
27
18
28
33
35
17
32
36
27
37
29
42
31
20
25
37
22
31
35
24
21
24
32
27
33
29
37
40
29
31
35
37
27
32
31
29
36
32
25
36
30
35
25
26
26
25
35
37
26
29
24
30
27
25
33
26
29
34
34
33
19
26
35
32
23
38
28
40
32
32
34
31
28
39
23
40
33
29
47
48
32
26
25
35
31
30
35
34
27
33
19
32
37
38
23
32
41
26
39
39
42
28
40
23
56
36
27
37
27
18
38
36
41
33
31
33
29
46
28
38
31
36
37
27
34
26
35
30
50
33
29
42
35
37
30
34
27
36
36
35
42
27
35
40
41
43
39
36
31
19
37
42
34
37
40
35
42
36
39
41
29
30
37
46
34
30
23
41
42
39
34
35
43
40
42
38
42
44
30
31
46
34
40
31
34
46
35
34
51
37
45
41
38
40
32
32
41
32
36
43
37
33
34
45
40
48
40
33
44
43
42
37
44
28
43
27
28
57
38
32
51
28
40
45
49
38
49
37
42
41
34
35
47
49
33
39
42
44
44
42
44
50
37
52
38
39
48
51
51
38
51
48
54
42
33
41
43
43
42
40
45
49
42
46
31
44
51
44
45
51
48
51
44
53
49
52
54
46
55
37
48
62
44
40
64
49
60
51
51
35
49
65
66
48
51
34
51
49
48
43
47
53
45
51
43
69
56
50
51
52
52
55
51
52
40
52
53
44
58
64
55
52
65
54
53
54
65
37
73
57
43
51
67
46
56
59
48
52
48
58
47
63
49
59
36
62
58
44
65
43
54
60
50
59
52
60
51
52
40
59
52
58
60
40
59
55
51
54
63
51
68
54
60
58
51
55
64
51
56
52
54
55
65
58
46
66
61
57
49
43
51
48
45
70
60
55
55
49
68
58
55
73
56
69
44
56
47
52
61
58
47
61
62
52
58
54
49
55
54
57
56
53
63
65
66
53
48
66
57
55
57
55
61
56
61
60
61
64
56
59
60
53
51
58
64
63
72
67
37
56
60
46
69
62
54
67
47
52
49
51
72
61
54
73
52
50
64
66
68
62
67
72
67
59
56
68
63
56
57
60
58
54
53
43
42
75
64
51
45
53
62
52
57
46
61
72
56
63
42
48
60
65
50
58
51
52
61
48
64
50
61
59
66
47
48
48
45
54
48
51
49
57
40
52
49
46
47
51
42
51
63
53
54
40
57
43
63
39
43
44
64
59
45
47
44
60
51
46
48
62
41
52
55
44
47
51
37
47
55
53
35
54
46
37
37
43
57
37
47
47
40
44
39
53
52
52
52
49
44
35
41
47
50
24
43
50
47
37
49
43
49
30
37
43
40
37
38
47
46
30
45
30
47
33
37
41
42
36
42
35
40
46
43
41
37
45
36
31
29
36
35
37
39
39
34
39
33
31
40
35
29
38
37
31
42
28
26
37
24
26
37
25
26
29
32
22
28
35
35
34
35
35
37
26
41
28
30
39
22
24
30
39
32
36
28
18
22
23
34
23
33
31
26
23
27
23
32
38
28
26
28
41
27
27
27
41
19
23
22
29
26
30
30
26
31
28
24
29
31
24
32
27
23
20
33
26
27
31
27
26
35
22
21
25
24
24
22
23
20
16
37
22
26
20
23
16
32
29
24
31
25
29
29
24
20
23
22
19
19
25
20
27
22
24
21
23
25
24
17
22
22
16
20
21
21
20
27
26
19
20
21
25
8
15
17
18
24
18
22
27
14
17
18
24
21
13
15
17
18
29
18
10
23
21
20
23
20
24
24
18
26
23
23
23
19
26
26
26
29
17
29
25
19
22
20
15
19
18
19
16
19
19
23
13
20
13
20
22
11
13
14
16
18
18
22
17
24
18
11
14
22
19
20
17
18
17
18
14
25
21
26
42
70
71
76
63
72
75
66
72
70
72
86
82
72
67
68
68
63
58
75
70
70
73
73
68
73
91
67
78
77
72
71
62
61
76
69
54
63
68
70
70
65
60
75
71
64
73
73
61
70
73
66
65
59
76
67
78
79
66
63
66
51
61
59
63
74
80
59
68
55
68
65
70
67
80
62
72
73
63
59
62
61
66
75
48
55
54
57
65
54
51
73
63
56
59
70
53
54
53
61
55
51
70
46
47
51
59
38
55
54
48
52
57
50
47
58
58
55
48
47
56
44
62
46
65
50
57
44
48
47
49
50
53
43
45
59
56
51
44
61
61
62
62
44
47
39
42
55
69
46
41
41
45
37
49
44
44
48
37
51
42
44
47
57
55
56
49
45
42
39
46
59
51
36
42
38
46
38
47
31
37
31
53
43
16
