# Filename : TXT_Files/Acq14400sec_027.Chn
# MCA detector ID: 1
# Start time : b'12':b'12':b'17'
# Start date : b'03Oct221'
# No channels : 8192
# Live time : 716370
# Real time : 720000
# En cal factors A + B*x + C*x*x
# A : 0.0
# B : 1.0
# C : 0.00
0
0
0
0
0
0
0
0
0
0
0
0
0
0
0
0
0
0
0
0
0
0
0
0
0
0
0
0
0
0
0
0
0
1
2
5
8
69
212
395
421
415
387
388
440
431
458
417
396
445
436
456
455
461
482
472
472
419
456
493
455
496
488
448
465
501
461
458
459
482
473
488
503
512
487
449
474
533
486
488
487
477
507
518
482
532
557
518
566
499
510
553
571
579
567
584
564
577
580
569
600
584
545
631
634
638
660
645
640
617
645
652
692
650
714
711
686
696
654
645
749
748
772
701
713
730
743
731
770
803
732
788
773
764
791
829
798
860
831
818
838
792
842
847
862
800
836
818
818
799
827
759
824
829
748
729
797
748
784
781
786
787
799
765
794
755
774
784
765
809
757
743
778
754
841
802
775
782
765
782
815
787
811
805
786
816
844
911
854
870
814
820
859
831
854
837
912
890
905
919
929
890
952
971
1004
979
860
924
951
963
991
1021
1057
1051
1039
1066
1003
1036
1038
1095
1022
1113
1148
1131
1085
1081
1159
1141
1080
1165
1187
1192
1147
1163
1163
1158
1217
1210
1197
1237
1265
1210
1211
1315
1243
1301
1288
1297
1312
1309
1292
1366
1375
1301
1390
1432
1388
1408
1344
1435
1461
1404
1486
1442
1404
1535
1542
1461
1559
1537
1571
1544
1560
1630
1613
1679
1650
1651
1636
1684
1692
1712
1760
1726
1788
1741
1738
1765
1784
1751
2010
1829
1893
1945
1920
1987
1925
1940
1981
2090
1958
2046
2049
2033
2105
2114
2153
2029
2124
2219
2208
2168
2156
2196
2125
2184
2212
2142
2347
2331
2280
2224
2333
2326
2383
2348
2234
2373
2359
2348
2366
2457
2456
2468
2471
2384
2428
2484
2528
2443
2533
2534
2575
2595
2611
2666
2572
2647
2675
2621
2695
2772
2627
2643
2711
2743
2813
2839
2780
2841
2840
2832
2800
2779
2896
2960
2813
2927
2939
2975
2966
2907
3074
3081
3154
3139
3071
3145
3060
3112
3212
3202
3144
3263
3218
3223
3244
3237
3269
3236
3273
3259
3312
3265
3270
3242
3369
3422
3373
3259
3296
3320
3272
3296
3255
3317
3310
3175
3268
3215
3250
3267
3135
3238
3344
3264
3232
3220
3328
3229
3235
3145
3155
3254
3233
3212
3163
3178
3152
3230
3197
3179
3230
3160
3260
3176
3169
3173
3208
3084
3130
3196
3182
3199
3173
3156
3238
3197
3159
3196
3209
3303
3237
3219
3142
3309
3151
3187
3243
3131
3188
3158
3215
3221
3086
3100
3189
3288
3151
3244
3293
3256
3261
3273
3143
3246
3202
3158
3111
3105
3206
3146
3084
3155
3237
3164
3144
3187
3135
3078
3226
3156
3183
3174
3061
3149
3060
3032
3080
3077
3160
3095
3043
3124
3159
3080
3130
3066
2945
3061
3105
3064
2989
3041
3031
3003
2994
3066
2951
2970
2985
2998
3001
3018
3006
2889
3057
3000
2973
2977
2995
2945
2977
2965
2955
2983
2935
3029
2980
3016
2945
2927
2993
2906
3058
2916
2895
2875
2931
2946
2920
2962
2916
2882
2945
2866
2877
2958
2947
2940
2913
2975
2882
2856
2871
2891
2914
2920
2933
2904
2944
2905
2876
2809
2909
2854
2929
2873
2884
2809
2907
2823
2828
2859
2879
2889
2908
2839
2825
2864
2786
2865
2867
2797
2793
2845
2817
2770
2855
2852
2642
2719
2779
2837
2723
2899
2830
2806
2739
2760
2807
2723
2796
2737
2780
2807
2787
2729
2817
2705
2697
2714
2779
2732
2670
2649
2788
2599
2693
2636
2658
2725
2680
2689
2722
2631
2768
2700
2671
2668
2719
2714
2677
2665
2681
2666
2610
2653
2614
2705
2695
2628
2625
2586
2691
2653
2634
2657
2634
2618
2643
2659
2670
2582
2582
2533
2656
2486
2674
2597
2703
2682
2580
2534
2609
2563
2564
2558
2489
2567
2594
2518
2613
2616
2566
2537
2551
2467
2576
2465
2421
2516
2577
2537
2473
2569
2562
2460
2382
2483
2497
2481
2425
2443
2476
2439
2496
2390
2400
2429
2442
2372
2433
2339
2364
2364
2375
2324
2356
2335
2388
2274
2380
2406
2369
2417
2320
2317
2436
2294
2322
2306
2302
2369
2307
2343
2379
2337
2358
2340
2317
2382
2344
2296
2367
2308
2297
2405
2314
2281
2286
2207
2330
2240
2324
2260
2281
2270
2200
2288
2256
2274
2212
2221
2194
2255
2290
2229
2325
2288
2270
2214
2203
2272
2188
2279
2197
2262
2202
2168
2139
2144
2209
2174
2161
2193
2157
2141
2177
2192
2178
2128
2153
2202
2087
2070
2177
2183
2158
2151
2239
2150
2150
2035
2114
2040
2137
2061
2041
2016
2124
2044
2063
2075
1993
2015
2078
2131
2123
2085
2022
2044
2037
2050
1994
2103
2053
2037
2088
1950
1974
2054
2057
1966
2010
1951
2017
1883
2043
1955
1995
1905
2053
1958
1925
2056
2018
1947
1977
1860
1977
1948
1896
1989
1934
1922
1949
1878
1963
1934
1920
1866
1882
1870
1916
1867
1903
1890
1950
1929
1835
1817
1901
1921
1877
1843
1847
1886
1905
1842
1846
1784
1858
1842
1749
1877
1810
1869
1822
1887
1808
1831
1879
1757
1856
1801
1802
1791
1825
1718
1816
1811
1739
1838
1871
1751
1769
1771
1715
1793
1745
1717
1745
1810
1721
1759
1658
1773
1769
1763
1784
1738
1731
1715
1706
1729
1800
1714
1715
1702
1702
1711
1714
1712
1725
1654
1714
1704
1760
1710
1681
1771
1747
1694
1650
1595
1741
1724
1657
1660
1719
1701
1631
1792
1683
1715
1645
1692
1643
1670
1680
1616
1603
1607
1639
1666
1653
1690
1596
1718
1626
1691
1651
1673
1528
1611
1592
1722
1624
1655
1658
1560
1575
1558
1593
1685
1593
1662
1690
1555
1585
1605
1627
1648
1721
1648
1582
1726
1658
1598
1622
1626
1601
1578
1657
1589
1658
1611
1571
1587
1498
1551
1600
1548
1579
1563
1536
1560
1585
1564
1557
1501
1543
1523
1497
1593
1603
1582
1500
1572
1461
1484
1519
1530
1559
1512
1468
1455
1494
1459
1461
1541
1494
1461
1464
1497
1528
1505
1439
1463
1488
1479
1380
1470
1366
1431
1449
1397
1356
1492
1464
1403
1488
1394
1396
1435
1332
1362
1381
1403
1419
1459
1449
1333
1381
1411
1426
1372
1357
1361
1387
1401
1391
1365
1422
1353
1381
1341
1388
1379
1433
1343
1411
1370
1367
1360
1341
1360
1373
1341
1434
1332
1324
1365
1301
1370
1332
1351
1334
1297
1358
1295
1237
1365
1331
1348
1371
1315
1267
1255
1294
1279
1342
1280
1360
1317
1311
1289
1327
1349
1313
1331
1291
1251
1287
1250
1250
1280
1241
1227
1314
1323
1270
1197
1234
1241
1279
1261
1259
1229
1269
1211
1270
1330
1271
1312
1222
1257
1248
1199
1203
1252
1170
1177
1188
1237
1209
1224
1180
1270
1216
1231
1233
1198
1191
1271
1184
1249
1291
1202
1221
1223
1215
1209
1252
1251
1264
1195
1241
1247
1276
1219
1201
1220
1237
1193
1245
1208
1257
1210
1170
1236
1260
1225
1163
1268
1260
1252
1171
1254
1233
1217
1251
1242
1314
1288
1206
1254
1226
1246
1263
1254
1292
1270
1230
1267
1219
1301
1293
1312
1315
1299
1269
1282
1286
1265
1318
1324
1247
1263
1264
1286
1386
1293
1321
1212
1315
1320
1299
1230
1275
1314
1239
1289
1281
1257
1316
1226
1371
1299
1277
1299
1217
1286
1301
1228
1314
1229
1258
1270
1318
1371
1301
1266
1294
1240
1252
1264
1273
1269
1262
1193
1227
1216
1246
1229
1201
1213
1200
1275
1159
1196
1188
1140
1222
1249
1183
1249
1196
1148
1169
1094
1125
1135
1129
1104
1105
1160
1149
1110
1102
1070
1147
1048
1145
1051
1081
1079
1071
1043
1079
1051
1030
1031
1045
1062
1060
1050
1027
1017
991
1015
952
1065
994
1024
910
1039
929
954
959
932
928
924
951
905
930
907
936
884
889
871
894
968
917
921
902
944
896
902
894
879
850
927
845
878
899
881
841
834
880
873
897
849
886
912
873
880
847
845
821
853
841
841
843
833
806
841
770
839
810
812
816
824
863
813
789
800
815
778
818
781
804
751
791
742
775
778
818
809
783
796
800
779
764
758
756
767
812
799
794
744
788
805
779
777
825
728
780
725
807
739
789
768
815
754
766
788
759
745
769
767
740
757
764
814
768
743
718
685
758
781
742
720
741
768
770
767
790
782
769
745
751
705
765
759
753
716
722
670
776
775
755
744
706
770
749
779
763
785
753
761
734
752
733
771
781
733
713
751
740
767
771
768
724
711
762
720
685
788
709
736
739
749
741
716
689
670
739
705
755
715
743
779
781
741
750
726
731
734
685
725
759
760
739
734
721
785
716
744
738
732
720
734
734
760
727
700
717
729
672
724
745
684
727
681
706
707
729
692
756
671
704
735
672
767
748
749
731
687
718
709
717
686
684
710
718
732
760
724
707
706
686
699
684
679
738
713
724
667
705
722
743
677
667
744
707
657
708
659
723
682
660
693
634
675
667
634
705
612
678
738
666
664
699
635
670
637
698
639
650
644
643
677
679
616
632
642
629
639
625
608
641
615
623
615
612
629
642
614
649
679
602
581
646
593
593
629
630
645
600
593
593
604
626
608
577
618
595
637
619
582
606
593
567
637
579
526
587
581
582
563
567
569
536
609
570
529
577
539
564
511
590
596
548
551
566
512
550
540
558
569
525
522
577
557
548
563
497
543
505
547
563
552
517
518
543
519
477
533
545
522
553
527
562
465
523
542
533
530
549
539
528
529
536
531
518
556
522
522
508
547
534
506
500
525
532
511
560
503
546
554
505
508
516
549
526
528
542
540
540
539
513
566
521
522
554
560
500
569
569
526
488
534
531
571
517
564
510
562
533
571
530
541
512
548
526
501
570
549
540
600
546
537
555
562
577
577
522
544
527
558
562
551
557
574
540
602
538
596
563
559
537
564
579
541
541
570
581
576
568
538
529
559
597
558
580
606
600
566
555
542
558
567
561
591
550
596
584
604
613
535
566
571
625
567
560
503
585
602
587
554
574
559
560
543
585
593
612
561
546
582
597
590
588
596
558
581
579
565
566
584
606
582
538
566
613
588
592
580
602
582
561
569
515
580
523
540
615
579
542
512
585
550
577
532
581
503
565
556
593
569
538
550
574
522
541
584
535
595
510
534
521
550
540
538
549
542
532
535
522
508
519
494
534
522
531
531
466
479
486
537
496
506
518
522
527
495
473
524
493
469
514
487
509
484
507
437
477
475
477
483
514
436
443
450
466
458
460
445
423
468
445
470
449
460
477
450
425
454
440
406
455
412
438
429
416
451
430
407
460
396
432
400
381
400
463
418
389
374
390
366
388
367
391
362
386
360
355
368
395
361
363
386
379
361
365
316
336
354
358
367
346
365
372
367
350
350
339
313
341
328
323
357
353
357
323
334
343
361
352
356
352
304
337
332
334
333
324
347
335
339
353
329
345
310
331
301
318
331
313
324
343
342
324
324
338
349
314
323
314
322
304
316
333
354
340
344
314
348
350
351
305
326
329
327
326
345
322
287
331
319
338
307
328
298
323
338
344
324
326
342
343
317
327
356
355
289
328
331
342
343
324
334
349
327
329
334
327
341
361
286
339
365
332
330
317
351
329
322
356
360
326
364
366
321
336
343
331
325
333
355
347
341
329
337
346
358
320
350
356
352
326
368
385
362
334
342
402
360
327
350
354
357
321
358
348
337
362
361
364
375
358
318
353
358
370
366
365
376
355
361
363
335
383
351
358
371
376
385
348
364
355
372
368
349
372
357
349
379
371
401
341
369
410
366
323
368
330
353
376
356
350
360
329
377
405
378
383
374
351
370
366
408
377
330
354
379
372
380
347
384
382
381
352
356
353
359
377
358
336
356
376
380
337
400
340
328
351
360
337
370
365
400
343
380
338
341
360
341
326
352
362
368
340
348
348
372
354
338
362
356
374
320
328
355
321
368
316
315
323
308
339
357
327
344
352
357
357
331
334
310
319
332
327
343
329
314
334
301
326
344
321
316
315
328
305
341
295
292
302
329
301
312
290
293
308
278
296
307
271
303
288
291
266
318
284
288
306
299
284
297
302
269
281
258
291
276
288
274
292
262
270
283
277
257
274
290
281
276
264
278
253
273
260
260
289
256
247
252
274
243
247
231
249
247
248
243
256
272
235
244
256
261
251
234
237
264
242
260
251
268
241
230
237
248
267
250
233
241
245
238
258
243
225
216
237
242
239
240
267
246
260
262
213
243
255
235
221
265
220
245
210
203
249
217
242
235
220
229
223
227
245
254
232
226
253
240
246
246
251
237
254
234
233
225
240
245
230
232
251
238
261
241
201
233
232
241
222
234
256
281
254
258
249
232
230
234
238
229
228
228
232
231
200
219
249
240
231
252
224
251
230
224
232
239
224
243
214
246
217
223
229
223
190
226
233
205
228
236
242
229
231
216
246
254
212
224
239
194
231
253
233
217
212
211
238
226
226
234
209
234
233
242
242
208
226
209
253
225
222
245
216
207
248
215
227
210
217
253
204
212
226
219
240
220
212
218
239
235
214
228
227
219
227
216
217
222
234
199
241
223
224
215
219
223
242
228
219
230
204
201
262
230
221
215
207
209
202
227
220
239
217
230
231
229
211
211
209
202
205
209
196
230
227
209
211
209
198
217
225
205
227
204
219
229
203
205
199
215
214
213
214
198
196
226
226
225
212
221
186
203
227
209
205
219
201
194
208
206
201
230
201
224
238
209
218
207
200
201
206
182
219
207
206
225
238
201
221
217
260
194
216
233
215
210
225
197
235
222
201
221
222
226
198
214
224
212
203
217
201
235
213
230
200
236
212
192
256
211
223
222
201
225
200
233
197
214
219
220
222
217
190
210
222
220
228
205
203
195
205
216
231
219
232
233
224
229
198
217
220
210
216
235
204
256
192
233
219
214
221
217
215
207
231
214
207
216
205
209
218
237
200
204
216
189
227
235
218
205
213
217
246
220
193
213
208
213
206
208
196
239
222
210
238
210
231
201
195
200
213
211
235
224
197
228
216
205
193
219
202
228
222
229
228
205
222
238
188
191
215
207
218
196
198
225
194
191
196
207
233
197
206
222
221
214
196
218
214
213
199
191
191
185
212
211
199
179
192
206
199
217
206
224
211
195
198
201
161
200
189
191
198
219
186
200
179
191
200
221
174
195
188
192
184
211
198
181
210
177
218
182
177
198
175
213
196
206
238
165
195
219
190
165
198
187
198
183
178
204
168
201
195
177
164
184
173
176
186
214
178
165
165
191
208
188
152
176
174
193
191
170
180
160
195
198
195
186
168
204
199
193
179
174
178
165
166
205
197
185
179
178
197
172
176
182
176
152
167
190
184
158
180
179
162
182
169
178
181
195
171
159
186
189
182
197
191
193
183
160
162
158
170
182
175
192
152
166
177
176
179
173
159
151
160
151
188
192
159
159
164
183
186
174
196
175
173
168
153
190
158
194
164
170
196
171
197
169
168
158
198
175
182
177
191
156
200
165
175
183
187
196
183
183
186
163
191
183
186
217
199
172
164
182
203
215
166
174
175
178
184
169
193
193
207
191
179
188
209
192
167
188
177
153
184
203
195
185
192
177
188
171
196
211
182
192
178
203
212
194
192
190
177
197
203
218
189
196
188
215
176
217
188
194
189
214
204
194
191
202
215
213
207
178
240
203
203
220
218
227
231
181
219
197
215
203
216
216
228
208
211
201
209
221
219
222
224
211
229
241
205
218
202
212
219
219
221
214
212
237
241
250
230
208
255
232
242
211
222
225
254
201
234
233
220
206
241
240
232
237
236
223
237
237
220
236
228
238
236
223
242
206
258
270
265
234
248
243
216
235
244
222
230
239
260
245
253
283
235
231
253
242
249
228
243
252
239
289
210
248
247
243
262
247
249
284
256
231
261
238
245
271
251
281
293
252
249
259
263
304
250
257
256
273
254
280
261
252
263
268
259
261
304
279
245
247
272
268
266
253
248
228
270
273
243
255
279
278
280
275
244
280
284
263
254
241
261
261
301
276
258
288
255
280
257
268
293
271
252
289
278
300
272
262
266
286
273
254
265
234
253
264
283
240
266
274
267
250
262
294
250
276
258
270
257
267
276
277
258
260
240
253
256
311
280
265
235
295
262
275
273
216
259
273
274
284
263
266
251
243
281
259
247
224
239
223
239
260
242
237
266
243
262
243
234
264
215
260
283
249
237
239
257
226
235
256
251
241
263
237
282
241
238
227
231
235
228
236
244
261
231
248
216
233
221
234
220
212
208
193
216
219
219
224
205
230
252
208
242
233
206
225
207
198
205
210
210
186
232
210
209
200
197
198
216
210
196
200
206
217
191
189
199
202
190
211
214
183
181
193
218
203
191
189
196
175
200
181
178
168
178
174
187
164
163
208
187
183
191
177
183
159
164
187
196
190
168
164
171
152
142
134
188
155
150
167
161
172
164
170
149
173
152
150
159
169
132
160
153
149
130
152
142
160
142
135
146
135
156
148
151
148
135
147
147
135
157
139
126
138
126
151
134
144
144
132
132
128
127
147
123
126
118
109
129
117
138
134
133
137
117
138
134
129
110
141
145
97
127
129
123
108
143
119
127
134
115
117
123
127
140
109
116
116
121
109
113
141
122
110
113
116
130
125
120
138
110
104
135
116
109
122
108
125
107
98
113
109
115
113
128
115
134
115
123
134
105
102
112
116
102
115
127
98
122
121
113
94
92
106
116
118
118
107
113
97
88
101
110
96
115
119
121
124
123
127
110
104
104
135
115
102
106
115
124
88
126
114
119
97
96
122
111
122
135
123
111
109
101
107
115
114
125
100
114
108
105
116
121
95
96
109
121
91
119
103
102
95
91
113
118
114
96
97
116
107
117
112
136
99
131
121
109
106
106
104
96
104
107
102
105
93
131
114
109
82
125
107
106
123
108
104
87
110
104
112
120
93
83
115
94
121
95
131
105
120
105
105
99
112
97
92
113
104
105
111
108
102
98
105
97
94
97
94
98
109
109
93
92
110
115
104
116
94
102
96
114
111
96
97
107
96
110
92
105
105
109
98
109
87
101
99
93
93
108
95
94
95
107
85
91
95
82
97
110
93
121
95
93
112
98
94
103
101
93
105
103
99
109
95
112
101
114
103
87
72
108
105
106
94
105
94
107
103
92
85
92
123
93
99
102
104
94
90
104
86
94
91
97
79
93
85
89
94
82
105
109
109
90
106
97
84
101
98
85
104
114
103
105
82
107
83
117
115
97
96
102
104
107
101
104
112
118
92
88
105
85
97
106
108
86
91
96
98
91
83
96
94
109
111
84
87
97
98
97
96
109
102
108
103
84
96
94
94
79
89
111
94
92
101
93
94
83
126
119
98
102
102
93
113
100
109
95
108
89
109
88
90
102
86
87
84
109
108
102
92
94
95
94
101
88
103
101
88
103
111
87
99
103
117
108
93
98
80
101
98
102
87
110
92
103
114
102
105
95
98
108
103
89
96
108
121
90
89
105
107
111
87
86
124
101
115
91
90
96
95
95
100
110
105
88
109
100
104
113
102
86
89
104
103
87
106
98
78
102
85
105
99
87
105
94
97
112
123
100
103
100
103
103
115
100
87
99
90
107
93
101
94
94
104
101
98
105
111
105
110
109
80
114
91
95
101
113
77
117
111
100
103
99
81
120
84
97
106
97
91
107
100
109
89
87
83
102
85
101
102
71
93
81
92
107
95
80
94
101
105
103
79
82
119
97
81
98
96
93
84
83
111
105
105
96
105
102
98
91
82
108
105
95
93
96
106
99
96
96
102
103
104
94
107
93
100
103
99
78
87
74
104
113
89
69
96
113
98
97
92
93
91
102
92
84
73
84
101
96
92
94
100
110
102
99
103
112
120
120
99
83
116
102
98
107
93
105
101
110
90
95
95
105
101
114
93
97
100
86
88
100
88
90
102
90
96
94
100
91
99
105
98
105
79
110
88
92
100
95
94
86
101
76
97
97
99
113
120
74
82
110
112
94
78
106
111
104
89
89
97
87
92
116
95
107
91
89
95
83
69
99
104
101
97
108
102
112
107
94
98
90
113
99
104
96
107
109
104
120
108
100
95
94
93
107
96
81
95
82
129
109
108
98
99
104
93
88
98
86
87
93
99
101
81
84
86
90
109
92
94
80
99
104
76
95
80
86
82
88
90
91
97
101
88
93
98
107
91
76
79
93
91
120
94
74
108
88
89
101
97
112
96
100
93
96
87
72
95
103
100
99
89
96
102
83
90
79
76
91
89
117
88
107
81
98
75
77
105
93
83
87
81
73
90
79
86
83
98
92
77
87
80
92
87
86
99
79
95
84
70
76
79
78
97
95
80
103
89
86
111
76
84
77
72
75
82
92
97
92
78
87
87
81
75
84
89
63
66
83
87
84
84
85
91
83
85
83
89
85
78
89
73
93
81
76
91
92
94
68
71
94
78
83
81
90
81
93
79
86
78
83
68
88
90
72
76
80
75
79
65
71
81
77
86
84
75
95
78
87
59
69
83
83
82
66
82
93
73
67
84
89
71
60
84
74
81
73
87
74
67
81
76
75
96
65
74
92
97
71
81
73
78
59
82
90
79
73
81
96
72
89
92
76
91
82
72
79
73
78
95
74
80
82
94
65
63
72
73
83
76
87
81
71
85
78
64
68
69
74
84
79
79
89
68
89
84
64
78
84
77
69
60
84
72
68
76
67
85
66
73
96
77
70
88
84
84
77
95
78
80
83
80
84
80
71
98
66
80
77
76
79
106
63
82
80
68
67
79
82
72
82
81
82
70
90
82
87
62
77
68
75
76
75
73
81
71
81
66
70
83
83
69
73
64
64
71
76
75
65
78
72
70
74
75
83
65
68
81
73
79
76
76
52
62
68
70
80
69
71
66
72
91
60
72
83
83
72
67
70
68
73
73
70
72
78
81
74
59
80
81
69
77
60
72
59
74
72
64
80
80
57
73
70
71
61
75
80
87
84
77
66
65
73
71
75
69
65
78
65
88
91
63
63
100
67
83
65
71
81
64
68
76
86
82
72
66
72
66
77
72
78
68
62
78
74
76
67
84
73
68
84
79
66
74
81
67
67
64
76
68
72
80
62
76
70
74
72
75
73
69
92
63
85
73
64
53
58
91
80
75
77
82
72
85
67
69
82
60
69
66
73
60
84
88
67
82
78
76
69
67
86
63
75
94
81
82
74
86
75
76
83
60
74
65
67
83
71
83
103
72
81
83
75
81
63
72
76
59
74
86
81
77
72
68
81
74
88
71
76
67
90
68
60
89
72
80
76
75
77
90
83
72
66
76
72
93
69
76
76
72
66
74
92
99
80
103
76
73
98
71
89
66
75
80
87
77
84
83
94
76
77
100
81
90
92
80
107
89
85
94
76
92
81
90
91
92
98
67
98
74
70
75
67
75
89
82
78
90
75
69
88
80
91
84
84
87
90
92
91
89
92
91
99
97
86
83
90
89
93
80
93
83
88
87
92
90
97
71
86
88
91
85
85
83
113
105
94
93
90
94
95
89
89
101
105
85
93
113
91
89
91
104
102
93
82
91
101
96
73
100
86
82
95
116
99
83
110
104
91
103
93
82
106
107
67
83
95
87
97
116
101
83
97
99
101
74
105
113
92
79
97
96
112
95
105
94
106
79
109
99
85
97
94
103
97
90
83
95
94
94
96
91
85
99
94
88
83
97
109
103
96
86
96
82
98
97
83
104
94
93
84
77
112
76
92
105
96
88
91
77
87
79
88
96
98
87
99
87
94
99
100
107
98
95
87
75
99
94
95
93
101
94
86
94
99
85
111
89
92
92
93
106
74
73
69
98
101
95
99
97
92
86
89
93
91
99
97
87
100
81
92
82
96
115
99
86
93
86
71
87
90
88
89
84
95
87
85
100
77
93
77
73
98
88
108
83
94
103
88
96
74
92
90
88
88
83
97
86
84
80
100
97
97
89
79
81
95
86
82
91
100
82
70
98
87
73
99
82
83
100
105
79
67
79
74
88
77
80
86
85
96
81
86
70
73
87
85
94
80
96
62
85
77
61
88
89
69
84
84
85
90
91
85
90
83
68
92
88
89
88
82
74
77
93
90
89
80
80
76
79
92
79
75
90
77
86
84
88
69
93
80
68
98
85
68
64
83
86
76
75
83
76
80
80
76
78
74
96
76
89
75
90
76
90
89
88
79
93
74
89
71
82
75
83
67
93
70
79
70
93
79
69
79
90
67
73
80
68
85
82
84
75
52
76
83
83
73
86
92
86
73
77
60
79
78
88
87
86
91
96
90
86
69
66
89
68
86
88
87
63
73
77
99
82
93
68
76
84
81
82
76
64
73
69
82
60
90
68
73
88
77
65
74
71
77
56
82
72
68
70
76
75
64
72
72
82
65
80
73
81
72
74
68
79
68
57
66
60
73
73
82
74
62
73
85
61
77
81
76
76
66
73
76
71
72
65
75
84
71
67
61
63
57
49
84
65
89
61
73
70
67
69
67
65
72
64
70
62
72
75
63
76
63
75
60
68
69
58
55
56
63
67
63
69
70
55
85
62
78
71
70
65
75
46
86
58
59
50
59
56
70
54
61
64
63
48
62
54
59
60
61
54
73
71
51
63
64
60
50
51
52
54
49
59
67
68
64
55
62
66
62
82
64
53
49
71
45
54
54
52
59
62
61
58
54
45
49
58
49
45
58
68
58
47
45
68
62
36
51
49
43
54
49
53
56
46
53
52
47
53
55
63
48
46
41
52
54
58
39
54
50
66
40
49
55
59
37
48
57
49
45
48
60
48
39
35
55
44
52
47
39
55
41
33
53
45
43
43
52
36
38
42
58
47
55
46
49
45
37
45
46
39
52
42
56
48
42
51
42
45
56
41
52
41
39
43
50
38
50
43
40
56
39
57
57
44
35
48
36
34
53
43
53
40
34
44
46
48
46
46
37
41
41
42
40
49
49
29
38
49
45
35
53
52
34
51
37
46
39
48
49
45
42
46
41
49
50
43
44
52
46
43
58
40
54
48
47
50
45
42
41
32
53
40
36
46
34
46
56
45
40
37
44
41
45
42
48
39
35
44
48
44
40
41
56
39
39
44
39
45
44
53
52
39
29
49
47
36
50
42
46
46
30
48
40
46
51
44
43
51
35
46
47
46
51
52
36
63
34
34
34
35
35
39
44
40
47
33
44
49
44
43
46
37
43
45
43
40
31
51
43
57
38
31
51
31
42
35
39
44
43
54
45
36
30
37
34
46
43
49
37
44
36
40
36
46
44
49
44
37
41
53
40
43
30
37
48
44
34
41
36
48
35
36
46
47
50
46
40
32
37
38
43
45
43
44
47
54
51
50
48
48
45
39
47
35
52
36
45
44
50
52
50
50
42
47
50
48
45
52
46
46
52
43
45
43
57
34
51
44
55
49
52
43
44
42
48
40
40
36
42
41
44
45
45
65
47
51
37
45
42
39
53
49
38
46
48
53
46
42
45
43
44
40
42
37
48
37
42
42
47
41
50
46
45
58
50
48
39
50
46
45
58
38
55
49
58
42
41
51
44
44
41
41
65
40
51
36
40
39
44
44
47
41
43
43
59
45
43
56
59
46
35
56
50
41
48
48
51
50
46
45
52
32
48
52
49
58
49
53
49
49
60
44
44
51
48
41
55
52
67
41
66
42
44
39
54
50
42
50
45
43
44
68
61
56
46
43
51
48
59
54
42
50
51
49
59
61
43
50
68
61
38
48
57
46
59
43
51
50
53
58
57
53
49
52
61
63
61
52
50
59
60
46
62
55
50
42
49
52
67
60
47
53
50
59
61
61
64
63
44
57
67
63
51
52
58
53
51
47
58
49
45
56
52
50
62
59
71
50
53
58
61
61
55
50
57
42
47
69
64
61
49
54
70
65
56
57
59
57
62
48
62
56
60
52
52
67
57
61
56
66
59
57
73
58
49
58
50
52
55
58
61
60
54
68
60
68
50
54
68
63
68
46
72
62
59
49
65
67
79
66
59
80
60
53
64
57
61
69
57
62
63
64
51
54
64
62
58
67
63
59
65
56
49
64
52
46
54
45
55
69
56
51
64
53
69
70
50
56
56
59
62
56
55
57
69
54
57
76
61
61
68
58
52
68
58
58
62
57
65
58
54
59
58
61
74
57
61
67
43
62
52
66
63
49
67
57
69
54
50
50
56
54
47
52
57
54
55
55
61
51
59
51
70
65
63
62
56
67
53
56
63
47
55
64
65
59
57
63
51
49
67
46
57
77
54
71
62
56
64
40
50
68
43
41
51
61
57
58
66
73
45
45
54
56
53
53
58
54
56
68
53
60
52
59
47
46
50
55
53
52
54
48
46
61
50
41
59
57
49
48
37
71
48
64
46
50
52
58
49
55
43
56
42
64
58
52
46
40
44
43
53
64
55
53
60
53
56
53
62
67
50
51
53
40
60
56
39
56
57
57
47
39
39
39
44
39
54
42
51
49
48
37
39
35
36
41
47
45
34
50
44
62
44
54
47
40
42
41
42
58
42
47
40
36
38
51
52
56
55
43
55
50
41
40
44
46
42
50
48
42
37
49
45
45
36
46
45
46
43
33
40
38
59
41
51
40
47
41
41
53
46
44
43
50
46
60
39
28
41
41
37
46
43
37
49
47
39
32
59
57
44
50
43
27
37
30
37
45
48
39
39
56
68
30
45
32
41
40
43
41
39
50
33
42
27
41
42
28
37
33
44
40
43
44
41
32
40
30
51
37
27
36
36
34
40
38
34
34
36
38
48
37
31
38
37
33
37
34
40
40
35
28
35
33
34
29
41
28
39
32
40
34
26
41
38
37
41
45
37
48
34
35
27
35
36
39
42
36
40
51
32
37
30
38
34
36
34
41
38
38
35
43
42
40
32
32
45
33
34
41
49
41
36
37
32
40
32
35
43
42
32
42
34
51
42
36
27
38
40
47
38
40
35
44
42
41
29
36
37
35
39
35
26
30
23
23
35
46
45
28
50
30
33
30
29
35
37
38
35
40
32
40
48
38
34
34
34
36
40
29
39
48
49
45
34
36
34
38
48
37
35
34
29
35
30
32
33
34
35
33
39
34
39
45
33
34
55
38
37
31
47
30
22
35
44
32
36
39
32
32
34
35
29
32
42
32
51
34
30
39
35
32
36
35
35
38
35
48
33
46
43
45
47
36
40
44
27
35
48
27
42
40
38
31
33
29
43
32
32
37
33
33
33
41
29
38
32
43
54
36
22
39
35
30
49
38
42
31
41
44
37
41
32
23
34
50
35
31
32
28
38
35
44
33
28
44
38
32
40
26
40
23
40
44
43
40
37
48
36
39
41
41
38
36
34
28
39
37
34
41
45
38
37
36
47
47
36
37
41
34
30
40
40
28
31
54
41
40
42
35
41
31
37
38
38
32
40
33
37
43
47
35
36
47
46
41
40
45
48
40
31
33
32
27
31
26
41
36
35
35
28
42
32
33
47
30
33
19
40
35
34
29
33
35
31
35
27
36
37
50
35
42
33
37
36
43
28
41
45
32
29
27
34
33
43
30
43
23
48
26
22
43
32
50
35
25
40
31
37
36
38
29
34
33
26
41
28
37
30
36
35
33
36
39
36
27
29
44
44
34
38
43
39
31
36
27
36
29
30
42
41
34
40
32
26
35
34
34
34
38
32
25
33
29
39
32
30
35
21
34
26
33
26
28
28
32
34
42
30
25
23
32
32
27
41
29
35
42
31
36
39
29
32
32
44
39
29
34
30
34
29
36
30
34
36
32
25
42
26
31
23
33
28
31
38
25
30
38
25
35
49
25
33
31
36
30
32
29
32
34
25
40
31
25
25
33
34
36
22
30
30
38
37
33
29
35
39
32
29
35
30
32
43
32
36
22
27
26
34
36
39
37
25
30
27
25
17
30
38
18
26
34
33
29
23
24
38
25
30
25
31
27
22
30
26
33
17
22
32
31
21
26
29
28
25
28
28
30
21
24
37
26
35
29
33
32
33
30
22
30
28
24
25
33
22
34
30
27
21
36
29
25
24
24
34
37
27
39
28
35
24
21
21
32
23
44
36
19
21
24
30
35
26
19
27
32
20
18
19
33
22
31
25
21
21
25
29
19
25
30
25
28
30
32
29
29
27
24
27
23
26
28
29
30
24
22
36
20
26
28
22
18
27
27
26
28
29
28
21
32
18
26
27
22
18
30
23
28
20
25
39
27
24
15
27
26
24
27
22
24
26
22
41
23
22
25
22
23
27
21
20
23
28
24
24
17
21
24
21
34
22
25
19
22
35
20
32
25
33
24
25
29
18
25
35
27
27
28
41
21
25
28
29
21
18
25
25
26
27
23
24
21
25
26
35
28
36
37
24
19
21
15
30
21
25
19
22
23
15
29
24
17
19
27
28
33
18
22
20
26
28
29
27
33
28
27
36
28
34
32
24
33
13
22
28
23
28
26
37
38
27
25
30
25
16
45
35
23
18
18
23
28
20
34
25
17
21
27
23
21
22
32
28
23
29
25
29
25
28
23
24
27
17
34
18
32
29
35
33
29
28
23
26
24
32
23
22
32
26
22
29
23
25
23
23
31
28
26
28
34
23
23
26
32
29
20
21
28
39
17
20
27
32
22
31
26
20
33
16
26
17
35
23
26
23
19
24
27
18
29
28
28
28
21
27
30
25
29
28
22
28
22
27
30
28
22
21
20
26
29
27
27
33
28
30
23
32
28
26
32
20
28
25
33
21
27
31
24
26
30
23
30
24
21
24
26
33
24
27
22
31
30
31
22
22
34
26
28
31
28
26
28
29
26
30
22
27
25
37
35
30
32
22
31
28
26
34
29
16
19
25
23
29
31
17
27
27
24
28
37
32
25
27
27
25
24
37
22
28
23
25
23
24
39
19
19
22
27
30
32
32
22
22
32
26
36
27
47
29
36
27
29
38
32
26
27
24
41
22
27
28
27
29
22
22
24
28
36
23
22
27
25
25
27
35
22
38
28
30
32
25
36
38
30
27
40
24
46
34
43
24
30
27
35
32
26
28
35
31
23
32
30
28
26
28
26
29
39
26
28
26
25
30
27
28
36
25
25
41
28
37
28
30
32
27
34
28
29
38
41
30
35
30
36
42
30
28
30
37
34
25
29
31
30
32
32
36
36
40
42
44
28
31
50
39
31
29
35
44
36
41
40
35
27
36
44
38
32
31
35
26
28
25
32
33
33
26
23
43
38
33
38
27
29
34
34
42
40
40
33
35
39
27
25
41
26
36
39
35
41
29
33
32
35
19
30
31
32
39
31
38
32
33
37
31
42
30
41
31
42
33
34
31
31
45
34
34
26
37
49
46
21
39
38
29
45
37
37
40
19
39
42
35
37
29
28
32
42
33
41
52
31
49
40
36
36
45
37
35
35
32
34
43
41
24
52
36
48
41
39
37
46
39
51
47
40
44
39
31
31
48
38
37
47
44
41
35
47
37
40
34
32
48
49
50
45
30
45
42
46
40
43
33
46
48
53
31
47
40
42
35
35
46
45
46
43
42
38
50
42
43
39
43
40
42
40
34
42
36
58
50
42
47
48
43
29
44
52
32
51
37
53
35
45
35
47
46
33
40
36
56
50
54
38
46
39
41
39
50
54
45
60
61
40
43
50
47
42
56
49
48
54
47
49
61
62
52
56
39
44
49
42
48
54
53
53
64
63
58
52
66
60
57
53
59
51
50
50
38
62
53
35
54
57
54
56
47
53
53
73
46
58
44
58
44
59
56
54
54
45
68
52
58
42
68
69
58
47
56
60
43
73
58
49
53
42
63
46
56
60
68
53
58
60
41
53
56
50
52
48
52
65
59
62
62
68
55
61
61
47
63
61
62
69
42
53
52
57
46
51
69
62
59
70
60
58
68
64
65
62
61
49
64
54
61
69
55
57
66
55
72
61
68
66
64
72
57
51
62
58
56
43
69
65
66
72
69
78
58
66
63
59
61
65
51
59
56
52
61
56
51
63
55
51
66
50
49
63
49
68
62
75
60
51
50
60
69
64
56
58
52
56
67
55
55
57
54
57
63
60
49
53
50
50
59
54
55
56
58
74
68
63
50
48
50
50
63
59
61
62
56
59
61
50
54
42
50
36
58
37
57
58
53
66
52
54
62
50
51
48
50
54
44
57
62
64
49
47
41
38
57
57
53
46
52
45
64
46
53
53
67
48
46
65
42
43
44
51
49
47
53
60
51
43
55
50
32
63
45
56
44
59
50
60
54
40
40
33
53
32
58
46
47
41
51
46
51
41
46
52
46
46
52
54
52
42
36
46
44
47
42
47
47
42
41
39
39
39
42
47
34
36
36
47
40
50
45
30
39
33
42
39
33
27
32
47
49
41
32
52
43
43
33
34
40
39
38
37
36
31
42
33
45
39
48
44
44
33
39
36
36
31
36
40
34
37
36
31
33
30
30
41
39
33
28
39
25
38
27
35
26
39
20
33
23
25
31
32
30
34
34
24
34
29
25
20
40
40
35
32
31
33
30
28
35
26
26
25
31
37
24
25
28
26
16
31
21
32
20
18
25
38
22
34
28
24
25
20
25
31
25
26
21
13
28
33
26
21
31
24
24
27
24
24
27
22
19
20
22
24
20
24
19
26
11
32
23
26
17
27
21
34
28
21
29
26
23
27
16
25
13
24
24
21
19
19
18
30
20
19
11
21
24
21
18
18
22
26
15
23
22
25
10
17
17
15
18
23
19
18
27
19
22
24
19
20
23
25
19
14
23
22
24
16
31
20
19
21
20
15
15
19
27
19
12
15
22
15
34
21
20
25
24
27
17
22
24
23
10
20
19
24
19
17
17
16
9
16
18
27
21
16
24
29
19
22
11
13
17
24
22
23
13
15
20
19
14
12
11
20
20
14
24
20
17
18
17
14
53
70
80
83
78
74
74
70
82
80
74
84
88
76
85
99
77
76
65
60
72
65
65
66
87
66
69
63
74
77
72
68
76
59
69
63
78
75
67
68
74
70
83
69
64
74
76
71
72
59
68
55
85
67
58
76
72
61
76
66
70
71
59
80
64
69
62
69
50
59
61
72
78
62
62
59
68
64
72
61
53
52
69
70
48
51
51
56
51
64
65
70
56
61
43
60
62
63
59
63
56
55
69
65
47
48
71
55
60
69
56
44
51
54
53
44
49
38
59
50
40
47
66
51
53
47
41
47
55
54
53
45
56
52
61
48
49
43
50
54
52
60
39
60
66
42
45
48
53
46
40
41
40
46
53
57
48
43
49
46
52
58
49
49
34
37
43
41
51
36
50
34
43
32
33
41
42
60
44
33
37
41
39
42
17
