# Filename : TXT_Files/Acq14400sec_011.Chn
# MCA detector ID: 1
# Start time : b'20':b'20':b'57'
# Start date : b'30Sep221'
# No channels : 8192
# Live time : 716333
# Real time : 720000
# En cal factors A + B*x + C*x*x
# A : 0.0
# B : 1.0
# C : 0.00
0
0
0
0
0
0
0
0
0
0
0
0
0
0
0
0
0
0
0
0
0
0
0
0
0
0
0
0
0
1
0
0
1
1
0
5
11
70
244
390
407
398
390
433
400
429
387
436
443
465
456
455
439
440
451
479
488
477
458
472
448
450
463
460
478
488
467
488
436
480
483
519
478
449
486
494
487
524
520
508
541
509
534
547
499
535
556
564
552
519
523
571
545
574
584
625
559
588
594
627
616
588
612
621
598
624
589
647
685
645
644
653
667
652
671
719
672
701
745
677
704
722
759
758
695
765
772
704
800
768
802
758
829
787
789
846
841
862
850
837
810
834
867
832
836
854
835
805
819
853
790
808
795
778
825
767
788
784
769
792
779
808
800
779
738
768
773
856
752
743
837
741
813
770
811
768
839
795
767
704
836
816
818
863
793
825
820
843
848
860
870
826
866
851
848
856
879
850
908
895
921
910
865
954
874
952
966
961
975
1007
986
1000
1030
1019
1067
1025
1063
1005
1062
1124
1068
1086
1081
1101
1084
1148
1138
1146
1159
1138
1146
1154
1164
1195
1204
1235
1185
1242
1203
1204
1286
1232
1298
1317
1305
1270
1275
1291
1321
1345
1340
1299
1337
1394
1425
1422
1409
1398
1458
1484
1476
1543
1475
1462
1532
1515
1514
1546
1581
1602
1540
1632
1611
1654
1688
1711
1680
1664
1702
1693
1705
1677
1798
1768
1707
1787
1780
1844
1915
1851
1882
1793
1958
1879
1960
1955
1955
1933
1932
2053
2015
2073
2014
2026
2107
2152
2062
2091
2146
2122
2103
2138
2152
2124
2206
2271
2307
2268
2260
2277
2298
2362
2354
2328
2362
2306
2388
2378
2394
2414
2491
2424
2435
2501
2485
2415
2509
2572
2574
2531
2561
2609
2606
2678
2547
2642
2557
2610
2636
2613
2659
2643
2784
2685
2712
2658
2862
2767
2735
2823
2778
2822
2919
2943
2864
2983
2932
3011
2903
3001
2948
3150
2988
3049
3072
2980
3087
3093
3057
3188
3152
3278
3122
3257
3178
3269
3314
3318
3270
3279
3267
3301
3367
3391
3405
3369
3298
3349
3407
3399
3268
3381
3254
3310
3410
3352
3379
3249
3296
3260
3331
3261
3285
3218
3271
3265
3251
3278
3310
3323
3324
3264
3134
3208
3284
3214
3186
3172
3179
3209
3166
3175
3145
3159
3267
3217
3200
3327
3081
3148
3232
3209
3200
3087
3161
3178
3128
3169
3269
3211
3253
3296
3141
3241
3178
3138
3205
3093
3176
3179
3257
3188
3142
3190
3244
3216
3223
3255
3274
3265
3212
3150
3252
3190
3241
3227
3215
3266
3111
3131
3134
3218
3128
3221
3220
3248
3163
3109
3204
3264
3226
3177
3067
3075
3084
3136
3099
3140
3051
3121
3085
3059
3220
3043
3178
3110
3090
3172
3074
3058
3229
3005
3117
3091
3192
3021
3020
3093
2990
2942
2986
2993
3041
2985
3030
3016
2958
2988
2994
2940
2993
2968
2970
3014
2909
2980
3036
2892
2912
2841
3024
2913
2922
2938
2889
2971
2830
2857
2990
2905
2965
2973
2991
2967
2905
2955
2905
2919
2884
2957
2824
2949
2891
2877
2930
2920
2914
2926
2960
2879
2920
2831
2838
2908
2833
2746
2926
2992
2844
2889
2800
2936
2849
2849
2841
2869
2849
2900
2780
2866
2795
2786
2885
2820
2862
2823
2845
2704
2703
2829
2781
2836
2814
2777
2817
2719
2869
2808
2866
2775
2744
2866
2829
2850
2733
2701
2768
2812
2736
2702
2716
2684
2834
2737
2661
2784
2768
2656
2773
2704
2737
2772
2735
2733
2791
2737
2674
2765
2776
2582
2731
2697
2643
2721
2742
2664
2716
2700
2557
2729
2711
2653
2667
2602
2628
2657
2732
2660
2630
2648
2693
2655
2649
2623
2562
2537
2703
2603
2644
2648
2662
2629
2575
2594
2557
2549
2495
2539
2603
2542
2584
2561
2543
2648
2493
2572
2607
2526
2516
2491
2514
2541
2462
2396
2450
2502
2598
2576
2464
2480
2470
2476
2383
2412
2497
2551
2498
2459
2452
2441
2487
2378
2355
2398
2470
2398
2414
2274
2426
2319
2286
2340
2346
2316
2463
2381
2347
2436
2322
2372
2319
2444
2360
2258
2303
2268
2381
2281
2344
2273
2299
2356
2213
2279
2272
2440
2286
2253
2254
2250
2251
2239
2322
2254
2285
2291
2199
2314
2338
2302
2268
2290
2222
2283
2163
2197
2224
2205
2202
2253
2240
2185
2249
2196
2166
2286
2157
2209
2221
2208
2145
2197
2194
2181
2192
2162
2148
2268
2258
2163
2297
2242
2086
2219
2170
2147
2180
2209
2137
2066
2108
2131
2192
2193
2186
2125
2083
2111
2091
2108
2140
2133
2086
2063
2089
2053
2093
2111
1991
2000
2020
2029
2119
2010
2071
1967
2028
2037
2035
1956
2026
2039
2032
2044
1979
2048
2009
2002
1991
2010
2065
1989
1964
2041
2015
1962
1991
1961
1892
2037
1995
1967
1973
1976
1967
1996
1917
1918
1942
1968
2005
1909
1865
1908
1832
1901
1960
1871
1916
1859
1831
1894
1889
1887
1835
1860
1924
1903
1895
1903
1931
1873
1883
1832
1828
1900
1764
1884
1813
1869
1788
1843
1785
1811
1849
1725
1870
1784
1749
1738
1887
1890
1762
1765
1782
1849
1808
1766
1824
1802
1743
1805
1837
1831
1743
1761
1759
1759
1764
1751
1798
1803
1721
1758
1654
1650
1725
1787
1742
1716
1810
1767
1676
1815
1671
1751
1657
1715
1717
1743
1738
1721
1683
1705
1662
1708
1776
1688
1635
1698
1673
1674
1710
1766
1630
1662
1725
1731
1698
1701
1652
1780
1697
1684
1647
1712
1659
1702
1705
1660
1652
1634
1656
1683
1671
1701
1614
1723
1673
1702
1651
1636
1635
1684
1664
1629
1672
1609
1706
1646
1621
1688
1646
1638
1652
1598
1667
1634
1595
1633
1610
1596
1636
1613
1547
1631
1660
1576
1603
1638
1644
1596
1613
1558
1610
1557
1520
1583
1557
1584
1505
1592
1472
1590
1570
1571
1549
1543
1539
1501
1572
1518
1499
1432
1504
1565
1523
1520
1541
1544
1520
1451
1487
1483
1499
1442
1439
1496
1507
1434
1432
1443
1486
1385
1464
1502
1495
1426
1475
1396
1488
1373
1434
1501
1466
1421
1445
1392
1436
1378
1367
1459
1378
1370
1378
1372
1384
1385
1437
1441
1416
1380
1340
1388
1424
1393
1330
1455
1450
1406
1337
1425
1383
1300
1341
1337
1331
1315
1385
1356
1289
1371
1332
1367
1355
1359
1337
1294
1344
1309
1286
1339
1228
1353
1342
1333
1268
1344
1309
1238
1389
1295
1349
1266
1253
1331
1346
1360
1347
1310
1286
1266
1322
1286
1342
1321
1332
1306
1227
1214
1238
1285
1265
1254
1339
1313
1299
1226
1309
1280
1277
1291
1223
1291
1244
1252
1284
1282
1270
1266
1226
1266
1241
1225
1267
1206
1274
1262
1264
1201
1273
1230
1246
1188
1232
1211
1220
1304
1210
1241
1268
1222
1208
1212
1243
1251
1226
1166
1210
1270
1209
1231
1287
1248
1210
1213
1207
1259
1291
1240
1279
1226
1198
1249
1258
1251
1209
1173
1263
1181
1265
1172
1231
1257
1220
1306
1295
1250
1233
1258
1276
1213
1306
1272
1249
1220
1228
1276
1263
1290
1311
1275
1230
1300
1293
1315
1303
1323
1276
1324
1234
1286
1331
1276
1384
1246
1300
1293
1367
1314
1310
1260
1302
1342
1287
1347
1332
1224
1247
1301
1298
1325
1264
1285
1239
1290
1281
1300
1282
1266
1308
1289
1239
1255
1224
1217
1214
1214
1248
1272
1322
1264
1228
1233
1219
1172
1205
1218
1262
1159
1212
1182
1235
1179
1147
1201
1186
1211
1171
1195
1175
1202
1131
1116
1166
1178
1171
1096
1157
1125
1116
1124
1064
1146
1127
1120
1106
1099
1093
1092
1072
1056
1093
1099
1069
1078
1020
1002
1009
1116
1110
1043
982
992
1036
1037
1046
1041
953
1083
989
978
979
994
927
995
962
930
923
903
906
936
936
983
911
915
885
919
870
884
915
907
872
912
887
865
888
884
856
909
879
867
867
879
847
830
824
843
889
808
884
824
879
839
828
875
886
820
748
875
874
848
825
825
796
818
797
788
793
867
861
858
784
778
769
747
756
805
795
786
808
851
779
825
735
827
807
844
788
767
764
791
810
784
813
772
747
805
754
761
751
811
820
806
734
779
814
791
770
765
782
787
772
776
772
796
726
729
791
747
779
771
732
733
741
771
810
738
781
768
787
768
707
795
731
782
705
709
732
776
788
791
793
770
747
700
808
796
785
724
755
744
732
719
724
717
708
745
716
716
740
781
713
763
764
736
705
760
716
705
710
758
673
747
736
710
760
750
784
732
765
759
722
743
746
722
767
701
742
768
731
683
768
766
729
768
702
701
729
727
774
717
729
780
707
697
739
771
762
723
757
726
710
669
737
697
706
719
742
684
764
710
704
735
723
693
741
697
740
683
675
691
656
740
727
732
778
727
726
706
656
705
720
713
675
662
714
718
665
684
705
735
740
665
658
665
665
693
675
697
680
680
648
683
677
655
661
694
666
672
652
648
661
670
640
633
687
645
680
605
662
657
629
613
698
671
631
662
597
606
671
633
651
613
641
672
634
645
604
623
577
627
606
591
617
641
631
583
597
614
581
596
636
623
605
641
571
558
584
626
592
588
611
571
566
571
573
496
615
562
574
593
582
583
546
586
614
583
546
556
574
542
596
523
549
576
570
553
561
551
550
550
571
542
538
542
546
588
543
555
560
588
523
570
533
599
523
552
569
594
544
538
526
531
485
512
514
531
500
544
534
550
561
545
514
553
563
550
519
514
510
554
547
560
538
534
491
587
543
523
503
529
545
530
509
523
495
541
545
573
564
554
585
564
594
551
523
525
538
520
586
543
530
588
533
557
570
542
585
511
519
550
539
565
504
546
517
540
582
526
595
573
564
545
559
555
546
558
566
564
518
520
581
544
576
554
526
588
556
569
576
569
601
576
591
602
559
559
583
585
564
539
611
597
581
597
562
618
555
565
590
594
610
561
553
568
582
581
615
549
581
548
568
545
568
589
621
597
600
593
609
588
540
577
569
604
588
558
588
589
597
555
564
613
574
551
593
569
544
542
565
561
576
552
598
551
564
564
581
572
555
553
566
577
581
564
573
525
588
568
587
588
535
530
581
556
536
540
527
560
544
597
511
555
538
527
557
537
534
585
548
544
548
522
511
551
586
543
559
536
549
527
485
547
540
502
529
518
518
532
483
525
510
543
503
502
477
506
475
499
497
473
465
550
503
500
481
488
482
493
469
464
461
473
477
470
490
436
452
453
464
493
426
461
463
455
458
454
481
462
415
409
404
459
450
383
453
437
402
422
409
397
400
441
413
389
406
395
398
400
435
397
384
404
354
407
416
394
375
357
387
361
382
403
379
371
379
341
379
349
374
355
364
340
383
358
394
334
364
354
381
338
364
360
354
385
341
365
348
367
319
380
343
326
338
318
344
328
344
321
338
356
331
332
327
334
313
333
338
323
357
322
334
316
326
334
336
319
373
317
335
298
330
322
316
331
317
336
285
345
360
326
337
360
351
342
327
341
302
347
358
342
363
334
343
379
359
355
335
338
336
367
328
351
326
366
361
345
339
354
368
347
375
337
353
338
363
334
378
362
357
378
348
365
378
345
374
343
389
368
380
366
380
405
358
380
403
356
397
392
423
383
385
421
395
389
397
371
377
427
399
390
422
411
371
379
399
391
422
396
429
406
409
421
386
434
438
431
449
411
405
417
400
373
413
427
408
376
450
403
428
435
422
480
417
431
468
411
436
415
472
431
471
483
478
476
436
427
492
438
447
437
432
419
433
449
435
439
490
470
435
439
445
440
468
424
469
471
488
482
452
449
439
477
430
479
486
440
477
476
411
458
469
471
465
476
492
452
442
496
471
429
456
433
481
463
456
466
441
453
468
460
442
484
458
417
431
461
452
461
461
451
480
434
452
442
427
441
441
447
439
427
435
399
436
416
429
429
399
418
424
418
429
416
410
456
412
414
378
408
404
380
401
375
420
397
367
381
365
393
363
373
376
377
363
399
358
360
392
377
365
349
352
371
386
370
355
367
343
342
375
350
334
362
358
322
357
362
323
321
324
351
323
318
276
324
317
323
332
331
312
299
325
312
315
293
298
294
268
312
307
276
306
275
297
283
287
280
317
279
293
293
259
289
283
291
287
283
270
287
224
236
292
265
265
260
268
275
252
243
252
251
257
250
231
253
245
245
277
244
275
262
255
258
235
228
249
263
275
248
246
258
292
255
228
239
240
241
232
236
252
222
251
247
238
239
225
254
270
242
232
238
247
231
258
231
241
239
217
209
238
233
254
241
229
254
231
224
224
241
233
245
241
239
218
226
247
227
223
247
258
233
237
275
232
237
216
229
235
219
265
230
234
222
234
263
235
212
230
233
199
253
249
235
204
241
232
214
207
226
211
238
240
226
184
237
219
199
223
245
227
238
223
227
239
223
236
218
219
209
239
235
202
220
212
232
232
235
225
234
245
231
210
222
197
248
196
242
226
228
218
251
217
208
221
214
251
233
220
202
224
206
212
219
209
224
245
225
232
224
235
231
251
212
247
205
225
226
238
221
202
232
228
217
222
253
199
211
218
202
219
218
213
225
222
206
206
245
214
220
233
217
199
240
226
269
218
213
215
208
208
210
199
237
223
238
195
215
229
225
219
215
208
197
211
208
222
203
227
221
198
203
219
205
218
224
217
198
231
196
220
214
214
221
230
193
225
200
239
201
198
227
238
210
198
208
203
213
196
214
244
257
235
227
200
212
203
211
212
234
253
222
212
209
211
195
245
215
223
260
221
234
202
205
203
178
240
218
219
220
203
201
197
210
208
211
207
218
217
212
224
217
201
223
231
227
220
227
232
206
240
245
228
201
217
221
202
211
215
225
223
222
241
214
213
203
229
228
216
222
229
205
219
243
215
224
213
221
224
187
237
202
231
214
222
198
210
231
238
220
220
181
211
201
233
218
239
211
225
218
226
226
236
192
196
226
193
222
206
212
228
223
209
197
224
206
213
208
186
208
206
222
217
263
179
232
223
205
229
218
218
215
222
220
196
210
217
211
207
218
205
218
245
216
213
228
199
255
213
221
200
196
216
204
228
211
225
230
201
206
224
215
201
212
202
220
236
200
197
209
197
213
220
237
216
216
219
208
184
207
190
207
174
200
211
216
190
183
209
205
198
211
203
237
169
197
180
199
193
206
199
195
208
185
205
179
176
193
216
180
193
200
189
186
181
194
185
168
189
181
180
204
192
166
174
190
168
184
187
192
191
188
180
186
191
177
198
209
188
186
174
170
185
186
176
187
179
165
178
167
156
178
164
182
200
177
160
182
180
169
188
150
190
188
176
170
176
204
180
157
183
183
156
167
141
178
170
175
183
182
187
167
164
191
172
195
175
170
154
168
168
175
208
183
157
187
189
155
170
182
173
181
187
173
189
148
170
185
190
188
158
177
168
196
186
193
175
181
180
186
190
162
149
181
187
208
161
171
189
200
187
179
171
166
196
149
160
188
181
168
196
171
187
166
202
187
180
189
150
172
168
209
197
176
207
166
166
175
167
192
196
168
197
188
175
167
177
186
195
176
199
204
186
194
171
184
207
180
198
193
185
195
203
184
185
180
187
212
194
200
195
199
197
168
169
196
195
187
192
194
203
221
202
194
196
202
174
219
204
225
199
226
224
171
192
188
226
187
186
209
205
212
215
196
198
204
193
219
195
187
203
191
217
216
228
211
230
224
198
227
221
229
214
216
220
231
230
229
223
206
209
219
230
217
247
203
227
238
206
231
247
240
226
231
252
222
246
233
187
236
231
204
240
240
234
239
245
226
273
250
221
248
217
245
240
222
223
264
228
251
233
227
243
250
208
252
229
233
255
253
247
242
243
245
254
247
255
234
241
264
246
243
269
262
235
259
255
254
236
238
251
241
243
260
262
251
245
265
238
252
253
255
269
272
241
234
252
247
258
282
239
243
240
277
253
291
231
269
269
236
256
273
292
276
230
277
286
251
244
270
266
240
275
292
264
250
254
261
265
246
258
275
261
242
273
275
244
271
302
268
272
251
259
280
255
277
243
285
286
257
269
265
276
286
260
267
265
282
271
258
256
253
259
264
247
291
267
264
281
237
241
244
266
262
261
248
242
250
299
258
250
272
231
261
242
256
254
245
252
270
234
281
257
277
267
262
219
238
267
255
252
241
281
242
265
262
235
266
250
260
225
265
239
278
236
243
259
232
270
246
277
246
264
249
226
235
240
220
209
264
238
266
245
234
224
228
241
251
226
239
199
243
243
228
241
233
245
229
243
210
209
226
225
224
237
194
191
203
227
222
197
215
230
202
191
222
192
184
209
229
201
229
213
190
173
204
176
168
182
194
209
167
211
187
188
188
161
160
168
192
159
196
182
172
192
178
176
198
177
198
171
165
187
167
189
175
164
157
191
197
181
146
163
179
173
149
175
150
173
155
142
163
164
157
149
182
158
160
130
155
151
143
154
152
149
168
153
125
149
159
153
146
168
160
124
144
144
132
149
128
131
129
133
147
116
135
145
116
130
144
128
133
144
115
151
142
114
101
134
144
106
128
127
137
135
121
123
112
118
121
121
148
132
114
128
124
112
122
151
137
108
107
134
147
128
123
115
125
127
115
125
110
109
104
114
130
140
132
124
132
111
123
124
120
128
103
92
124
111
111
107
89
105
105
133
116
124
97
116
103
116
107
108
122
102
125
128
133
111
112
124
120
105
128
113
103
109
116
110
128
125
110
116
110
106
124
125
97
101
121
105
109
115
105
108
120
129
86
103
113
103
102
115
123
111
101
118
95
122
109
107
117
92
113
104
107
84
106
102
105
122
108
96
114
126
97
103
130
88
85
108
98
97
127
113
121
107
102
92
118
106
115
113
96
108
115
111
102
100
117
118
106
118
95
99
100
109
110
120
110
117
94
130
118
109
100
101
99
102
99
90
128
111
112
115
102
98
104
109
93
106
94
112
111
126
97
102
100
104
112
107
97
102
118
105
108
100
110
107
91
98
99
105
91
110
101
81
112
105
113
97
105
96
92
97
104
108
112
90
105
105
118
95
119
85
99
104
107
88
79
94
96
99
97
98
100
105
107
103
96
82
87
93
85
94
112
99
103
100
111
108
96
89
86
94
117
93
84
117
69
102
100
83
113
108
113
101
92
107
93
111
107
95
108
76
102
97
94
90
115
101
89
111
93
79
83
97
83
91
104
102
100
93
107
104
102
110
114
99
98
94
102
113
94
87
94
96
118
99
80
92
74
114
100
113
111
85
109
96
84
94
126
92
102
101
94
108
110
105
111
88
119
104
102
101
102
94
102
101
104
96
106
88
98
115
97
103
100
108
96
92
95
101
101
93
104
103
102
92
97
111
109
110
103
112
102
97
93
101
103
100
92
86
111
101
97
98
92
98
95
100
85
122
98
114
104
111
82
122
94
103
99
92
87
113
77
98
99
99
90
101
86
105
107
91
83
92
102
96
81
104
107
82
99
109
95
94
86
97
103
86
97
90
105
108
97
115
75
102
117
94
106
94
103
114
86
107
104
101
111
79
109
92
98
94
117
100
131
102
92
115
105
91
110
110
97
94
117
101
93
119
113
103
87
84
113
97
108
96
92
90
85
108
95
91
95
104
111
109
93
102
105
92
86
115
87
99
99
95
123
113
106
88
111
115
76
88
84
110
96
101
102
92
108
90
106
112
94
86
87
102
94
84
94
102
107
97
98
99
103
116
95
110
104
101
92
95
91
102
112
102
93
88
90
87
103
102
94
98
103
99
105
105
85
94
103
83
98
85
86
118
106
86
86
99
74
97
95
100
88
78
99
106
116
95
102
88
87
104
110
93
83
130
110
100
113
118
90
106
97
107
108
103
101
89
104
98
106
98
102
96
92
100
98
72
83
94
93
105
99
83
88
113
107
74
104
86
104
97
105
99
91
98
102
96
83
94
106
86
99
89
101
110
90
87
92
104
92
100
100
96
98
97
98
101
98
98
79
111
93
99
95
95
85
97
94
86
86
93
83
88
96
87
79
100
92
111
95
95
104
91
102
104
101
111
87
99
97
92
99
101
114
80
102
86
108
87
91
99
88
95
109
75
98
93
89
90
92
101
105
91
75
106
93
90
103
84
88
118
93
106
100
93
108
90
89
96
89
85
93
91
95
83
91
68
96
103
79
109
102
95
98
91
88
114
83
96
89
84
87
77
103
100
105
98
99
100
78
73
82
88
92
86
83
98
99
102
80
91
88
88
89
97
89
79
90
99
97
83
94
86
98
92
95
89
85
98
77
89
86
97
82
103
81
88
81
97
105
85
90
77
108
81
89
97
93
95
93
100
81
91
92
87
92
91
75
75
85
83
75
94
90
79
89
84
87
75
98
84
103
80
93
80
88
64
96
86
83
94
94
81
97
68
89
93
93
63
96
87
89
77
86
92
88
94
80
88
90
92
80
80
72
63
79
98
72
66
89
74
65
81
94
95
90
94
90
74
66
88
87
79
83
81
87
85
78
56
82
80
87
84
58
85
80
78
88
94
82
84
75
96
57
91
67
90
99
69
63
71
77
77
70
89
94
78
70
82
82
68
76
80
75
82
80
71
85
76
76
64
82
82
71
68
80
79
77
94
75
95
70
88
92
83
77
68
68
82
81
77
84
85
76
71
75
94
91
93
57
79
79
76
83
65
80
63
67
79
74
79
83
82
79
64
63
92
66
84
84
82
70
82
70
76
78
79
68
71
80
82
77
71
73
68
77
82
78
61
79
80
60
76
64
76
71
70
75
66
68
73
67
69
85
82
79
67
79
74
69
80
79
67
78
80
75
68
69
84
81
82
70
85
79
67
56
71
73
65
67
73
59
68
76
92
82
67
77
73
63
63
77
66
82
66
80
85
82
67
69
79
73
57
81
72
72
77
60
66
66
56
79
78
73
84
68
88
76
70
85
69
55
69
78
77
76
66
86
58
60
83
74
70
87
79
56
71
70
80
87
77
67
80
72
84
64
61
82
73
65
72
87
77
76
82
77
63
76
65
89
61
75
76
69
63
77
80
79
71
89
76
69
80
106
89
65
77
80
59
59
67
74
60
77
68
78
90
73
67
73
84
75
71
70
69
83
70
62
76
90
87
64
72
65
70
69
77
69
78
71
79
72
87
73
76
72
81
75
75
90
74
75
79
79
65
68
68
77
85
81
74
94
95
73
83
78
64
68
96
72
73
73
78
72
76
57
57
85
77
83
92
72
71
69
65
83
69
78
70
70
76
71
69
69
78
58
77
83
76
56
86
79
82
79
81
90
72
78
74
72
87
85
68
78
84
84
87
83
83
80
72
68
65
86
66
71
89
74
71
86
82
82
80
89
88
77
77
79
82
69
69
55
94
78
70
71
89
75
84
77
70
84
86
90
86
82
79
77
78
77
81
87
92
75
86
82
84
89
85
95
82
85
90
92
89
97
90
89
91
94
87
80
82
95
71
79
78
86
79
90
98
85
89
95
87
89
98
83
86
84
98
83
99
103
84
74
81
92
79
99
75
81
105
85
86
89
85
90
98
90
91
74
78
90
113
85
93
72
88
84
97
92
96
72
89
85
102
92
96
91
100
84
96
86
86
102
82
91
112
82
89
98
98
90
97
90
85
85
107
83
83
106
88
84
88
102
96
91
116
105
102
112
99
97
100
87
111
95
87
86
96
97
93
98
87
80
94
114
92
78
86
112
94
97
93
81
93
104
105
91
119
81
104
87
94
88
108
103
101
83
97
96
84
89
94
110
102
93
106
94
86
95
102
90
92
98
93
95
86
102
102
93
106
80
81
86
79
95
88
92
93
84
86
88
97
93
90
83
89
89
100
87
87
104
90
94
84
97
89
87
96
97
87
80
80
90
95
87
105
122
101
95
99
86
108
94
90
89
92
113
91
84
79
81
94
98
79
101
88
94
71
99
91
89
78
68
91
89
81
84
92
99
93
82
71
110
87
99
102
106
94
97
92
87
82
74
85
82
92
88
87
94
80
116
82
101
78
73
72
83
77
76
85
78
89
104
85
78
76
91
90
92
81
90
75
81
81
101
84
77
84
84
71
73
79
95
81
67
80
76
78
87
84
112
71
73
86
83
87
84
90
72
82
67
72
72
89
60
83
87
85
81
84
71
82
83
74
93
64
72
60
89
75
80
71
62
81
70
79
77
73
72
68
91
82
79
79
80
70
76
64
76
78
73
76
68
76
75
82
78
80
82
93
72
68
75
97
74
72
85
67
74
77
77
73
87
87
77
75
85
73
79
85
86
80
85
94
78
88
102
85
75
72
98
90
81
87
80
80
84
82
87
75
81
79
82
87
78
62
98
84
69
89
61
75
75
88
70
92
109
73
86
74
67
64
74
63
60
71
75
83
83
80
73
74
87
90
92
89
87
63
71
72
56
76
62
66
79
70
69
78
84
90
68
68
67
71
59
73
75
76
68
63
62
73
62
59
68
71
72
81
53
79
69
95
55
70
90
66
81
80
76
49
66
64
77
83
73
55
74
67
75
60
66
74
86
57
65
62
67
71
70
69
59
60
79
68
64
62
62
61
71
43
57
86
63
74
74
54
58
55
73
81
68
60
63
54
49
71
55
64
64
68
63
60
56
64
54
45
61
54
55
62
70
70
46
48
65
63
46
44
50
67
53
64
54
55
56
72
56
61
57
63
58
49
43
45
45
68
59
68
47
49
57
55
60
47
63
60
50
47
56
52
52
62
53
58
53
53
52
64
56
49
46
44
63
46
57
57
43
61
56
57
52
53
48
50
52
46
56
54
57
51
45
47
55
49
49
32
49
52
62
51
51
54
36
52
45
49
42
52
50
37
48
51
45
46
52
45
43
39
55
46
58
50
47
47
43
39
40
52
48
43
48
41
45
51
49
43
39
30
46
39
56
41
40
43
46
30
48
36
51
58
37
37
51
52
53
45
39
61
37
48
44
42
34
43
50
36
36
40
47
41
50
43
51
38
42
45
52
39
55
34
44
35
44
47
41
46
44
50
48
48
48
40
39
38
43
51
47
43
49
37
47
35
45
41
31
35
41
40
37
37
42
41
33
38
40
37
40
49
33
38
38
43
44
45
45
28
42
42
47
45
28
38
46
41
43
38
43
39
56
36
40
37
44
33
40
44
39
43
40
50
36
39
44
52
32
29
39
45
44
48
47
49
53
37
40
47
46
40
40
37
42
48
33
34
49
31
57
49
29
33
51
43
54
37
30
51
33
42
37
40
40
43
43
47
35
27
33
47
41
56
41
47
36
35
43
41
45
55
41
32
31
38
45
44
46
33
48
38
50
35
39
40
40
52
36
49
47
48
53
54
38
38
37
37
39
49
38
40
32
37
44
42
50
41
48
34
42
48
53
31
37
48
39
56
35
37
42
56
42
41
36
43
31
33
49
49
34
44
51
36
42
42
61
44
39
49
40
52
48
54
42
35
46
53
48
41
47
50
38
45
39
43
47
44
36
49
38
42
33
48
55
35
60
49
39
43
41
51
41
50
51
49
47
44
40
37
36
40
45
37
46
38
34
46
42
53
50
54
46
42
41
45
34
46
44
48
49
50
46
43
51
52
49
38
44
51
38
46
48
43
58
48
52
51
41
56
47
55
45
52
56
56
36
45
56
50
41
42
42
46
67
46
55
42
48
50
50
40
43
48
54
44
45
55
46
48
49
57
50
52
42
55
45
50
61
49
54
52
49
49
52
43
56
39
57
48
51
54
51
55
61
55
53
55
47
60
46
48
48
55
53
37
50
53
60
54
55
48
64
45
53
60
54
58
59
57
60
54
66
49
58
55
61
62
52
43
56
74
61
44
56
57
40
54
54
54
56
51
60
44
52
62
45
60
58
45
56
58
56
59
47
59
59
61
58
66
54
60
59
59
65
45
67
56
49
51
45
56
57
52
41
68
61
63
49
52
59
67
76
67
58
78
68
67
55
64
68
56
42
57
70
50
66
59
51
74
51
60
62
63
55
68
42
56
54
63
67
51
52
48
73
56
64
61
63
63
68
56
60
62
66
60
55
56
58
60
73
72
59
56
53
54
63
55
60
61
71
59
58
72
72
57
41
67
52
67
63
61
51
62
62
58
62
58
67
61
56
55
62
55
61
72
67
68
63
58
72
54
66
60
48
54
45
77
72
56
76
55
60
56
60
69
61
63
65
50
59
58
55
70
62
62
70
61
43
59
46
53
57
55
58
67
57
70
65
58
54
59
67
59
61
55
54
74
55
62
64
48
54
54
58
61
43
58
49
56
47
62
53
61
67
59
55
59
57
56
59
62
57
53
58
60
48
38
57
59
67
50
51
56
52
35
50
58
48
59
61
55
39
40
63
42
46
55
55
58
47
50
47
47
55
48
44
49
54
47
53
41
57
47
62
44
49
37
67
48
49
49
44
60
58
57
46
48
44
53
49
42
60
51
49
44
58
38
40
49
56
63
53
51
40
46
45
57
39
31
50
49
44
47
46
36
49
46
38
46
48
49
42
57
40
37
56
40
46
47
50
35
51
45
50
44
51
53
51
45
41
47
40
50
39
55
46
46
47
31
43
48
43
48
39
41
52
45
37
34
46
55
58
45
32
50
54
42
39
54
49
41
36
42
45
50
46
45
41
46
38
39
28
45
35
38
39
44
38
41
39
38
41
37
37
42
41
32
43
42
34
28
33
47
36
32
51
46
39
40
22
33
36
37
46
38
41
40
34
47
25
31
33
31
42
34
47
31
33
41
48
39
38
34
45
38
25
53
43
41
40
51
32
43
39
39
43
38
37
45
37
34
45
39
31
43
47
34
43
29
44
33
47
29
27
44
38
48
37
40
35
32
45
33
26
27
30
47
27
31
38
34
39
37
34
30
34
30
35
36
38
30
43
49
34
37
39
37
33
38
33
33
25
37
33
33
52
42
40
21
41
44
32
37
45
35
19
38
28
30
42
40
40
24
35
33
40
35
23
34
34
24
32
34
45
40
38
42
31
44
25
29
34
36
41
36
36
40
29
38
36
43
40
39
42
21
25
39
39
33
41
32
34
32
33
33
39
36
44
33
39
27
33
45
33
42
37
44
27
30
33
35
34
33
48
50
32
49
28
43
40
29
27
43
28
33
34
34
34
31
39
34
31
22
35
26
38
46
31
35
33
32
38
34
40
43
42
30
31
40
56
40
42
42
31
38
32
47
36
38
41
50
46
41
32
48
48
28
51
34
47
46
42
28
52
44
33
41
42
42
38
29
32
24
21
44
36
44
27
33
29
36
33
31
41
43
36
33
32
44
28
41
34
42
41
34
30
44
37
41
37
35
45
44
34
52
30
32
41
34
38
31
34
38
47
44
34
39
28
39
41
41
37
48
31
28
40
32
25
36
45
40
38
45
33
39
38
33
38
36
34
39
39
35
35
43
34
35
37
41
43
26
36
30
31
28
33
32
33
32
33
40
38
37
47
30
29
38
36
38
37
39
38
45
24
23
45
41
27
40
53
25
29
48
41
37
41
45
49
32
36
28
24
42
30
37
33
33
29
22
24
37
39
23
32
34
43
35
31
30
38
42
30
42
33
40
38
30
45
33
51
33
35
36
28
30
36
36
42
39
40
32
38
38
32
35
42
26
31
31
41
32
28
46
34
46
32
30
33
35
38
32
30
37
34
30
40
30
32
45
25
29
34
23
26
33
28
35
27
35
30
43
26
36
39
50
36
26
22
31
35
24
37
24
39
33
39
31
32
36
21
27
37
35
24
28
24
29
34
42
34
31
35
28
23
42
26
32
42
22
41
35
30
38
29
28
33
25
37
31
23
39
28
40
31
36
26
30
37
35
27
29
35
35
30
33
29
33
34
28
26
26
31
33
34
23
34
27
25
33
27
29
33
33
33
27
44
36
21
26
22
32
32
30
30
28
27
31
35
28
24
30
38
32
32
30
32
29
43
33
30
29
33
37
28
34
30
27
32
28
22
28
39
25
36
31
19
19
31
26
31
37
27
27
20
26
29
25
25
27
26
25
24
27
31
26
31
28
28
28
27
36
33
33
30
20
22
30
27
25
28
32
22
26
31
24
24
33
23
42
26
23
26
26
24
33
23
29
22
31
22
40
23
26
26
26
26
23
35
36
33
29
30
24
26
32
32
22
24
28
35
20
32
37
20
25
20
23
31
23
27
15
26
20
27
23
28
23
38
26
19
20
29
32
32
23
27
25
23
25
30
24
27
38
24
29
31
26
37
34
35
26
24
26
22
26
23
26
19
25
28
37
18
25
29
34
26
23
28
25
26
21
25
32
29
29
32
32
21
26
28
26
21
26
27
26
20
29
29
29
28
30
28
24
17
30
24
28
23
25
16
23
27
32
31
12
25
21
27
31
19
27
33
23
28
24
30
29
26
25
34
24
34
29
22
23
17
31
26
30
27
22
28
37
26
19
29
21
28
26
26
21
22
26
21
33
24
22
19
32
27
23
27
23
31
37
27
21
28
20
22
35
28
15
31
34
21
17
28
33
27
20
31
24
17
31
22
24
20
29
28
30
26
38
15
24
26
26
30
29
25
26
37
25
23
20
23
14
23
27
34
22
31
24
28
30
24
21
24
23
39
28
17
26
26
28
21
25
26
24
24
30
31
32
34
20
20
27
17
27
35
24
28
28
29
29
27
28
29
29
24
28
32
20
25
27
26
30
19
17
22
29
27
30
29
27
31
23
22
39
29
30
26
21
27
26
24
33
25
31
25
30
30
30
27
32
24
39
24
33
22
32
33
35
22
25
20
25
23
34
39
21
32
28
25
26
29
36
23
25
32
31
32
27
32
24
18
26
35
24
23
25
24
30
28
42
39
25
33
35
29
34
28
27
22
30
31
33
32
26
36
21
27
24
37
28
33
35
25
32
26
19
34
20
30
28
35
30
28
22
25
28
27
37
28
32
25
38
32
42
39
20
32
24
31
44
28
30
35
23
25
28
26
35
33
31
29
34
34
18
28
30
32
31
28
32
27
29
29
34
35
32
34
24
21
37
43
21
29
34
31
29
30
34
35
24
24
27
30
34
29
26
29
33
25
35
29
30
39
31
28
29
25
29
39
25
31
39
33
32
36
38
36
28
35
32
28
40
29
31
32
36
35
43
33
42
26
45
30
22
40
33
33
41
30
32
34
17
39
30
42
22
36
34
31
26
36
41
27
22
33
24
31
29
36
29
39
24
37
26
38
37
28
36
27
31
29
25
28
37
43
37
30
43
34
34
50
23
43
33
30
24
33
32
26
33
33
31
31
35
35
44
42
29
33
30
37
19
43
29
30
40
34
38
30
38
33
40
30
36
33
45
26
32
33
36
37
28
35
34
35
32
34
36
44
32
30
40
35
41
34
39
48
36
38
37
24
45
36
37
28
36
36
38
38
49
41
35
35
41
45
41
48
43
33
27
39
39
43
32
45
36
44
35
27
29
37
27
37
28
40
43
32
34
47
36
40
41
40
32
41
36
49
39
38
39
36
48
42
46
47
39
45
47
41
56
44
46
53
32
47
37
36
38
47
27
46
54
45
39
40
49
40
46
45
30
48
39
42
39
41
37
38
35
49
37
43
42
41
40
43
41
48
41
51
39
38
44
45
45
36
42
48
47
43
40
49
52
46
47
40
39
42
53
53
52
49
43
42
63
31
49
47
41
47
51
40
47
64
45
45
60
57
47
33
40
52
44
60
43
65
54
51
48
51
43
49
47
59
48
50
60
56
36
66
50
42
50
52
50
47
48
55
48
58
56
60
45
37
48
65
59
58
54
44
65
63
63
47
51
67
55
62
65
44
59
68
57
55
66
67
65
50
65
60
65
58
59
41
56
56
65
62
69
55
67
37
59
70
56
44
60
52
49
57
63
57
57
63
59
64
70
50
54
78
80
60
67
49
57
60
54
51
58
63
70
71
64
51
52
54
65
55
70
70
55
59
66
61
59
56
59
54
50
71
49
62
36
67
67
77
61
56
42
57
55
51
51
62
54
65
58
52
63
54
54
59
70
67
63
59
62
60
62
61
59
57
56
67
53
49
59
46
62
50
65
59
58
53
70
61
71
47
52
61
61
62
62
56
46
64
61
71
41
57
66
55
58
60
45
67
49
67
48
45
47
64
56
56
69
46
58
49
65
52
47
56
51
60
63
46
54
50
64
56
67
51
55
55
70
42
57
56
49
55
53
50
62
53
37
51
54
54
54
45
57
56
46
46
55
56
50
46
50
50
57
45
53
68
43
42
49
53
65
55
39
57
33
49
43
47
60
49
44
40
53
47
43
53
54
34
53
56
50
58
53
45
49
39
35
51
42
40
42
43
41
42
36
43
32
38
49
51
44
32
42
47
41
36
53
43
22
47
50
53
37
46
28
49
35
44
33
27
48
49
40
39
47
46
43
32
30
30
40
25
60
50
42
42
28
39
22
49
43
35
29
42
42
40
28
35
34
35
42
32
37
28
30
36
27
40
43
30
36
32
30
24
43
42
39
21
22
26
27
27
30
25
24
36
26
22
37
30
31
30
32
35
23
30
30
38
26
27
21
28
22
33
28
31
20
21
33
28
33
29
33
18
28
27
30
22
25
28
22
17
18
34
32
40
18
16
18
22
15
31
21
29
21
21
21
26
32
23
25
29
26
30
40
30
22
25
33
19
17
30
22
24
19
23
36
22
35
22
32
33
18
29
18
18
19
16
32
22
28
16
22
23
21
25
18
25
22
21
24
21
20
25
25
19
13
25
17
19
15
23
25
22
10
17
17
12
16
29
18
23
21
22
21
22
25
28
16
18
23
33
18
23
25
23
29
27
30
15
11
17
24
22
21
21
21
19
21
22
27
8
11
19
27
22
19
16
13
14
14
10
10
21
15
21
21
15
17
13
15
26
14
12
21
14
21
14
17
16
19
15
19
22
17
22
46
72
90
79
80
76
86
70
84
87
100
71
96
58
73
68
72
76
69
72
64
80
65
67
76
78
61
78
79
87
65
64
80
74
79
73
65
77
76
69
64
79
74
55
74
66
47
67
63
69
74
79
77
62
76
75
64
57
61
66
70
62
59
63
68
58
62
67
80
71
58
57
60
56
70
61
57
69
57
57
58
62
76
60
54
67
55
56
64
50
59
62
70
60
67
71
82
68
55
42
53
41
50
54
72
55
43
53
53
55
55
63
60
58
63
60
48
69
57
59
55
47
57
47
58
52
54
44
51
57
73
64
47
53
54
60
45
58
54
47
51
54
56
46
47
41
44
53
59
47
60
44
47
44
38
48
56
53
54
35
58
52
48
44
46
51
40
41
47
48
46
49
35
50
39
35
39
51
43
38
49
41
45
42
21
