# Filename : TXT_Files/Acq14400sec_023.Chn
# MCA detector ID: 1
# Start time : b'20':b'20':b'42'
# Start date : b'02Oct221'
# No channels : 8192
# Live time : 716365
# Real time : 720000
# En cal factors A + B*x + C*x*x
# A : 0.0
# B : 1.0
# C : 0.00
0
0
0
0
0
0
0
0
0
0
0
0
0
0
0
0
0
0
0
0
0
0
0
0
0
0
0
0
0
0
0
0
0
0
2
6
10
77
208
371
402
397
427
432
406
420
443
467
422
397
449
439
415
451
459
442
418
437
475
459
455
461
460
485
416
486
454
486
480
466
531
509
481
455
492
527
508
510
509
469
465
521
488
491
528
488
560
516
540
561
524
523
523
572
596
563
658
562
535
615
575
612
623
609
648
622
637
600
627
649
691
662
670
676
660
657
671
678
690
702
744
714
710
749
740
747
780
753
741
788
792
752
762
798
794
765
810
802
780
806
810
820
818
809
853
792
776
817
851
772
815
784
815
754
811
782
779
794
794
835
710
810
758
724
769
736
777
779
801
792
742
756
736
747
813
728
783
794
777
778
769
792
791
792
856
816
835
839
851
823
818
856
868
880
855
855
918
890
889
869
957
921
908
939
916
968
1026
980
976
978
989
1004
943
1017
1031
1005
1049
1026
1062
1020
1065
1143
1111
1131
1078
1098
1154
1159
1127
1209
1189
1192
1132
1196
1213
1239
1197
1173
1266
1286
1262
1249
1305
1246
1312
1239
1271
1343
1302
1303
1264
1351
1325
1378
1368
1382
1394
1448
1380
1426
1462
1532
1454
1458
1466
1532
1587
1515
1547
1558
1634
1569
1611
1618
1582
1665
1639
1721
1721
1702
1737
1795
1765
1726
1760
1700
1818
1824
1823
1872
1917
1836
1823
1900
1856
1918
1912
1950
1971
2106
2093
2087
2055
2013
2064
2042
2141
2185
2127
2207
2084
2136
2193
2172
2289
2117
2254
2275
2257
2262
2231
2256
2274
2338
2257
2385
2416
2296
2402
2446
2391
2452
2451
2456
2471
2468
2511
2527
2512
2476
2549
2553
2590
2605
2653
2532
2636
2612
2623
2616
2781
2740
2673
2773
2745
2758
2801
2852
2897
2871
2766
2829
2942
2813
2899
2952
2939
2855
2798
2954
3077
3001
3054
3011
3072
3140
3114
3122
3151
3295
3200
3241
3281
3175
3259
3256
3239
3214
3189
3259
3265
3380
3283
3257
3207
3400
3175
3244
3274
3327
3241
3369
3300
3284
3361
3254
3329
3362
3243
3229
3332
3353
3319
3323
3151
3270
3278
3302
3196
3139
3175
3194
3266
3208
3209
3150
3260
3210
3264
3157
3071
3175
3155
3197
3121
3131
3162
3328
3218
3162
3232
3247
3254
3192
3239
3213
3218
3119
3114
3153
3291
3291
3220
3333
3327
3150
3216
3284
3171
3299
3122
3075
3247
3062
3236
3154
3207
3281
3199
3278
3177
3202
3178
3153
3227
3176
3202
3283
3158
3229
3222
3243
3189
3113
3241
3196
3225
3217
3181
3111
3151
3241
3142
3143
3134
3099
3055
3124
3057
3161
3013
2978
3106
3153
3111
3047
3037
3064
3019
3004
3053
3021
2934
3141
3152
3117
3041
2943
3132
3079
3045
2959
2940
2917
3010
3009
3032
3013
2919
3001
3014
2999
2981
3025
3022
2947
2906
2891
2995
3058
3081
3014
2991
2913
3013
2883
2889
2941
3004
2966
2810
2897
2898
2954
2896
2848
2956
2990
2901
2923
2888
2919
2925
2817
2868
2917
2890
2819
2976
2823
2850
2919
2859
2837
2962
2889
2888
2923
2875
2845
2795
2883
2823
2875
2727
2781
2760
2744
2791
2801
2879
2856
2845
2842
2819
2843
2780
2740
2860
2810
2756
2832
2852
2804
2733
2785
2842
2802
2801
2760
2752
2734
2728
2794
2779
2770
2824
2688
2679
2625
2829
2708
2756
2705
2726
2695
2707
2688
2753
2684
2686
2600
2729
2693
2913
2731
2764
2746
2727
2761
2617
2674
2631
2656
2667
2741
2670
2674
2607
2675
2630
2676
2704
2664
2691
2676
2641
2704
2644
2632
2661
2721
2568
2563
2643
2639
2607
2545
2594
2662
2718
2564
2534
2560
2452
2658
2556
2532
2529
2660
2494
2538
2545
2589
2605
2503
2519
2463
2563
2560
2425
2473
2491
2518
2391
2539
2480
2513
2527
2589
2496
2418
2488
2291
2464
2307
2446
2333
2487
2414
2431
2513
2447
2427
2316
2493
2423
2363
2338
2419
2381
2365
2372
2419
2379
2359
2360
2415
2349
2371
2356
2360
2339
2326
2293
2336
2348
2254
2340
2378
2352
2224
2254
2355
2290
2269
2307
2320
2251
2340
2283
2305
2335
2227
2237
2352
2320
2271
2289
2341
2311
2162
2355
2269
2259
2178
2197
2304
2230
2288
2179
2182
2239
2217
2215
2308
2261
2129
2181
2208
2163
2150
2202
2193
2205
2236
2181
2137
2167
2146
2172
2147
2099
2129
2109
2124
2132
2188
2115
2071
2166
2114
2145
2083
2105
2157
2087
2088
2037
2099
2054
2040
2070
2091
2195
2072
2021
2102
2102
2023
2067
2126
2065
2018
1992
2120
2013
2042
1988
2029
2036
2084
2010
2027
1994
1952
2058
2001
1949
2005
2000
1978
2034
1962
2003
1883
1947
1902
1955
1998
2014
1993
1926
1999
1835
1997
1980
1909
1946
1953
1930
1921
1964
1924
1933
1960
1901
1868
1899
1918
1915
1871
1836
1804
1897
1824
1883
1884
1793
1868
1835
1856
1804
1800
1820
1800
1864
1814
1798
1881
1788
1843
1885
1882
1756
1791
1827
1787
1765
1810
1867
1760
1823
1756
1720
1788
1850
1823
1782
1704
1748
1795
1695
1756
1779
1740
1765
1742
1754
1799
1720
1683
1737
1731
1747
1712
1756
1639
1702
1659
1705
1677
1689
1692
1670
1680
1687
1620
1625
1775
1640
1682
1737
1660
1689
1658
1730
1741
1762
1685
1687
1717
1610
1697
1727
1670
1734
1696
1631
1657
1625
1659
1716
1631
1654
1709
1699
1688
1674
1628
1681
1686
1621
1582
1637
1679
1708
1706
1567
1606
1643
1597
1625
1666
1641
1619
1655
1685
1673
1650
1624
1556
1601
1591
1634
1661
1573
1617
1654
1617
1572
1608
1594
1583
1557
1519
1631
1573
1493
1539
1627
1636
1549
1534
1553
1561
1571
1622
1491
1557
1529
1486
1540
1579
1567
1544
1521
1545
1610
1471
1538
1488
1494
1470
1484
1504
1508
1491
1533
1508
1521
1486
1476
1470
1550
1406
1494
1535
1509
1436
1500
1450
1411
1407
1408
1403
1474
1494
1426
1406
1370
1491
1385
1431
1462
1393
1422
1433
1378
1387
1380
1454
1390
1369
1390
1362
1374
1454
1388
1381
1443
1414
1387
1391
1372
1360
1362
1381
1286
1317
1425
1370
1310
1348
1350
1287
1288
1324
1405
1336
1311
1351
1385
1344
1367
1362
1346
1415
1372
1346
1318
1236
1344
1311
1322
1362
1289
1401
1340
1304
1308
1286
1287
1381
1292
1287
1307
1307
1303
1351
1296
1374
1275
1253
1305
1261
1311
1254
1307
1235
1205
1284
1287
1279
1304
1270
1308
1267
1228
1226
1244
1221
1267
1246
1226
1220
1219
1200
1231
1199
1273
1201
1303
1215
1258
1255
1237
1253
1235
1252
1262
1181
1258
1225
1193
1196
1205
1258
1232
1209
1229
1252
1241
1224
1236
1260
1221
1199
1181
1227
1283
1164
1293
1177
1269
1245
1219
1291
1257
1223
1211
1293
1222
1264
1297
1200
1266
1202
1289
1296
1292
1285
1250
1267
1230
1219
1256
1221
1211
1345
1268
1312
1283
1181
1266
1307
1227
1266
1326
1257
1240
1245
1269
1262
1257
1302
1296
1265
1302
1318
1271
1269
1316
1297
1200
1305
1246
1289
1271
1273
1235
1337
1312
1300
1315
1337
1274
1331
1288
1259
1241
1320
1205
1298
1258
1325
1321
1301
1187
1346
1296
1261
1210
1279
1250
1247
1246
1287
1173
1214
1200
1215
1218
1235
1267
1191
1200
1149
1216
1127
1141
1241
1214
1198
1247
1195
1221
1202
1183
1106
1152
1156
1164
1102
1145
1111
1125
1125
1060
1081
1088
1064
1103
1081
1091
1123
1045
1026
1077
1008
1081
1055
1094
1005
962
994
1032
1016
1017
1048
1006
1013
1028
948
1037
963
983
995
1015
941
997
997
932
949
979
912
970
930
984
944
977
900
951
901
927
885
889
891
874
882
891
957
898
830
802
842
890
894
834
881
883
868
866
815
815
879
852
799
798
825
854
834
875
782
880
789
807
815
827
771
813
786
804
821
833
844
783
813
837
809
785
771
795
826
838
755
789
804
794
777
829
808
839
783
792
771
804
767
806
771
812
788
764
766
821
771
770
815
764
772
755
798
777
766
710
809
756
803
742
821
763
766
760
839
785
785
742
730
720
764
754
766
796
721
797
796
760
728
749
725
759
706
749
770
743
735
793
753
711
751
781
717
742
694
783
749
774
721
741
747
734
716
781
727
716
717
730
739
817
752
747
747
716
762
769
662
763
676
724
749
759
716
730
740
759
736
699
805
740
735
719
720
690
730
763
737
731
700
718
724
690
785
720
685
737
741
734
730
734
686
741
723
755
764
778
770
747
703
724
726
681
726
719
705
735
722
708
757
749
658
661
754
758
732
697
738
735
634
673
684
707
741
702
744
709
694
717
709
720
663
739
701
731
698
756
700
716
694
686
685
714
637
678
705
750
700
700
670
663
697
660
662
660
703
679
696
716
682
701
660
628
670
661
689
645
651
612
666
635
642
601
675
666
658
607
659
629
619
566
647
644
626
607
638
610
595
623
580
623
624
624
602
641
623
626
601
617
613
601
629
624
546
629
606
600
573
578
603
578
539
577
580
566
582
591
615
614
589
614
580
581
567
540
550
516
555
589
568
560
525
541
524
570
574
555
545
534
549
504
562
550
530
515
538
543
575
513
547
520
512
536
529
527
495
541
500
531
558
531
535
571
569
565
519
530
499
566
496
536
486
553
556
543
492
514
543
498
553
519
510
511
550
525
526
557
566
579
524
534
484
477
546
521
553
542
529
493
538
538
543
511
556
537
491
501
555
529
512
557
570
541
566
575
561
518
569
543
535
526
557
585
550
535
540
521
541
543
528
548
551
575
594
546
547
537
529
528
558
561
580
568
535
578
591
556
577
554
582
558
613
560
561
580
558
541
572
569
581
544
585
572
594
591
577
600
541
612
556
573
588
572
592
565
560
596
575
541
570
587
532
596
526
581
567
539
619
579
570
527
600
621
581
553
577
599
601
572
586
597
557
573
604
562
529
552
567
586
578
601
526
547
556
585
577
532
587
604
581
579
576
597
622
581
596
572
501
583
568
582
585
569
572
540
583
583
599
579
539
549
537
510
588
532
500
562
533
555
556
564
530
566
492
514
521
525
502
537
542
504
597
519
475
515
530
555
461
512
535
517
493
504
500
500
513
470
481
455
459
489
477
493
482
468
534
443
455
530
481
459
491
458
465
480
441
462
506
417
425
449
451
453
427
433
485
419
461
426
447
408
406
428
413
419
433
449
419
381
422
379
414
394
422
392
397
406
413
411
399
360
399
378
376
384
368
367
355
356
395
393
399
349
373
328
384
376
387
361
364
357
338
309
372
347
364
361
366
356
350
326
341
347
329
362
334
351
332
330
329
344
333
325
348
329
340
357
348
331
341
323
345
349
330
324
364
311
377
338
339
337
316
322
323
328
363
318
324
339
341
294
322
340
341
319
318
349
316
346
351
312
309
349
338
332
345
360
318
305
306
324
308
321
315
323
342
320
323
331
328
365
348
330
338
328
342
304
356
377
333
353
289
335
340
320
319
345
327
320
319
329
326
332
360
326
323
330
342
340
368
317
372
319
361
348
344
305
341
382
336
356
351
346
322
335
359
361
324
342
332
366
341
329
330
339
352
364
358
345
348
352
394
361
341
360
373
362
329
336
345
391
355
392
339
368
381
381
379
372
352
414
362
362
370
352
357
369
395
395
357
369
402
406
357
387
372
345
336
389
395
365
383
353
363
363
381
392
400
395
381
368
384
359
377
374
371
373
406
399
351
374
384
361
361
352
373
431
411
373
392
394
367
378
375
395
401
381
380
413
394
383
395
383
362
388
372
400
344
386
372
376
369
354
382
375
399
377
388
365
369
321
364
361
397
377
364
346
362
373
357
382
339
362
349
339
338
335
377
339
333
336
371
324
328
331
353
312
373
325
351
316
343
336
340
309
346
313
338
330
315
340
323
309
342
276
347
327
305
352
321
350
326
318
324
329
282
304
319
328
314
326
291
283
334
302
341
272
299
282
276
288
326
291
267
304
262
257
274
307
285
316
268
284
269
289
281
267
277
271
276
272
251
246
269
269
262
300
262
263
245
281
281
237
271
273
247
257
251
271
267
252
212
246
255
248
251
233
244
239
237
259
232
235
223
241
225
256
243
252
264
228
218
245
233
236
238
249
227
262
238
247
244
265
260
244
245
237
273
233
273
266
266
240
236
236
231
223
237
246
216
231
233
245
209
224
248
226
243
221
218
231
239
253
242
249
238
225
245
217
243
235
244
239
221
248
239
268
218
266
219
251
266
240
226
227
236
247
238
218
242
211
214
227
237
256
233
240
209
219
223
221
220
229
224
216
236
227
239
265
235
222
235
204
218
219
246
255
237
231
205
214
225
227
216
240
239
213
246
221
246
214
222
206
235
224
230
206
229
262
210
241
217
223
235
265
257
237
238
219
233
220
227
222
245
217
261
207
241
223
208
201
241
227
205
203
227
240
215
224
214
216
245
212
214
234
255
218
234
193
227
214
193
203
206
209
192
227
239
239
228
225
219
208
225
217
235
229
237
213
238
225
242
203
195
256
218
220
219
219
218
220
235
220
206
245
220
218
223
222
245
225
200
194
223
216
218
195
230
206
206
203
198
200
200
215
213
212
189
219
200
220
216
241
220
202
212
195
211
231
194
232
215
231
181
223
226
205
200
230
202
204
211
205
204
216
190
215
235
206
230
212
196
200
198
223
218
225
236
230
215
229
204
193
234
215
218
201
199
231
206
197
201
214
203
226
216
201
221
222
234
218
220
198
239
228
215
201
205
218
207
208
219
203
198
239
232
219
221
261
213
216
206
209
224
212
203
201
214
210
223
214
224
216
238
217
187
216
237
216
206
211
213
228
239
221
222
227
205
211
213
220
190
216
203
205
206
229
254
215
200
191
210
198
217
201
246
204
253
223
232
190
209
210
217
235
215
187
221
220
227
218
201
212
228
213
229
194
203
208
215
210
194
210
231
197
223
194
204
228
204
192
221
231
217
206
242
203
232
206
201
219
187
221
213
216
195
209
218
211
226
206
188
226
210
221
211
216
197
203
229
228
206
209
189
184
183
212
220
185
213
218
205
212
198
208
198
198
222
177
202
190
185
183
183
201
200
200
203
182
192
194
222
215
189
199
191
208
195
206
192
195
195
195
184
180
172
177
193
161
192
166
197
179
179
194
188
165
190
185
173
195
202
206
180
181
198
197
204
193
190
207
182
173
176
187
177
188
200
183
170
177
200
194
186
189
181
201
169
183
201
178
161
148
194
166
169
164
180
170
172
173
188
174
188
166
159
172
179
161
155
173
168
179
165
179
186
170
182
187
192
183
174
186
187
200
177
183
169
144
170
184
181
187
181
172
170
167
170
184
190
184
180
198
177
200
147
166
188
176
180
189
167
172
181
172
169
170
170
163
231
175
179
184
181
170
188
189
205
183
197
179
186
185
158
188
189
193
173
182
164
210
172
191
171
187
205
180
176
200
174
184
206
169
218
184
193
190
183
195
205
178
190
183
191
183
190
209
189
203
197
206
231
192
191
196
184
202
184
191
184
181
194
170
205
207
194
170
219
202
204
201
203
206
194
215
183
203
202
205
194
191
210
230
203
198
215
212
210
185
206
223
232
210
205
193
203
210
187
190
213
225
199
238
194
217
199
223
206
219
201
209
212
233
250
235
226
191
277
227
244
203
228
235
231
229
219
243
256
257
216
245
241
254
207
247
232
240
201
228
213
253
250
225
246
254
237
215
230
213
239
235
262
238
229
267
238
257
259
222
251
236
237
219
242
267
246
255
241
246
289
269
257
258
236
239
267
239
253
238
260
240
233
247
265
243
240
290
244
275
261
259
244
239
266
261
263
232
268
246
254
267
257
256
236
249
283
253
255
273
278
267
266
266
239
244
259
237
262
259
235
270
250
279
251
287
285
271
257
260
278
269
284
262
275
267
259
274
239
247
267
271
256
253
272
307
243
245
273
245
261
240
259
264
270
263
273
275
260
260
251
270
245
283
274
246
277
266
235
235
279
261
270
259
265
263
251
272
284
251
244
292
266
277
256
235
238
266
250
256
255
286
271
254
228
264
270
266
259
273
266
275
235
242
263
274
272
264
262
278
231
256
265
271
270
274
249
222
246
200
235
236
258
240
232
242
250
240
264
232
220
227
234
246
284
232
249
237
234
220
231
240
238
241
221
231
201
243
228
203
247
231
238
201
208
215
216
218
214
231
221
203
194
218
186
218
213
221
197
215
238
218
236
209
202
206
174
230
205
198
191
187
205
181
214
203
192
205
204
222
186
223
172
184
178
179
175
191
169
174
198
192
197
206
181
178
168
174
166
187
171
189
173
150
164
161
169
146
180
189
165
161
174
171
163
177
167
153
173
128
148
167
166
144
125
148
150
153
143
136
149
137
136
141
120
152
136
150
131
127
151
155
146
136
161
140
149
147
175
139
138
149
150
153
134
136
154
144
134
128
137
140
141
119
124
114
114
136
115
135
122
131
124
153
129
132
97
123
133
131
110
117
144
122
156
121
132
124
119
134
129
118
125
108
127
121
110
121
122
116
111
102
111
115
114
150
126
118
108
126
114
119
112
120
102
116
110
122
117
99
115
111
123
123
117
119
103
125
100
102
111
111
136
134
114
119
90
113
98
118
118
125
139
133
116
110
115
116
114
92
98
109
110
96
108
111
112
117
113
109
120
106
119
118
106
117
109
99
88
105
116
126
115
98
104
104
97
107
98
119
112
119
113
120
100
96
103
116
108
96
98
108
83
108
105
124
121
100
112
119
90
120
96
103
92
112
106
97
99
105
123
107
116
121
90
110
103
113
102
113
114
103
109
91
121
110
111
111
103
87
114
104
124
117
100
87
104
108
88
94
114
104
113
106
105
104
98
97
98
114
98
102
125
107
124
91
101
101
89
103
96
117
99
87
104
110
111
99
101
97
101
116
96
137
104
118
102
100
98
92
102
101
101
107
92
104
97
98
92
100
80
93
111
93
99
72
90
95
84
107
109
103
97
80
106
98
97
101
108
92
111
99
110
93
98
105
111
103
98
91
118
83
120
104
101
96
86
107
94
101
123
109
107
86
91
89
87
96
100
105
84
102
110
97
102
106
93
98
94
105
102
93
77
105
98
88
97
82
94
107
99
94
103
77
101
103
85
83
103
75
98
94
91
79
102
92
105
101
98
75
92
106
85
113
71
96
86
99
93
91
111
103
97
100
97
102
110
118
97
108
93
107
97
103
94
102
110
99
98
108
114
98
92
93
105
105
89
101
83
102
94
115
99
108
95
116
98
117
80
102
105
105
93
95
102
97
106
91
128
105
96
105
106
117
109
91
106
101
113
90
112
95
112
110
108
100
113
89
88
106
107
105
88
115
94
103
99
88
94
123
120
117
109
96
96
105
97
100
105
108
106
99
86
103
94
91
88
94
102
102
109
110
104
87
94
88
81
92
109
103
96
120
111
94
93
87
94
88
88
93
89
100
103
120
95
93
82
97
84
106
103
113
95
104
117
95
94
78
111
84
89
105
105
107
89
96
104
108
95
92
102
98
111
96
95
126
90
95
99
108
100
87
90
104
92
96
95
99
112
89
102
99
108
95
75
95
71
108
106
84
109
96
86
84
100
94
117
97
89
101
94
115
82
100
92
95
106
101
106
93
94
77
88
96
114
108
88
105
102
99
94
98
90
89
88
88
95
103
86
110
104
102
88
85
106
96
100
90
96
95
103
107
111
81
103
94
94
78
87
102
110
99
91
83
106
94
91
100
90
102
110
75
85
94
89
84
93
97
94
85
104
112
105
91
89
95
102
103
101
98
104
90
87
92
98
93
85
101
101
103
105
108
94
100
100
89
85
101
98
83
103
91
83
92
95
79
104
84
121
122
104
85
96
99
99
96
91
94
90
105
105
104
99
92
100
112
96
92
99
90
90
91
98
99
112
110
93
107
109
86
89
103
98
90
99
109
95
97
91
97
94
102
94
98
95
90
86
98
98
74
82
76
106
82
96
101
84
99
107
108
98
117
92
102
70
104
97
76
86
87
94
94
95
115
98
98
84
94
101
107
81
87
113
83
85
98
102
105
124
107
83
116
96
113
102
89
93
87
77
92
100
101
96
102
96
84
97
92
104
80
106
94
100
80
89
101
72
101
94
98
91
90
99
72
86
104
101
81
86
93
102
93
77
96
81
104
93
77
79
87
88
82
88
85
91
103
88
87
83
90
98
92
88
74
81
84
90
91
74
99
82
100
90
109
75
80
74
92
96
86
76
86
105
88
73
91
77
79
78
85
79
100
91
74
100
75
73
66
89
68
83
78
92
98
87
95
86
84
103
84
83
89
90
82
95
94
102
84
72
77
84
78
87
84
79
75
83
82
83
76
81
96
62
103
80
77
97
80
81
79
84
95
93
74
84
88
77
78
81
74
78
77
81
83
101
97
103
71
72
88
74
84
96
80
101
77
83
82
83
83
82
97
71
97
92
83
82
75
87
83
77
71
83
83
69
68
79
77
79
79
78
51
85
82
73
71
66
72
72
64
97
75
75
86
68
70
85
91
78
72
63
78
66
79
66
84
82
70
74
71
69
85
79
102
80
78
56
86
96
94
66
63
91
85
82
73
76
91
67
74
70
97
81
76
78
72
64
73
88
79
77
81
70
84
58
79
94
68
80
92
84
74
73
68
69
68
58
70
84
56
80
84
82
78
86
79
86
71
80
93
77
79
68
76
84
93
58
71
76
60
86
78
82
71
97
78
80
91
73
73
79
65
66
79
73
72
82
64
66
89
71
73
64
80
75
83
75
70
60
70
78
77
70
70
81
69
75
74
78
69
66
61
65
72
80
81
72
73
66
90
89
85
83
85
74
81
67
73
85
54
79
75
64
78
73
80
80
63
89
69
61
81
77
62
67
76
86
80
88
72
89
81
66
67
68
73
71
67
68
68
81
66
72
88
85
69
75
71
75
68
80
68
70
74
69
63
81
71
74
62
81
75
73
71
71
71
78
89
66
68
92
82
70
78
65
71
81
74
74
76
72
77
69
70
84
53
81
64
82
74
62
56
77
89
78
79
65
73
73
72
76
62
74
64
71
63
72
74
72
73
80
74
68
70
83
77
85
85
94
99
83
62
81
82
80
67
77
61
66
91
78
64
77
71
85
82
92
69
97
77
73
62
79
83
80
63
76
77
71
73
71
79
99
89
89
59
80
83
86
77
84
91
71
87
62
85
72
84
96
70
106
69
87
71
75
71
82
69
72
82
82
87
81
64
65
75
79
85
96
75
73
84
80
83
77
97
73
81
60
84
66
72
78
70
87
88
90
87
85
82
78
78
90
85
84
81
76
73
73
82
77
92
75
86
109
96
91
110
76
92
88
98
89
82
92
98
66
84
101
92
90
100
88
72
78
87
107
101
92
99
91
82
97
108
101
90
83
100
96
91
71
102
105
88
100
93
105
80
91
84
89
107
85
101
105
104
96
79
85
86
99
95
96
96
89
95
81
83
89
111
100
100
95
78
92
107
104
93
95
98
96
108
95
105
98
110
95
92
84
96
105
90
100
92
80
87
87
98
90
84
89
100
83
89
95
105
97
109
103
109
97
102
112
104
104
117
95
86
87
88
103
98
104
82
94
114
84
92
95
78
87
106
108
86
97
99
79
84
104
98
91
81
109
95
86
86
101
102
99
81
104
99
94
93
96
93
85
97
98
115
89
100
94
105
104
99
90
106
121
97
87
92
91
105
89
82
99
94
98
93
89
120
95
85
92
99
89
85
89
90
88
91
84
77
96
90
92
105
83
86
92
85
95
85
90
102
95
84
69
86
92
86
97
81
85
82
96
88
100
87
87
86
95
99
93
80
103
80
85
80
80
102
85
102
82
100
97
75
88
98
91
88
70
97
80
89
81
87
87
101
89
84
91
91
92
72
79
79
79
96
86
88
95
78
81
76
101
90
68
90
78
75
73
88
73
101
86
82
85
66
74
90
82
88
87
76
78
79
79
83
79
61
106
87
89
83
62
78
74
80
91
79
78
90
74
77
77
79
82
84
81
86
98
105
74
62
75
88
70
87
78
77
79
92
90
72
81
83
79
77
94
84
88
85
86
78
91
75
73
87
94
87
77
82
75
87
70
92
75
74
65
76
73
70
67
83
75
84
78
84
77
77
76
71
84
75
74
94
78
82
78
79
94
70
82
81
71
80
79
87
75
85
71
84
69
104
81
66
82
93
67
77
59
78
92
62
74
64
83
77
75
85
59
73
79
75
88
80
91
75
88
74
86
90
77
74
82
91
75
83
94
73
70
71
93
66
75
50
71
68
73
78
86
69
70
80
85
63
78
64
69
57
80
71
68
71
73
93
80
70
66
80
70
67
73
76
74
66
74
87
71
74
61
73
70
82
71
65
78
59
64
66
65
56
79
63
62
64
65
63
65
72
65
68
69
70
58
71
72
64
58
55
54
75
56
79
65
73
55
60
69
60
59
68
82
64
75
74
46
70
70
64
77
53
69
67
67
52
74
54
67
65
46
56
81
47
64
72
51
60
61
77
70
54
68
57
50
66
58
66
72
51
50
68
58
41
53
72
70
56
57
57
47
44
57
50
61
50
58
61
67
49
47
55
58
55
69
60
54
51
53
52
62
57
57
50
61
51
47
43
46
53
59
57
64
52
52
35
47
51
50
58
54
59
55
47
53
46
53
39
51
44
63
39
55
41
48
55
46
46
58
43
56
59
53
55
50
46
56
41
47
47
35
45
46
46
48
39
58
42
35
47
41
54
48
44
58
46
53
42
45
44
57
45
41
41
53
48
45
47
48
43
52
52
59
55
34
54
54
47
44
57
48
56
52
49
45
39
37
45
39
55
53
53
50
38
34
48
53
48
41
53
38
50
45
41
30
55
53
33
49
55
37
41
39
42
48
37
36
38
44
38
47
49
36
43
41
46
39
38
47
44
37
47
37
50
49
36
37
29
48
43
48
45
40
55
35
42
43
50
44
56
40
48
42
45
42
44
50
59
40
49
45
44
47
52
45
30
41
52
30
35
37
49
34
35
40
50
41
40
38
41
38
30
46
43
36
36
41
35
29
42
48
52
46
35
58
41
47
39
61
43
37
42
48
42
43
43
34
49
41
36
39
40
43
51
38
43
44
38
43
39
37
37
41
56
34
49
37
40
41
37
39
34
50
52
48
42
43
47
43
44
43
37
48
41
46
49
47
35
33
52
43
40
36
45
41
44
41
43
42
35
38
40
46
41
33
40
48
44
43
56
36
44
49
44
39
44
44
38
34
40
46
49
52
50
41
43
49
40
35
46
48
41
31
42
42
49
35
38
50
39
39
38
43
44
52
34
44
31
39
43
48
32
43
52
49
36
54
36
45
45
30
36
45
44
40
52
46
37
37
40
43
53
49
42
41
52
45
50
48
45
43
51
51
46
55
51
50
50
61
46
40
41
43
50
52
42
50
54
41
49
45
58
58
42
42
37
55
51
63
52
44
47
49
48
46
44
45
45
37
43
33
41
58
50
55
44
61
41
49
45
49
50
40
44
52
41
49
47
48
40
44
45
41
48
53
53
44
45
53
54
46
39
41
34
47
43
44
49
55
51
51
52
38
47
41
38
52
56
55
35
49
61
55
61
58
40
62
51
62
53
54
50
51
54
54
36
55
46
60
46
38
48
57
58
57
44
51
50
63
60
46
54
48
44
53
36
55
42
49
64
66
41
54
59
57
50
44
51
48
47
63
54
56
45
50
40
40
50
60
55
66
59
49
50
61
57
45
47
56
58
67
59
56
51
59
55
65
61
40
53
49
69
55
60
65
56
62
55
43
64
59
52
50
61
58
70
68
64
55
68
86
61
65
39
73
58
63
58
41
62
66
55
63
41
61
66
55
58
70
54
69
57
61
68
75
75
57
68
53
52
49
63
57
68
48
55
61
64
48
61
75
73
75
57
72
47
59
59
58
44
52
58
64
62
63
70
47
45
55
56
63
59
64
70
51
66
63
54
63
62
60
53
54
56
55
53
69
54
48
68
66
51
74
62
54
49
62
70
50
60
60
54
56
71
73
72
63
65
55
35
69
46
56
56
81
80
42
60
59
57
55
45
65
58
70
49
56
50
57
56
57
78
68
56
60
65
63
47
53
55
58
49
63
57
49
65
50
48
55
58
66
59
56
51
60
64
43
61
53
61
62
54
54
61
47
54
54
58
53
55
65
46
45
49
52
65
61
54
51
49
49
61
55
47
45
54
65
56
55
56
58
50
46
47
54
54
55
42
46
58
54
43
45
36
58
51
45
50
55
52
55
59
53
47
57
54
50
54
53
52
57
45
42
53
41
57
51
52
48
50
59
51
45
54
57
39
60
50
47
46
47
39
47
48
48
52
47
53
52
51
41
48
42
48
44
47
45
48
45
35
58
52
54
36
48
36
47
59
56
42
54
44
40
58
42
44
41
50
54
37
28
40
40
49
44
50
40
35
59
41
49
38
40
42
45
38
60
43
46
55
46
45
44
41
50
40
40
46
37
41
37
39
42
30
45
44
61
47
50
55
39
36
41
38
48
28
41
43
30
43
50
57
37
37
39
34
33
46
41
41
39
35
39
39
46
48
40
35
32
38
40
49
46
33
33
39
47
37
36
40
21
37
36
39
33
34
34
40
40
27
48
35
34
41
33
48
43
27
42
31
47
49
37
35
38
45
34
44
38
44
36
36
32
29
42
31
30
35
42
35
46
35
36
37
26
34
17
28
33
40
36
38
34
33
31
32
28
26
42
30
41
29
35
27
42
39
36
36
43
44
47
31
30
32
39
37
37
43
36
33
30
34
44
36
39
29
38
43
41
35
27
41
48
36
42
39
45
53
36
18
44
34
34
36
37
32
35
47
29
28
32
44
44
43
34
27
35
20
23
30
38
33
38
36
38
35
47
49
36
31
35
41
30
44
38
25
44
49
37
30
40
44
39
43
35
37
34
41
24
31
34
32
37
30
33
37
30
36
37
44
34
35
41
38
35
31
41
44
36
33
38
37
41
53
29
38
33
25
34
49
36
31
42
35
46
37
37
47
32
23
30
40
44
32
30
24
38
37
28
36
35
46
46
25
44
34
29
36
40
27
31
47
27
47
46
36
41
39
30
50
33
38
42
39
44
41
26
33
36
37
41
33
28
52
38
37
46
33
37
47
48
36
31
33
35
48
37
34
40
43
37
36
37
33
31
25
35
45
36
44
46
37
36
42
25
37
42
42
29
32
31
27
35
28
44
36
41
40
51
44
33
44
39
41
42
33
32
26
40
43
39
39
39
32
35
34
37
37
40
47
36
38
34
43
33
36
40
34
38
33
36
38
48
39
27
46
34
42
34
32
43
51
43
48
40
30
34
45
34
26
33
39
24
29
37
37
28
40
37
33
42
28
29
39
33
38
29
53
45
28
24
39
41
39
35
37
25
34
38
41
31
28
40
46
48
38
37
39
37
39
45
36
44
35
33
39
42
37
23
23
41
22
41
35
29
27
42
29
37
32
34
44
34
41
30
36
37
35
50
33
26
36
25
26
36
47
38
39
37
29
42
39
47
45
31
33
38
38
36
38
29
40
37
31
31
40
30
22
31
39
34
27
27
46
40
42
32
30
26
30
33
29
42
36
41
21
38
33
32
30
27
33
28
41
23
29
25
29
41
34
37
26
39
47
39
34
32
29
24
32
27
29
28
28
28
29
26
32
26
28
37
45
33
40
41
30
24
41
37
25
31
29
30
42
17
31
36
26
28
34
25
34
32
34
46
34
28
28
23
26
40
34
23
35
32
28
28
27
32
34
27
44
21
37
31
30
28
37
39
30
28
34
31
39
36
31
33
26
24
33
26
30
27
30
18
31
28
13
27
41
29
37
25
24
31
29
28
34
29
32
33
29
34
27
38
34
26
26
30
29
43
32
27
32
25
21
28
30
25
24
33
25
14
34
27
21
27
37
29
32
25
41
21
37
32
21
22
23
28
28
35
32
29
39
27
29
24
34
30
30
28
19
26
24
32
20
22
26
43
31
23
11
26
33
26
34
32
23
26
28
30
31
30
27
25
29
27
30
31
22
25
33
21
27
28
23
22
23
18
24
30
27
39
23
26
32
35
28
28
18
27
22
24
39
32
26
17
19
21
27
17
26
34
30
31
30
39
23
30
34
20
32
26
29
29
34
36
24
30
22
23
29
22
33
25
26
24
23
20
24
28
29
23
28
27
23
27
25
22
26
28
36
29
24
22
26
24
19
25
23
28
22
28
30
41
27
26
21
29
21
31
21
25
26
21
24
18
29
24
31
28
26
28
34
25
27
28
22
23
17
25
34
23
26
38
29
22
21
22
34
28
31
26
23
27
36
22
30
28
26
24
27
26
21
15
27
21
23
33
31
30
32
23
25
21
22
19
30
22
18
30
24
32
23
24
30
23
30
31
23
31
33
26
30
19
30
24
34
28
21
26
26
18
32
26
22
28
22
34
19
26
34
28
16
27
32
34
22
29
26
30
25
26
28
26
30
27
28
24
29
24
27
35
30
30
18
22
26
29
27
35
22
24
30
32
30
30
27
21
28
28
23
30
33
26
33
29
28
37
31
26
34
28
30
27
30
25
28
22
29
30
21
27
31
28
24
30
36
33
17
31
23
27
27
24
20
32
28
23
26
22
38
31
33
22
29
36
36
26
24
34
34
23
31
17
29
24
28
24
31
25
23
29
20
28
28
31
30
26
25
23
27
34
32
26
28
29
30
37
31
27
25
23
37
26
21
28
32
20
37
31
26
41
24
18
32
25
24
29
29
21
31
32
35
24
32
26
32
29
31
25
22
28
27
28
29
24
33
33
30
23
21
27
30
29
24
32
23
33
34
31
29
33
28
26
32
38
26
30
24
29
25
33
31
33
35
27
38
26
27
29
28
24
23
24
32
24
43
36
32
32
24
35
25
39
27
35
26
42
32
32
18
32
23
35
28
35
29
31
36
37
28
43
31
31
33
26
39
23
34
33
34
25
27
27
25
26
29
23
23
26
37
26
28
29
41
33
30
36
37
30
23
30
35
44
38
31
35
36
28
32
27
33
34
29
30
36
39
32
34
31
23
23
35
28
38
33
35
34
40
38
30
30
34
40
31
36
33
33
35
40
31
34
34
33
33
39
23
34
36
37
38
34
33
34
29
33
25
39
39
36
22
35
27
27
26
22
35
42
32
28
29
30
44
29
32
49
42
37
39
36
29
31
31
35
29
29
32
34
38
33
40
30
45
36
28
33
42
42
42
43
31
36
39
39
44
30
35
34
31
40
50
40
36
33
24
46
51
35
28
36
37
48
42
36
36
35
37
42
46
39
36
43
41
37
33
47
36
30
47
36
36
39
39
43
45
40
44
48
39
43
39
39
48
50
33
44
37
46
32
37
42
51
48
43
42
42
46
36
48
42
39
43
35
40
47
43
39
33
48
44
52
40
47
46
52
46
50
41
40
38
47
53
30
47
50
33
46
41
39
50
48
30
49
49
48
49
44
37
61
32
39
45
36
41
54
53
44
37
61
63
43
57
34
38
49
39
44
44
42
50
52
50
47
40
48
39
57
66
49
56
55
39
43
42
44
46
49
47
59
50
49
54
57
51
47
55
60
47
60
46
41
47
43
61
61
51
43
58
55
43
51
61
51
52
57
63
50
64
53
44
73
52
44
57
67
70
59
57
50
51
55
46
47
73
52
60
56
56
58
64
53
50
52
55
70
45
61
56
52
61
52
57
51
72
53
49
57
53
51
59
57
64
52
50
51
66
62
63
62
76
65
57
60
45
56
51
47
66
57
45
60
57
69
55
64
53
57
56
55
45
49
71
57
51
60
67
61
54
57
69
63
47
69
50
69
48
49
44
66
63
69
55
68
63
54
64
55
52
61
57
49
64
57
54
65
71
64
62
65
58
60
62
72
69
73
52
46
46
64
58
56
42
56
67
63
56
66
55
52
59
50
59
53
62
72
69
48
57
62
62
51
54
53
51
64
59
65
53
66
52
45
62
63
54
54
50
57
43
64
57
48
46
53
57
57
61
50
45
57
39
58
38
48
65
66
65
59
61
59
70
54
52
65
62
55
54
56
64
33
39
60
64
52
61
60
44
50
43
43
42
45
65
53
73
48
39
63
44
49
45
43
54
50
48
35
47
59
34
43
44
44
55
50
54
51
49
45
38
38
60
43
54
53
42
39
46
53
45
38
47
49
51
45
31
44
41
39
49
37
46
41
41
35
42
46
39
42
43
48
55
40
40
35
49
40
28
41
33
33
39
40
39
36
35
35
35
36
40
39
37
30
31
36
32
40
35
35
42
23
39
35
46
30
38
29
27
32
39
46
36
32
25
27
27
43
39
43
29
22
33
31
35
25
44
32
26
28
37
27
31
38
39
32
27
35
44
37
23
36
32
24
32
30
42
34
31
31
31
29
27
26
27
27
26
22
24
25
35
30
26
29
32
25
20
35
25
25
32
23
29
24
22
33
23
22
18
30
24
30
22
31
21
23
25
21
26
26
25
23
25
19
35
21
29
28
23
22
16
27
32
17
28
17
21
27
18
20
18
29
21
28
20
36
21
18
26
22
18
27
23
27
30
24
20
14
15
24
24
22
10
17
18
22
24
13
23
18
28
24
27
23
30
19
21
26
23
21
24
18
17
28
19
20
29
21
19
20
16
27
12
16
21
18
20
25
15
21
20
9
14
18
25
16
16
16
19
26
17
19
21
24
19
19
19
21
21
8
17
12
9
19
24
20
20
17
19
15
15
17
24
14
17
9
22
18
11
16
15
23
21
25
20
21
18
24
17
19
17
27
19
13
16
26
25
21
12
60
62
73
68
78
71
77
77
82
77
78
72
84
94
62
68
56
87
72
58
69
69
62
91
70
62
83
64
88
75
70
60
69
63
79
81
75
81
66
69
81
69
73
84
75
77
82
65
72
50
70
74
57
57
66
81
60
62
62
70
70
56
70
82
63
70
64
49
82
72
50
73
68
66
61
68
62
67
67
49
56
59
64
62
63
64
64
57
56
63
69
58
57
61
65
54
52
66
66
65
53
45
44
57
55
58
72
53
64
55
52
55
54
58
60
50
52
55
65
48
61
45
64
53
53
61
58
57
36
51
37
49
48
49
47
57
45
50
57
54
60
58
55
50
33
45
38
54
37
52
44
55
49
45
43
54
41
44
49
46
48
51
49
40
57
39
32
51
56
45
43
69
38
41
47
48
52
37
37
40
33
47
38
51
15
