# Filename : TXT_Files/Acq14400sec_007.Chn
# MCA detector ID: 1
# Start time : b'04':b'04':b'22'
# Start date : b'30Sep221'
# No channels : 8192
# Live time : 716309
# Real time : 720000
# En cal factors A + B*x + C*x*x
# A : 0.0
# B : 1.0
# C : 0.00
0
0
0
0
0
0
0
0
0
0
0
0
0
0
0
0
0
0
0
0
0
0
0
0
0
0
0
0
0
0
0
0
0
0
3
2
12
45
227
384
387
383
411
404
397
418
463
456
452
451
461
469
408
424
454
441
429
471
507
465
438
487
482
478
462
464
440
466
502
475
451
496
482
475
477
517
511
455
505
530
509
476
540
500
525
513
537
556
557
536
546
592
559
527
597
557
560
584
543
608
581
634
655
588
637
651
656
632
636
683
700
713
653
706
677
656
711
707
716
747
709
721
743
777
734
772
779
775
784
794
795
810
814
797
794
775
828
883
789
815
806
857
828
839
834
813
799
837
765
815
837
810
787
833
801
804
786
803
824
777
774
802
792
737
759
773
743
768
800
798
778
755
737
782
805
778
789
859
815
824
820
805
850
802
844
852
841
850
879
802
809
896
853
874
877
899
862
882
874
949
950
981
950
986
920
982
925
961
995
990
1038
985
1043
988
1027
1007
1058
1051
1127
1096
1101
1101
1106
1118
1163
1102
1103
1151
1102
1172
1166
1164
1209
1210
1208
1236
1240
1189
1285
1222
1246
1285
1231
1285
1302
1304
1282
1301
1304
1334
1361
1290
1331
1330
1354
1370
1395
1389
1429
1505
1469
1485
1561
1481
1547
1529
1549
1538
1626
1573
1597
1564
1558
1545
1680
1606
1659
1700
1764
1692
1787
1733
1837
1695
1768
1843
1817
1826
1775
1854
1881
1867
1950
1868
1858
1892
1960
1887
2002
2074
2066
2016
1935
2063
2036
2137
2133
2049
2126
2215
2162
2172
2172
2274
2118
2168
2176
2313
2381
2310
2250
2297
2272
2406
2288
2349
2413
2322
2368
2397
2335
2369
2481
2412
2433
2534
2538
2446
2574
2558
2564
2574
2546
2568
2521
2672
2543
2710
2707
2608
2641
2668
2833
2743
2746
2835
2767
2796
2770
2886
2837
2712
2890
2903
2855
2916
3067
2946
3086
2993
3085
3010
3134
3019
3032
3088
3148
3171
3128
3167
3128
3218
3214
3152
3276
3189
3265
3330
3330
3361
3297
3378
3313
3353
3239
3353
3285
3282
3373
3198
3237
3273
3267
3380
3326
3346
3404
3320
3294
3420
3313
3411
3333
3358
3232
3271
3239
3303
3339
3236
3269
3182
3225
3295
3246
3236
3100
3243
3151
3204
3128
3115
3290
3065
3228
3171
3106
3234
3193
3143
3232
3246
3230
3178
3262
3200
3183
3198
3199
3169
3330
3280
3239
3224
3171
3304
3087
3284
3239
3277
3197
3201
3245
3295
3235
3279
3266
3238
3234
3201
3261
3248
3253
3151
3245
3103
3270
3279
3231
3105
3232
3229
3224
3174
3220
3150
3164
3267
3175
3029
3086
3235
3190
3248
3111
3163
3105
3117
3074
3154
3159
3046
3125
3103
3002
2989
3082
3121
3042
3146
3096
3091
3115
3100
3074
3045
3098
3031
3032
3097
3062
3010
3107
3031
3073
2979
2995
2921
3007
2931
2960
3014
3016
2983
2943
2988
2987
3003
3034
2893
2973
3014
3058
3009
2995
2965
2933
2933
2964
2952
3006
2935
3025
2904
3036
2922
3084
2883
2872
2848
2849
2926
2978
2790
2915
2888
2830
2946
2878
2921
2873
2866
2862
2955
2815
2869
2891
2923
2875
2848
2860
2867
2869
2950
2791
2854
2804
2832
2874
2890
2829
2805
2892
2755
2810
2868
2866
2834
2883
2809
2737
2850
2756
2849
2905
2841
2769
2787
2816
2790
2819
2869
2756
2673
2737
2780
2855
2783
2839
2825
2733
2756
2831
2778
2810
2807
2617
2775
2682
2717
2694
2679
2696
2673
2781
2687
2761
2711
2636
2732
2740
2703
2712
2702
2771
2552
2714
2639
2602
2591
2838
2590
2645
2644
2622
2672
2657
2709
2684
2604
2687
2646
2633
2662
2497
2607
2640
2676
2563
2617
2606
2594
2498
2659
2595
2608
2629
2553
2675
2564
2563
2533
2581
2541
2577
2650
2569
2610
2621
2487
2554
2506
2490
2523
2504
2554
2432
2505
2539
2458
2460
2420
2530
2515
2549
2437
2375
2502
2434
2403
2428
2400
2426
2429
2407
2445
2475
2476
2376
2460
2375
2412
2380
2353
2381
2353
2320
2309
2366
2329
2434
2364
2313
2352
2346
2263
2303
2404
2393
2300
2367
2341
2279
2376
2318
2365
2287
2254
2364
2282
2330
2212
2256
2350
2277
2259
2354
2305
2248
2348
2264
2255
2276
2232
2233
2198
2194
2253
2278
2262
2236
2269
2292
2280
2221
2277
2197
2238
2274
2263
2174
2193
2234
2232
2196
2288
2199
2199
2165
2148
2160
2190
2155
2129
2173
2115
2041
2149
2081
2125
2107
2181
2163
2244
2130
2145
2174
2084
2155
2135
2102
2153
2067
2155
2038
2069
2073
2107
2049
2052
2067
2077
2126
2086
2068
2064
2096
2028
2062
2090
2103
2025
2060
2048
2087
1976
2115
1895
1994
1953
2048
1989
2010
2026
2041
1992
1885
2015
1963
2017
1978
1875
1931
1970
1992
2000
1907
1939
1954
1946
1941
1977
1945
1909
1985
1911
1886
1992
1944
1872
1921
1906
1881
1897
1882
1821
1915
1873
1845
1910
1842
1840
1932
1892
1810
1860
1895
1819
1884
1780
1882
1833
1827
1861
1859
1825
1788
1854
1792
1840
1885
1817
1739
1776
1844
1862
1793
1768
1737
1793
1815
1846
1796
1769
1734
1730
1729
1776
1741
1788
1693
1775
1728
1834
1771
1743
1771
1732
1663
1782
1759
1708
1784
1706
1667
1723
1780
1697
1757
1756
1749
1716
1703
1750
1668
1754
1622
1644
1668
1711
1774
1721
1751
1660
1676
1660
1684
1725
1674
1642
1732
1697
1696
1648
1661
1642
1735
1645
1658
1691
1652
1671
1647
1640
1711
1709
1758
1816
1659
1707
1684
1686
1706
1598
1660
1617
1628
1631
1613
1670
1632
1585
1639
1690
1661
1602
1632
1668
1716
1573
1634
1591
1577
1660
1616
1565
1569
1671
1689
1560
1584
1574
1521
1551
1631
1523
1552
1575
1528
1585
1499
1576
1614
1566
1608
1530
1501
1521
1525
1601
1487
1517
1528
1573
1531
1514
1536
1548
1475
1510
1526
1512
1467
1478
1458
1488
1443
1429
1487
1472
1477
1449
1550
1452
1425
1416
1507
1415
1453
1425
1426
1438
1414
1466
1419
1496
1381
1381
1392
1431
1481
1399
1423
1407
1415
1445
1460
1377
1394
1429
1394
1424
1434
1439
1423
1382
1406
1392
1351
1401
1435
1384
1332
1340
1431
1333
1348
1391
1394
1427
1338
1396
1325
1325
1385
1383
1345
1344
1356
1379
1370
1325
1386
1411
1394
1311
1365
1362
1327
1319
1286
1263
1378
1312
1351
1362
1295
1330
1294
1298
1314
1301
1310
1295
1379
1355
1262
1365
1317
1236
1368
1309
1313
1242
1278
1250
1317
1282
1239
1235
1287
1228
1207
1278
1308
1256
1283
1285
1257
1288
1205
1215
1212
1261
1254
1229
1219
1281
1254
1274
1214
1224
1301
1223
1235
1270
1270
1268
1253
1249
1225
1184
1224
1231
1246
1215
1194
1220
1267
1229
1205
1230
1226
1271
1224
1282
1202
1203
1286
1187
1225
1234
1283
1230
1203
1319
1226
1312
1267
1236
1233
1298
1279
1189
1249
1215
1220
1241
1298
1194
1279
1319
1332
1210
1280
1278
1249
1285
1305
1284
1293
1254
1278
1300
1282
1300
1277
1331
1285
1277
1257
1259
1315
1306
1328
1233
1270
1339
1384
1290
1329
1327
1283
1303
1299
1371
1242
1317
1322
1355
1370
1309
1291
1224
1315
1277
1307
1268
1202
1273
1240
1320
1344
1313
1254
1255
1266
1268
1248
1312
1280
1289
1237
1239
1287
1248
1240
1214
1224
1198
1259
1277
1134
1228
1252
1218
1181
1173
1230
1202
1207
1180
1201
1226
1210
1214
1158
1139
1162
1133
1144
1146
1235
1116
1174
1088
1107
1105
1161
1051
1065
1124
1072
1071
1107
1016
1036
1057
1023
1106
1090
1002
1028
1016
1062
1019
991
995
1065
943
918
971
992
956
914
936
911
992
939
976
915
896
886
932
956
925
942
975
873
908
929
902
895
898
873
878
857
909
889
844
887
895
863
888
848
911
808
875
849
844
914
890
808
843
809
851
871
860
823
874
855
850
810
800
891
834
819
868
844
807
818
831
794
769
814
790
838
865
786
798
807
815
808
838
781
773
800
810
786
793
767
834
846
801
750
797
798
807
808
764
813
770
797
747
760
791
761
781
750
817
858
813
778
771
738
803
774
745
750
733
761
809
719
751
740
781
763
749
780
755
794
756
790
742
779
750
776
759
789
715
761
774
721
767
732
753
743
769
794
731
787
791
747
737
772
762
760
734
751
745
736
745
772
692
797
751
750
709
793
709
725
731
766
707
768
722
692
735
721
699
687
763
746
771
752
741
720
722
764
691
690
782
720
698
774
680
760
768
736
773
778
713
745
743
762
739
718
800
717
735
776
772
699
723
750
724
734
724
691
714
726
755
759
709
691
719
728
723
744
745
717
674
749
680
707
760
757
715
721
655
704
729
729
724
696
728
737
714
710
746
655
678
734
741
702
694
688
660
687
679
734
670
725
714
673
677
725
664
717
676
622
673
692
660
709
665
645
668
665
619
702
678
707
664
629
688
622
665
666
636
648
638
680
650
674
640
634
597
594
632
627
639
656
636
639
622
642
639
665
614
594
589
634
575
629
577
562
550
626
607
580
624
628
580
579
590
591
562
591
526
551
571
615
561
562
525
588
585
542
556
617
535
528
575
556
552
522
538
565
577
547
544
539
567
566
552
567
527
550
528
540
519
575
543
550
558
545
519
516
535
582
514
542
539
545
553
498
536
489
520
568
541
505
550
552
518
519
539
520
539
556
567
537
549
505
488
551
547
536
554
526
537
518
552
539
569
483
537
548
556
552
498
518
505
519
559
496
529
532
536
514
561
539
556
532
543
532
521
569
517
526
555
566
569
509
557
486
541
521
582
570
546
535
496
599
536
535
537
626
569
558
530
565
592
538
579
576
610
559
564
565
603
579
576
532
547
565
575
544
542
556
542
543
564
546
582
569
609
586
542
578
584
575
587
575
614
584
577
596
571
624
616
611
576
584
571
594
579
585
568
609
585
630
553
613
603
574
606
537
636
589
599
575
551
637
601
593
586
576
552
533
619
596
573
581
579
538
576
635
581
604
583
562
565
597
611
580
553
592
528
583
597
518
579
529
536
570
521
519
560
556
543
539
551
531
565
567
561
545
598
575
538
550
561
547
593
557
574
486
567
511
543
535
531
561
497
555
512
524
511
497
509
531
481
533
463
544
471
533
506
514
529
442
462
470
496
533
509
509
471
484
505
437
480
458
435
470
475
481
476
494
449
491
450
467
476
406
455
467
470
438
461
438
411
415
472
415
439
424
411
456
400
384
438
411
406
390
395
383
376
411
399
409
399
416
397
420
419
364
367
339
390
372
373
365
387
395
371
378
364
355
413
377
386
366
338
373
378
351
352
355
314
373
358
357
360
372
331
331
338
348
349
328
343
341
343
338
368
332
364
359
364
328
354
332
341
352
318
360
353
369
336
341
371
353
326
356
306
352
381
337
362
350
317
328
338
331
317
325
330
327
343
345
333
350
357
359
354
339
377
339
319
368
338
357
356
347
325
315
361
337
372
363
349
400
367
375
353
365
391
365
348
329
413
363
341
349
347
395
372
369
384
384
384
371
364
404
378
327
368
376
374
409
391
412
420
394
380
353
371
382
373
408
435
415
416
429
393
422
405
426
413
391
407
433
420
399
390
385
459
428
433
428
409
396
419
437
398
439
452
407
418
424
392
417
430
440
456
449
424
444
450
445
471
422
449
452
467
493
499
448
466
475
473
486
463
459
458
504
452
488
495
451
492
497
455
452
495
522
483
474
445
454
469
467
499
538
474
514
483
500
490
476
492
499
497
479
494
510
503
496
507
513
495
467
464
481
485
475
541
510
540
523
506
473
497
468
511
520
508
460
498
453
510
480
509
471
479
502
491
483
512
429
455
442
443
481
488
508
441
481
437
482
452
496
478
467
470
477
453
417
447
445
438
451
379
433
416
446
421
466
401
365
387
408
370
435
408
393
426
413
420
421
404
371
387
409
388
396
382
380
404
393
371
394
392
389
349
394
374
365
355
358
354
382
360
379
338
339
335
390
349
314
366
327
335
357
346
348
312
310
311
362
325
347
302
315
310
317
297
313
312
316
299
287
320
316
300
332
298
272
288
280
295
327
265
281
247
314
293
275
254
278
253
238
301
291
277
273
249
273
262
269
248
259
276
277
252
232
249
260
245
267
247
234
272
239
246
259
261
254
239
228
223
227
246
219
243
266
285
234
255
240
230
241
244
245
252
248
251
242
229
249
224
231
222
227
240
261
238
217
222
265
259
248
238
246
253
276
227
237
242
237
225
257
227
242
226
223
248
238
232
224
227
238
204
230
264
231
258
231
236
206
227
242
247
251
254
239
248
207
242
232
247
197
245
235
228
212
232
255
242
233
211
209
230
212
203
232
227
226
230
225
222
232
245
226
209
228
221
227
237
216
241
234
222
207
171
274
234
225
204
256
217
203
207
215
229
239
225
241
215
227
244
208
216
231
247
243
237
205
208
226
231
225
210
213
238
224
223
231
238
223
210
249
208
213
224
215
229
223
243
200
245
225
234
218
211
262
231
222
215
232
234
219
204
214
225
214
224
232
226
222
208
226
201
221
209
188
223
201
223
243
249
227
245
232
245
232
211
223
235
203
210
212
208
208
236
204
218
205
230
226
221
215
214
229
206
236
194
239
219
189
187
219
215
210
224
182
240
243
208
199
213
202
187
184
247
238
227
222
224
223
202
241
215
236
231
201
186
234
221
229
236
219
242
215
194
214
212
222
184
210
198
215
200
224
204
196
240
218
217
234
222
209
219
208
217
224
228
209
220
228
207
205
247
185
216
226
213
243
206
190
239
211
212
214
175
223
202
198
223
199
256
214
203
218
200
203
249
206
200
229
225
217
212
215
225
214
218
213
246
215
198
219
206
216
227
229
231
203
199
234
229
203
225
199
255
201
230
193
205
234
220
218
246
222
221
220
223
242
223
219
231
214
220
204
191
199
219
220
209
207
198
205
193
212
210
236
219
230
192
198
202
208
191
187
205
198
221
191
198
203
197
200
235
212
243
190
219
220
231
226
216
179
216
218
220
213
207
194
219
216
211
213
193
197
217
205
207
207
202
197
182
237
217
212
194
224
229
183
220
217
184
213
208
188
183
189
202
207
207
208
187
223
198
213
200
216
206
198
198
196
204
205
220
185
179
182
186
209
191
167
209
212
188
187
188
192
203
225
184
187
174
194
184
207
205
182
177
196
199
155
174
206
207
186
177
188
175
172
209
199
202
196
153
177
196
172
192
180
194
184
196
157
183
192
164
185
175
197
181
181
188
157
190
191
177
190
187
164
165
187
181
173
188
171
188
162
174
161
167
188
163
171
182
167
183
166
160
180
171
171
175
172
189
167
168
170
200
195
168
175
178
184
175
166
163
170
189
154
187
196
173
192
155
182
160
167
189
183
169
171
162
190
186
176
188
201
171
180
164
193
179
174
177
175
176
203
182
171
175
185
176
190
187
177
186
178
166
184
177
189
204
198
171
178
192
177
184
162
175
188
162
180
171
192
226
190
183
193
165
185
201
181
172
162
195
177
187
184
175
174
219
173
210
202
191
177
171
192
193
200
189
202
223
196
212
217
200
195
194
203
190
217
205
195
234
205
211
193
216
215
211
232
198
200
205
218
186
212
190
225
205
211
202
230
206
214
240
214
182
197
216
214
202
235
187
219
244
227
217
223
221
204
233
195
222
217
220
203
225
233
239
216
235
215
213
222
229
234
230
210
238
239
246
210
238
218
187
243
230
236
282
215
218
257
272
235
215
223
265
247
253
226
220
269
229
224
265
207
258
251
236
236
234
235
225
256
253
222
265
225
254
266
233
249
255
271
253
236
260
256
232
232
251
259
237
274
258
228
273
281
253
244
268
254
255
249
276
286
256
270
263
273
243
240
249
254
228
276
280
282
259
266
223
255
250
236
261
258
245
247
243
231
276
255
259
253
284
260
293
249
275
272
269
277
279
285
269
249
250
262
285
262
284
258
274
245
280
252
265
252
284
288
258
252
279
268
263
287
269
267
278
249
275
242
270
263
286
298
283
259
261
267
236
258
242
251
262
254
283
263
258
272
282
267
226
277
265
268
261
267
245
263
263
255
267
276
266
265
269
249
278
251
266
260
259
246
237
241
279
259
271
242
261
267
250
250
278
210
286
244
245
243
273
279
251
253
226
258
208
245
269
220
223
250
234
249
251
252
242
219
242
225
207
244
251
246
236
243
220
239
225
228
252
205
239
229
214
241
222
228
178
240
217
241
220
205
202
221
188
201
200
196
215
218
192
216
203
200
221
210
214
202
191
218
191
195
205
184
196
215
180
196
164
189
197
190
186
209
164
181
206
195
203
195
205
187
185
183
168
147
150
171
165
182
172
187
156
154
175
172
190
171
175
178
166
174
170
156
156
138
167
161
138
160
148
150
158
150
144
159
144
158
167
151
156
155
134
149
147
138
134
144
159
145
158
145
145
158
165
143
130
120
158
138
137
135
131
140
150
128
135
146
130
149
141
144
117
124
142
115
149
110
122
147
146
131
129
124
117
125
121
117
125
137
127
109
116
116
117
125
123
127
114
131
125
151
128
141
118
102
129
135
108
110
120
137
127
116
121
133
117
131
113
104
111
113
114
122
115
127
112
95
100
100
127
103
105
137
111
92
132
133
119
116
110
117
109
126
106
112
114
117
106
128
104
123
88
101
110
102
118
101
111
113
110
120
111
111
130
117
114
115
122
113
101
124
114
101
104
119
115
111
118
104
109
101
113
118
121
129
98
124
119
97
110
109
111
108
102
106
108
108
110
104
124
115
119
96
123
117
116
105
91
103
123
127
101
115
111
89
113
105
110
119
104
117
115
101
122
115
101
99
108
109
98
106
95
115
115
92
102
120
118
107
95
107
100
99
103
115
107
93
99
130
97
92
110
115
112
107
98
97
95
89
114
108
94
86
82
98
87
91
110
95
91
117
105
91
122
105
113
92
117
108
100
122
86
101
105
101
100
115
102
99
90
98
103
113
110
95
105
106
106
110
95
98
98
87
105
99
93
96
86
110
112
90
97
91
87
111
90
92
97
112
89
103
78
118
111
123
96
111
107
87
109
102
92
105
114
102
80
91
102
94
98
103
93
101
93
89
103
108
96
91
81
105
85
108
92
110
95
95
105
102
112
102
115
106
98
101
102
117
113
95
98
121
104
105
79
105
94
105
102
109
95
90
104
91
94
112
100
115
114
112
104
96
93
100
86
103
80
97
100
100
119
84
75
88
96
92
96
94
119
116
120
100
107
92
114
106
93
95
99
88
102
103
101
98
88
110
92
121
112
86
89
112
107
109
96
99
112
98
105
124
105
103
105
85
94
107
94
83
99
98
99
101
98
93
101
98
84
109
98
87
118
106
101
101
94
96
91
105
104
102
109
102
96
92
109
99
102
104
89
84
104
103
141
83
105
106
110
95
100
97
75
121
115
104
86
90
115
95
111
87
118
108
103
115
114
113
94
99
100
107
108
102
107
103
108
110
88
107
109
100
94
94
108
96
94
113
98
95
109
103
110
103
104
86
124
101
96
109
108
89
106
97
102
105
95
86
94
99
94
112
88
88
102
100
101
78
96
116
87
118
107
107
95
96
101
87
93
102
86
117
109
85
117
101
110
95
91
95
99
94
93
87
95
92
92
91
96
95
96
111
93
132
87
80
63
91
95
92
78
105
107
104
89
96
105
88
114
94
107
85
93
91
101
100
99
78
93
111
95
102
86
102
90
105
109
100
101
98
108
115
103
85
94
102
86
97
93
87
100
103
109
89
90
90
87
81
89
93
103
90
100
83
101
101
100
100
94
109
108
88
82
98
108
89
76
96
103
107
92
101
102
122
96
92
108
87
80
101
102
88
101
88
95
114
82
92
104
105
81
97
94
97
104
80
110
96
102
91
108
87
115
114
82
83
83
99
116
87
95
84
92
108
99
104
100
95
89
80
107
91
98
90
95
101
85
109
102
82
91
104
97
96
110
107
108
100
85
99
103
83
88
94
78
109
83
106
99
95
99
124
116
103
113
102
107
111
88
90
97
96
94
87
106
102
85
94
83
73
100
96
109
104
99
97
76
97
96
87
105
99
99
87
90
100
103
91
106
95
92
82
92
101
100
96
107
82
82
91
87
103
89
92
88
86
92
80
90
91
99
107
92
94
91
91
100
90
89
105
89
80
95
83
115
97
96
95
96
97
98
112
98
102
83
97
79
71
100
105
81
82
73
99
91
93
99
85
83
93
113
84
95
82
88
97
88
101
97
85
96
68
93
100
106
95
82
101
85
91
97
87
73
85
99
74
97
80
77
94
96
90
100
82
86
94
76
68
91
100
95
86
82
79
83
92
100
82
100
108
87
91
93
99
71
86
87
91
70
89
71
83
85
81
68
71
83
91
95
86
84
87
89
84
91
82
83
72
89
52
79
67
95
81
87
90
84
90
79
72
69
75
91
86
90
71
85
92
76
68
72
92
83
92
75
80
82
85
76
60
86
70
66
69
72
79
72
92
81
83
84
70
83
74
81
89
77
92
64
79
82
77
70
87
81
82
82
67
79
69
66
76
79
81
81
94
86
72
82
69
91
69
55
93
69
68
81
72
86
71
81
66
73
67
93
93
71
69
71
92
86
87
56
70
69
72
85
65
83
63
70
73
74
79
56
74
76
83
80
80
80
75
85
73
76
76
75
81
72
66
67
77
78
87
88
69
88
72
72
77
79
86
82
83
69
79
91
71
71
78
84
79
82
72
69
60
90
74
70
67
78
82
76
71
72
77
82
66
81
78
77
61
60
66
76
68
69
68
77
71
105
88
66
78
75
79
66
69
85
73
69
79
76
85
76
75
74
71
79
72
91
59
76
74
74
55
74
79
90
71
69
69
68
64
69
65
51
73
79
75
87
65
83
63
71
86
77
77
78
92
82
94
75
88
69
78
78
60
64
72
80
64
69
68
96
72
75
72
79
65
90
75
64
62
72
77
66
102
76
67
55
60
76
81
79
76
71
87
78
83
72
77
73
66
73
73
76
76
66
73
69
64
87
62
76
70
70
84
90
80
71
73
71
78
62
83
72
70
100
93
63
77
80
63
75
87
78
75
83
82
70
72
78
81
93
80
73
77
84
75
74
71
78
79
63
67
71
77
101
72
63
80
72
82
70
72
80
70
88
63
88
72
79
78
91
67
81
62
69
63
78
61
80
79
80
74
80
76
75
81
65
98
86
56
94
66
70
77
86
70
95
79
83
80
72
84
91
63
66
71
82
83
66
76
78
76
94
91
79
76
76
67
80
83
68
74
94
68
82
94
84
81
79
80
86
92
74
92
67
87
107
73
89
94
84
77
93
72
81
74
96
69
74
65
85
82
65
85
85
69
72
88
86
89
97
111
77
84
81
84
95
78
65
90
94
87
84
87
102
78
104
99
102
85
71
83
85
87
99
77
87
93
93
75
80
91
82
82
102
75
69
88
90
108
83
96
88
91
96
87
83
84
79
92
84
87
96
86
90
100
93
96
110
94
72
91
95
92
92
95
103
95
85
99
79
111
94
86
93
81
89
76
85
103
102
97
99
95
125
84
91
84
91
99
106
90
85
99
104
99
94
114
92
100
103
103
109
89
111
106
95
87
92
101
81
105
99
99
89
83
117
95
90
94
99
92
97
96
84
86
107
90
103
106
93
95
91
90
81
77
94
103
95
86
95
80
93
87
101
100
86
114
106
97
95
98
100
91
92
89
82
97
71
101
91
102
90
106
114
108
94
94
92
97
97
105
94
116
102
85
82
111
80
85
106
89
93
110
100
88
86
91
93
97
83
93
97
87
111
70
75
104
86
87
87
82
100
77
92
93
84
78
90
98
83
92
89
118
92
71
89
76
91
109
100
103
85
89
97
98
83
80
84
94
80
80
97
91
98
99
77
90
87
85
93
85
78
78
65
104
90
76
86
92
92
107
92
75
75
103
88
89
83
97
88
81
80
92
84
92
83
85
94
88
70
88
94
90
106
87
91
78
84
97
98
68
79
70
91
87
74
94
80
90
66
81
84
71
85
80
79
84
76
79
69
90
81
92
72
78
75
66
82
75
72
68
94
80
87
90
95
86
80
70
78
92
80
94
69
78
76
84
78
99
72
81
92
83
77
87
83
78
83
85
69
86
81
89
83
82
84
81
69
89
78
53
89
68
75
74
92
75
81
88
72
75
70
96
71
86
96
75
84
92
86
70
75
89
85
92
83
83
91
67
84
75
87
92
84
79
87
72
93
79
77
82
62
66
86
79
65
81
69
75
95
86
77
76
56
74
76
66
68
77
92
78
67
73
68
83
70
86
89
62
93
81
80
78
102
83
82
77
68
76
75
64
67
69
67
63
61
78
80
70
84
80
90
66
69
74
68
74
77
72
78
77
70
84
60
64
64
86
67
71
80
64
83
73
67
55
67
66
67
75
67
65
70
82
83
62
75
72
71
72
55
75
82
59
66
63
86
66
74
71
79
79
68
67
56
62
58
64
70
57
56
81
69
71
69
60
70
55
67
72
60
69
64
61
63
53
60
57
66
58
62
48
68
48
62
53
62
61
52
63
51
65
69
64
60
56
57
62
56
66
65
57
61
64
52
69
50
52
50
56
63
52
64
61
53
58
72
61
53
67
39
55
52
46
61
40
56
56
59
61
52
62
57
62
60
53
49
50
63
57
56
59
56
61
47
49
62
47
58
71
45
49
50
54
59
58
46
65
48
54
47
49
49
57
55
62
40
52
47
43
53
40
54
43
43
39
50
51
57
53
46
52
39
47
64
63
38
55
54
56
46
53
49
55
54
63
59
47
49
49
40
41
51
50
42
51
40
52
45
45
51
41
42
38
47
38
51
62
35
45
39
54
63
55
52
42
45
47
44
45
43
54
52
43
48
49
44
34
37
40
53
44
41
38
49
42
50
43
49
54
37
39
49
39
45
46
42
40
42
38
54
52
37
51
42
53
38
44
55
50
37
51
50
50
44
49
47
54
39
34
37
54
42
45
34
35
38
39
55
45
34
51
53
43
45
38
42
43
35
35
29
51
51
36
39
44
36
43
49
44
50
38
47
42
41
46
45
42
36
43
35
50
45
50
45
35
42
42
39
41
55
45
45
53
39
40
41
40
36
41
40
36
43
43
47
45
39
43
39
51
43
44
46
46
36
51
40
43
49
32
47
40
57
43
39
32
36
39
33
28
40
40
48
32
55
42
37
48
39
41
45
41
45
38
47
58
49
46
45
50
52
40
45
46
42
36
43
43
39
46
56
38
38
54
51
39
45
55
43
42
34
42
39
42
39
39
39
36
40
48
50
35
49
41
49
48
43
36
47
38
32
44
52
45
42
50
56
42
52
52
43
36
47
31
45
52
39
38
42
33
43
45
47
46
43
53
45
42
38
48
43
34
46
42
43
36
44
36
38
42
38
38
59
51
48
46
39
52
49
59
50
46
39
45
62
51
46
45
47
39
40
47
49
46
42
47
47
46
34
46
49
43
44
41
31
47
45
46
58
37
42
46
43
40
47
46
55
42
48
45
56
47
50
41
46
51
43
47
47
50
41
46
50
53
42
35
38
47
46
45
44
56
49
50
46
43
51
46
46
42
43
52
46
55
48
55
55
44
58
54
52
45
48
47
62
47
61
32
39
42
51
62
52
48
49
38
52
56
40
52
64
55
47
56
52
51
50
51
62
50
45
58
54
63
46
51
40
61
48
59
48
55
66
47
42
60
47
52
35
54
71
72
63
57
56
60
68
41
39
56
63
48
54
42
56
60
50
53
42
57
52
69
44
57
53
63
63
62
52
67
54
59
51
56
63
66
62
63
47
63
46
59
54
54
73
77
54
55
49
56
54
69
47
49
58
46
67
58
53
54
64
60
57
56
53
54
63
54
60
56
52
72
68
53
64
68
76
42
68
60
58
58
56
62
49
70
72
65
63
55
63
51
58
60
56
54
55
64
50
80
57
59
59
56
65
73
69
64
59
62
70
75
51
67
62
57
54
66
88
67
66
54
60
60
63
61
67
81
49
64
63
66
68
58
74
57
51
56
68
66
60
58
58
62
49
59
64
69
59
65
45
68
48
82
62
51
57
67
78
56
45
56
63
67
63
68
69
63
58
55
75
68
57
54
57
41
73
50
50
58
62
78
62
59
62
59
58
41
53
51
65
56
43
59
51
53
61
69
55
56
48
56
52
58
58
53
55
53
57
50
59
56
65
52
66
55
52
51
47
68
51
61
81
63
46
53
55
56
59
62
67
63
50
48
58
68
47
54
58
64
62
56
55
46
47
62
45
49
47
45
47
60
54
62
48
52
56
42
47
57
48
46
45
44
43
54
41
60
47
41
56
48
57
49
38
45
48
41
47
40
40
42
37
53
49
43
53
48
48
47
53
48
52
48
53
53
45
56
47
48
48
38
38
53
49
47
50
36
40
46
44
43
40
37
50
45
50
57
41
45
41
55
42
45
43
48
33
47
41
58
43
30
35
64
56
38
49
41
45
52
55
45
36
40
34
47
39
40
49
43
43
39
40
48
41
42
37
41
35
33
47
45
46
50
36
47
49
45
31
36
44
40
44
54
38
37
33
39
45
43
46
35
44
43
31
41
44
47
45
32
32
38
38
44
37
42
33
47
35
42
44
40
36
31
32
32
37
37
38
38
50
37
34
38
42
40
37
49
47
54
41
50
46
33
47
35
48
37
38
35
38
41
39
36
40
40
37
42
32
40
30
34
39
43
52
40
42
35
33
32
43
32
39
43
33
33
49
43
43
29
41
33
33
32
32
41
36
33
42
43
30
31
36
46
31
29
31
40
43
36
29
39
33
42
29
38
50
50
42
32
32
34
44
37
35
37
42
34
36
35
25
35
24
41
48
38
40
38
43
32
39
42
44
44
35
38
40
46
28
39
43
27
26
29
40
37
38
44
28
28
33
26
40
34
32
37
29
42
52
34
41
49
36
39
29
39
29
35
31
37
39
29
33
33
52
43
40
42
46
42
44
38
23
39
35
35
48
32
34
47
34
40
33
27
38
36
34
34
35
43
33
34
35
37
37
36
35
43
37
40
42
34
44
37
51
37
39
33
39
52
37
43
43
31
31
29
33
44
45
29
38
40
33
45
36
35
30
34
32
43
46
35
28
27
26
29
47
33
35
34
30
40
35
36
49
27
29
37
35
34
31
39
36
43
36
28
33
31
37
38
28
41
51
48
36
43
26
34
39
28
24
36
33
31
35
31
34
27
40
45
42
41
44
36
41
35
41
35
32
36
29
33
38
49
36
46
30
39
38
40
29
32
37
36
33
42
36
38
40
47
30
32
28
32
36
39
42
25
37
36
35
28
39
39
35
28
39
40
41
41
28
46
32
27
40
34
50
23
41
26
40
34
38
28
42
33
34
45
41
39
28
36
23
40
33
38
40
39
34
29
35
41
37
39
34
48
31
29
28
40
36
41
28
36
36
29
42
27
35
40
27
32
35
37
30
34
40
45
33
40
39
54
34
37
32
34
34
41
38
36
52
30
38
31
51
42
31
41
21
38
37
32
41
32
36
37
43
24
30
29
43
22
39
44
33
42
25
30
40
39
35
38
42
36
41
23
35
35
38
38
35
35
41
38
26
37
32
37
37
31
35
35
45
30
30
28
46
33
32
37
24
35
21
37
31
30
31
37
33
28
26
33
34
39
27
32
33
33
43
29
32
46
46
34
31
36
35
26
42
38
33
32
35
42
24
33
23
24
22
24
25
34
35
36
36
26
26
29
46
23
36
33
38
31
38
38
32
38
29
37
33
32
35
25
30
32
38
31
34
28
33
27
38
33
37
30
36
33
33
30
33
29
31
26
44
27
34
25
26
43
35
32
39
32
37
30
33
34
37
25
20
41
21
36
31
37
31
22
34
20
34
34
37
30
27
29
25
32
37
30
30
33
27
31
25
35
42
30
29
35
20
28
27
26
28
33
26
24
36
28
26
30
33
31
39
36
27
30
35
21
19
27
32
23
33
30
22
30
34
29
26
26
28
24
22
29
32
30
34
31
20
24
35
12
17
30
31
32
37
36
28
41
28
22
27
34
29
19
42
23
30
25
23
20
34
21
26
25
25
30
33
34
23
28
26
14
28
28
25
31
26
23
27
27
21
22
14
26
24
25
27
35
28
24
24
23
26
16
27
25
25
19
33
39
32
28
22
33
19
28
29
20
28
24
27
24
16
37
16
26
35
34
27
37
23
36
27
27
19
27
24
23
34
25
38
23
31
24
17
27
25
31
24
20
20
19
33
24
31
32
33
23
26
20
27
24
31
19
22
27
29
25
21
29
25
26
21
33
30
24
26
25
28
24
30
21
22
24
29
18
21
29
28
25
22
25
26
32
23
28
28
18
36
23
31
27
29
35
31
30
26
33
31
25
27
32
22
27
18
30
35
30
30
21
28
24
24
19
20
21
15
19
19
28
28
24
19
26
29
33
30
27
17
32
28
24
30
26
31
32
28
21
25
27
31
31
18
24
30
30
20
23
28
26
29
35
17
36
34
30
32
30
33
27
33
31
24
20
28
33
22
34
33
22
17
24
26
23
17
18
27
21
26
24
26
30
24
22
32
27
29
25
35
27
19
31
26
34
19
22
26
32
34
25
25
28
35
37
28
29
26
32
31
27
38
33
26
32
17
29
28
36
24
31
24
23
25
22
28
35
37
29
33
25
30
37
24
25
30
26
34
36
30
23
20
31
21
21
28
30
15
18
21
26
23
24
26
29
25
24
25
28
28
29
22
30
30
37
31
27
27
26
40
31
34
27
20
27
23
29
26
31
30
30
22
12
31
35
28
36
24
37
25
33
33
32
25
28
26
29
23
24
24
31
26
25
30
21
38
25
33
29
25
29
46
38
33
30
47
30
33
27
21
44
29
29
32
34
27
20
29
38
29
28
41
28
47
30
30
29
37
35
36
43
31
24
29
34
30
35
25
26
30
43
33
33
34
41
29
36
23
37
23
34
27
30
31
35
29
40
31
30
33
33
33
32
21
33
35
40
15
33
24
27
44
31
24
36
32
32
35
42
42
28
34
30
35
29
39
35
39
33
32
33
34
32
26
43
39
24
30
35
31
32
20
18
31
34
26
33
26
38
24
41
31
29
30
40
31
36
32
40
46
41
33
35
39
35
36
28
27
37
35
25
24
41
42
32
34
28
24
17
28
31
29
34
34
39
37
40
43
30
32
38
38
26
31
37
36
49
30
29
31
36
40
33
27
45
33
41
32
44
50
36
44
27
31
38
36
40
33
29
37
27
40
37
42
41
51
39
22
38
44
36
34
40
32
32
40
35
48
40
37
37
46
39
42
39
35
30
30
38
38
39
38
35
40
37
35
36
39
32
33
35
29
36
29
38
39
41
38
34
41
39
38
33
44
43
35
35
37
34
37
46
41
31
35
35
42
43
35
48
37
47
36
44
44
33
38
40
52
34
38
34
31
33
43
33
39
42
44
41
39
45
43
41
55
39
47
38
46
41
51
36
52
45
52
39
47
45
42
38
48
57
47
36
36
50
43
50
44
34
39
47
30
37
53
46
41
60
37
49
54
48
53
47
49
45
50
36
48
54
39
61
54
50
43
53
53
60
50
47
54
49
52
44
54
51
43
45
46
47
46
50
43
48
57
59
46
44
54
47
66
35
61
52
58
43
63
59
48
56
50
53
61
61
62
63
49
48
63
61
50
58
52
54
48
56
49
48
53
46
53
51
66
62
55
60
61
62
48
71
64
71
60
64
52
61
55
77
47
60
72
71
50
54
56
59
45
60
54
60
54
62
57
51
54
54
49
51
54
54
52
56
67
58
71
55
57
60
47
58
58
49
57
55
75
57
63
68
49
54
60
60
70
48
48
67
58
53
53
72
59
68
47
55
60
59
71
58
48
57
56
77
52
54
50
70
47
58
58
63
57
46
64
53
46
53
62
53
56
68
65
58
56
67
65
61
75
55
64
62
63
58
51
76
56
55
71
56
49
55
50
60
52
65
59
65
48
61
66
65
57
61
62
50
69
53
49
55
50
52
55
57
56
44
49
58
60
57
55
61
51
49
44
56
54
53
52
56
53
58
63
63
45
57
62
58
59
60
67
42
54
52
52
55
61
44
60
60
49
53
43
66
54
50
48
55
47
54
57
44
53
53
51
54
57
46
39
44
45
66
47
45
61
42
48
51
57
49
55
43
42
43
45
49
40
45
59
43
48
39
49
27
44
50
44
38
39
45
46
33
42
44
41
44
38
40
49
50
50
36
36
49
37
49
46
40
36
34
43
32
50
38
43
55
37
41
29
54
39
52
45
29
33
46
37
48
41
23
35
33
41
33
30
34
37
31
46
41
43
44
33
40
40
34
47
38
36
29
31
39
28
37
39
35
34
40
26
36
41
38
32
31
29
31
37
26
34
28
28
37
27
32
33
40
45
41
39
35
35
27
31
30
23
35
30
39
33
26
28
28
35
24
32
30
26
31
26
36
23
30
21
33
27
26
25
19
36
25
30
28
34
33
32
32
25
27
28
25
33
27
30
27
36
35
21
23
26
20
24
21
32
23
19
25
31
27
31
27
20
36
33
26
20
28
24
27
34
20
22
15
25
29
17
21
26
25
22
27
24
15
26
25
30
19
26
26
22
17
24
19
17
12
18
23
16
20
26
29
14
22
24
20
19
15
17
28
11
19
16
15
22
21
18
20
23
20
19
14
17
16
19
19
22
22
23
24
25
16
20
21
24
18
19
29
14
15
13
24
17
16
23
26
14
22
24
16
26
20
25
14
24
22
18
16
17
23
28
29
17
13
14
18
12
18
26
18
16
17
29
16
16
16
21
19
22
50
83
88
76
84
75
68
80
85
87
91
74
86
73
80
75
71
72
96
79
68
67
63
80
76
81
80
59
66
59
68
76
83
78
64
75
76
58
66
77
67
67
72
76
69
70
63
67
67
64
54
72
53
71
55
71
67
67
67
68
61
69
63
63
49
62
46
84
47
76
66
70
63
59
65
55
60
69
67
62
54
62
76
56
72
52
48
57
55
57
59
63
54
64
69
60
67
61
52
48
56
73
67
62
46
45
54
62
56
55
42
52
69
72
56
55
64
49
64
43
56
46
52
44
50
51
73
66
43
51
47
47
55
57
36
63
42
41
41
48
63
59
55
48
50
56
51
44
63
40
57
43
52
62
52
38
58
45
47
38
38
41
29
40
48
35
42
50
51
41
47
40
39
48
45
40
51
40
51
48
38
41
43
50
20
