# Filename : TXT_Files/Acq14400sec_010.Chn
# MCA detector ID: 1
# Start time : b'16':b'16':b'03'
# Start date : b'30Sep221'
# No channels : 8192
# Live time : 716332
# Real time : 720000
# En cal factors A + B*x + C*x*x
# A : 0.0
# B : 1.0
# C : 0.00
0
0
0
0
0
0
0
0
0
0
0
0
0
0
0
0
0
0
0
0
0
0
0
0
0
0
0
0
0
0
0
0
1
1
4
1
12
79
222
369
393
411
421
437
419
433
386
479
447
432
467
496
429
454
483
454
453
447
477
448
407
460
445
480
456
443
466
495
464
495
499
489
493
475
513
522
510
490
484
505
496
519
511
527
567
474
538
548
549
553
565
578
563
568
556
597
562
608
615
604
585
616
631
621
610
668
638
655
667
659
682
656
682
689
646
691
698
739
706
725
717
771
726
718
731
725
754
796
775
788
786
831
756
770
823
772
884
809
814
830
800
862
813
832
802
812
829
889
771
814
844
820
800
792
810
768
782
777
769
777
814
742
788
804
779
804
772
822
784
754
766
767
778
797
827
768
769
817
778
745
826
789
879
841
798
822
857
844
886
819
867
820
864
899
924
921
865
890
942
896
912
912
907
959
984
952
1013
1003
939
922
1010
917
1036
1050
1045
1051
1009
1089
1026
1060
1169
1172
1095
1147
1115
1104
1128
1134
1147
1140
1161
1159
1197
1204
1207
1144
1163
1182
1216
1233
1211
1305
1227
1273
1273
1276
1418
1296
1347
1342
1343
1401
1328
1328
1383
1361
1431
1362
1417
1412
1458
1500
1430
1457
1461
1550
1525
1514
1532
1575
1566
1594
1590
1636
1688
1581
1697
1701
1699
1675
1717
1765
1721
1835
1768
1694
1781
1775
1868
1878
1936
1816
1962
1956
1911
1976
1999
1980
2022
1947
1986
2116
2033
2106
2120
2041
2099
2156
2122
2190
2173
2061
2185
2313
2133
2270
2245
2239
2262
2299
2318
2267
2290
2398
2292
2294
2341
2319
2410
2329
2396
2400
2404
2410
2402
2431
2481
2505
2540
2581
2549
2479
2496
2563
2642
2688
2751
2718
2629
2664
2715
2619
2576
2712
2671
2730
2800
2805
2845
2918
2809
2867
2919
2838
2831
2949
2931
2982
2910
2956
2993
3104
3066
2933
3140
3064
3138
3056
3200
3112
3184
3209
3107
3284
3246
3259
3243
3282
3322
3372
3261
3245
3277
3292
3356
3331
3398
3271
3261
3349
3294
3446
3354
3373
3291
3214
3311
3275
3384
3299
3293
3345
3418
3297
3123
3306
3314
3387
3241
3259
3269
3286
3277
3171
3245
3245
3227
3188
3159
3239
3187
3240
3215
3062
3104
3213
3205
3182
3242
3155
3194
3186
3255
3167
3220
3165
3258
3165
3225
3180
3184
3160
3185
3138
3123
3170
3174
3247
3264
3171
3096
3164
3277
3294
3259
3215
3268
3168
3263
3193
3177
3242
3192
3152
3294
3183
3153
3229
3151
3216
3151
3226
3135
3246
3080
3177
3219
3133
3193
3205
3121
3055
3150
3027
3103
3233
3060
3101
3153
3144
3091
3155
3036
3062
3158
3140
3033
3081
3114
3111
3098
3072
3109
3023
3035
3087
3077
3052
3009
3054
3061
3010
3010
3084
3110
2946
2919
2972
2964
3004
2980
3087
2935
2919
2939
2989
2942
2967
2881
2915
3081
2966
3078
2960
3058
2913
2973
3016
2961
2986
2952
3070
2838
2799
2943
2883
2914
3080
2946
2973
2849
2905
2884
2904
2862
2893
2792
2932
2909
2904
2899
2901
2823
2876
2892
2951
2834
2816
2920
2872
2804
2941
2879
2878
2871
2795
2851
2678
2857
2890
2828
2902
2890
2759
2882
2923
2729
2850
2760
2825
2848
2844
2825
2820
2874
2839
2752
2814
2783
2699
2771
2721
2791
2770
2850
2745
2737
2779
2755
2821
2757
2748
2860
2828
2681
2709
2796
2733
2798
2699
2675
2708
2796
2713
2666
2659
2693
2765
2727
2704
2715
2702
2725
2776
2753
2736
2667
2569
2652
2718
2706
2789
2627
2624
2560
2651
2577
2665
2647
2591
2578
2586
2593
2602
2600
2611
2612
2618
2675
2556
2648
2666
2650
2555
2663
2482
2575
2615
2591
2672
2534
2599
2578
2547
2504
2662
2592
2513
2506
2551
2613
2542
2534
2589
2576
2579
2522
2481
2539
2434
2482
2386
2501
2407
2459
2486
2483
2456
2445
2455
2522
2395
2366
2458
2391
2332
2305
2356
2449
2425
2487
2436
2447
2272
2360
2372
2396
2323
2313
2350
2413
2327
2306
2352
2391
2323
2335
2321
2279
2365
2317
2349
2250
2371
2301
2386
2326
2331
2268
2233
2242
2209
2182
2227
2235
2321
2307
2269
2303
2279
2292
2232
2276
2262
2276
2287
2226
2265
2250
2289
2181
2243
2298
2210
2173
2232
2254
2255
2192
2218
2148
2233
2228
2250
2184
2176
2217
2241
2185
2188
2134
2111
2072
2105
2267
2100
2126
2095
2117
2146
2207
2143
2073
2143
2145
2110
2132
2111
2078
2114
2079
2025
2151
2049
2124
2117
2149
2096
2086
2047
2106
2158
2061
2058
2029
2029
1957
2030
2058
1953
2058
2022
2004
2001
2143
2030
2040
1994
2056
2071
1944
2028
2042
1990
1997
2028
1926
1950
1954
1860
1970
1947
1970
1949
1982
1928
1893
1903
1905
1964
1846
1923
1978
1949
1953
1866
1940
1938
1914
1930
1881
1822
1925
1914
1864
1891
1845
1932
1900
1911
1894
1832
1858
1846
1740
1779
1775
1907
1863
1838
1829
1812
1833
1827
1846
1794
1818
1840
1804
1822
1801
1838
1803
1739
1845
1814
1717
1826
1848
1757
1698
1810
1795
1790
1747
1744
1780
1732
1742
1784
1842
1794
1819
1719
1678
1677
1722
1738
1754
1786
1725
1692
1719
1738
1732
1742
1696
1729
1736
1712
1688
1704
1712
1800
1677
1727
1726
1615
1727
1568
1712
1695
1687
1677
1721
1743
1686
1667
1757
1659
1620
1712
1662
1612
1666
1727
1650
1631
1682
1648
1721
1640
1731
1604
1611
1655
1637
1638
1597
1614
1656
1633
1665
1746
1687
1699
1594
1622
1558
1593
1634
1611
1590
1616
1581
1591
1631
1612
1577
1617
1666
1603
1643
1622
1557
1645
1600
1600
1531
1648
1542
1588
1507
1679
1499
1616
1599
1597
1525
1560
1541
1577
1578
1499
1576
1574
1557
1527
1530
1520
1574
1534
1539
1535
1493
1525
1446
1481
1457
1460
1563
1471
1460
1564
1480
1419
1472
1528
1408
1465
1488
1525
1517
1520
1506
1437
1457
1417
1377
1386
1351
1399
1417
1437
1399
1466
1454
1371
1442
1446
1417
1408
1459
1367
1374
1390
1421
1334
1398
1448
1362
1400
1353
1385
1349
1355
1382
1334
1320
1364
1396
1278
1393
1364
1383
1326
1334
1342
1338
1340
1368
1342
1392
1393
1325
1264
1406
1340
1348
1257
1326
1344
1354
1269
1338
1231
1369
1333
1329
1291
1376
1312
1300
1250
1275
1298
1275
1354
1331
1288
1269
1261
1329
1239
1334
1270
1335
1286
1260
1260
1298
1287
1218
1304
1273
1301
1254
1267
1253
1236
1283
1305
1238
1217
1225
1303
1224
1273
1260
1257
1297
1239
1260
1247
1270
1265
1256
1217
1237
1268
1245
1287
1260
1292
1238
1223
1275
1225
1195
1278
1249
1309
1275
1298
1221
1241
1229
1169
1199
1143
1173
1237
1178
1242
1218
1306
1184
1215
1240
1209
1247
1224
1218
1237
1290
1230
1226
1254
1216
1232
1167
1285
1224
1258
1276
1265
1292
1228
1304
1236
1211
1280
1274
1202
1272
1197
1298
1356
1265
1351
1270
1262
1291
1255
1275
1296
1308
1309
1339
1285
1241
1352
1274
1308
1248
1324
1341
1286
1295
1290
1289
1205
1301
1278
1270
1325
1326
1318
1314
1310
1259
1236
1320
1315
1364
1282
1277
1297
1314
1268
1283
1305
1307
1267
1253
1239
1267
1270
1233
1239
1279
1237
1242
1286
1231
1206
1233
1242
1293
1207
1181
1252
1222
1172
1159
1181
1238
1211
1199
1182
1213
1178
1179
1177
1218
1099
1120
1145
1158
1126
1107
1065
1174
1140
1154
1084
1108
1068
1036
1101
1111
1050
1054
1096
1019
1101
1059
1008
980
993
1007
1013
991
998
1005
989
1045
977
943
978
1026
991
975
957
933
878
967
932
966
914
891
928
947
935
943
857
877
954
938
953
923
889
804
909
883
878
861
903
889
895
853
865
864
887
854
861
828
821
873
879
848
785
850
830
860
834
868
841
783
809
789
801
802
851
786
881
801
814
795
823
785
779
910
804
819
766
826
801
808
784
877
786
770
826
801
766
789
786
746
808
837
811
795
764
761
794
782
838
812
790
778
785
759
726
731
758
766
741
781
781
797
750
776
768
768
772
774
798
803
747
785
772
736
721
765
709
714
785
755
759
741
747
761
776
793
728
770
748
702
721
775
728
779
752
776
724
723
754
696
710
739
796
762
761
730
764
751
789
752
721
739
754
781
765
743
716
736
719
739
740
747
749
712
737
736
727
732
743
775
713
750
748
741
685
785
700
689
693
759
698
719
728
747
741
723
711
713
698
735
706
695
725
711
689
716
745
755
707
759
698
661
711
750
721
713
773
687
750
680
714
724
712
685
720
679
744
751
702
692
702
704
674
743
713
670
698
664
705
677
659
668
708
664
654
686
682
688
639
660
718
693
712
702
686
698
730
642
703
645
638
699
669
650
687
675
652
679
688
637
652
661
666
662
654
644
709
666
653
639
678
670
687
659
622
660
668
633
597
633
599
636
614
622
642
618
644
636
630
607
674
601
615
614
606
602
637
610
602
618
634
590
604
561
597
621
619
612
541
589
579
580
523
542
589
581
577
572
569
588
540
598
577
547
567
605
565
567
556
574
589
518
578
575
516
539
593
539
538
529
597
492
525
543
557
564
525
544
536
542
546
540
521
557
529
566
522
551
496
514
489
543
518
554
542
519
530
527
537
526
513
582
518
533
557
530
479
484
533
511
579
522
508
566
535
510
511
506
531
518
515
542
561
533
558
573
528
513
526
584
472
535
535
515
526
517
566
539
524
580
514
554
489
522
540
512
509
553
512
563
536
509
509
562
566
568
534
566
516
558
565
546
583
535
559
548
548
529
532
569
540
538
589
573
573
582
553
550
604
554
595
577
561
573
547
561
589
598
556
561
554
612
567
596
537
543
564
564
579
568
573
567
570
590
594
599
570
602
594
602
560
603
576
532
587
567
590
568
564
581
584
543
553
580
580
576
588
589
563
534
615
580
586
618
591
591
546
576
599
584
534
608
609
588
553
586
588
569
562
551
574
624
584
600
606
550
567
556
618
564
575
571
571
577
560
590
568
562
577
563
588
538
571
561
541
510
541
555
516
533
573
552
556
556
560
558
496
506
528
526
532
540
551
529
515
498
533
519
556
501
523
503
499
512
514
503
500
516
516
493
493
500
483
514
535
513
522
511
498
465
488
455
442
518
433
484
474
451
481
441
474
460
469
423
406
441
482
477
435
449
460
428
444
463
400
448
409
415
427
476
430
401
394
406
422
458
448
409
399
392
408
407
362
434
368
408
350
403
321
363
355
361
344
397
406
355
372
359
386
382
375
389
371
365
361
368
371
367
328
357
318
354
366
340
362
341
339
340
398
334
351
364
336
333
323
370
336
338
324
370
338
343
331
307
346
346
361
355
343
368
350
349
315
348
337
323
319
311
348
307
313
344
365
349
321
335
355
345
328
337
322
351
332
303
331
347
358
346
345
321
328
321
329
330
322
357
337
364
364
343
335
317
350
338
342
365
365
348
378
363
375
391
362
341
358
367
316
358
359
371
381
389
353
379
324
366
381
383
389
368
339
360
355
382
350
397
398
377
396
392
377
415
368
383
348
368
390
403
397
372
433
388
415
408
415
410
414
385
401
410
362
393
406
438
414
431
395
414
413
392
430
424
404
431
405
432
453
421
414
423
443
412
427
444
438
418
388
416
447
434
481
429
428
427
442
450
465
453
436
446
458
494
445
450
424
451
499
463
422
428
447
463
449
450
512
482
490
457
452
455
465
445
450
421
444
464
481
505
486
442
460
492
428
426
490
469
452
510
462
479
467
487
479
450
455
434
501
444
471
466
442
448
456
467
488
482
433
464
473
433
458
459
445
468
448
451
410
462
458
477
429
429
408
423
425
446
434
427
453
463
425
412
410
403
467
396
412
444
447
372
401
411
402
395
362
427
388
392
395
416
382
390
414
396
392
394
378
360
374
374
392
367
367
346
368
383
375
322
337
351
351
362
338
356
346
362
334
348
353
361
353
326
319
346
348
293
351
338
320
317
327
322
330
283
324
292
306
285
300
325
297
301
278
273
279
303
263
308
301
270
300
259
283
334
306
280
296
274
257
293
272
272
298
286
263
244
301
270
288
273
239
241
247
270
233
249
273
251
247
245
265
254
285
260
237
253
225
248
251
256
245
252
237
257
264
258
247
277
238
238
241
233
241
270
245
241
266
238
241
222
236
239
217
253
256
244
232
227
237
218
248
205
214
214
254
257
243
235
224
237
231
217
196
226
245
248
246
227
222
239
234
240
235
243
230
233
229
249
254
261
213
233
250
218
259
222
214
238
240
224
207
255
281
242
253
224
214
243
252
215
238
242
214
225
217
209
247
223
224
230
226
210
217
232
222
254
198
238
223
226
258
237
228
209
217
209
225
234
238
249
234
239
234
230
230
246
219
206
223
216
243
234
214
242
227
220
228
229
218
241
207
228
219
238
215
236
217
224
227
232
214
216
213
206
203
226
232
237
214
233
223
225
229
239
225
215
235
226
226
211
223
216
210
191
232
216
228
204
205
220
222
229
223
200
227
223
230
199
210
193
223
226
216
214
224
224
234
218
244
199
214
230
193
230
204
197
223
212
229
205
243
212
214
209
190
201
212
212
189
222
224
215
221
206
209
215
212
197
231
225
210
225
214
212
230
200
230
246
212
229
207
233
233
235
195
184
234
215
240
229
218
225
226
227
192
221
201
238
204
192
218
221
212
208
227
211
197
203
214
246
222
241
221
216
201
228
236
222
202
204
219
192
211
214
188
190
223
206
218
207
226
237
224
184
217
208
224
201
209
211
245
215
225
211
236
199
218
222
225
198
189
235
207
208
227
234
209
224
181
195
231
206
242
253
215
207
212
235
215
212
200
238
250
214
213
243
223
206
240
209
213
205
212
219
223
231
225
232
264
212
218
202
219
222
239
213
225
203
223
217
198
208
201
211
191
205
194
245
212
208
232
219
214
204
194
217
209
197
202
236
214
229
219
221
224
216
242
214
229
209
221
205
228
234
249
190
194
201
223
216
217
211
193
213
206
201
210
222
211
216
193
208
191
210
190
194
182
187
213
202
214
230
205
192
167
216
216
203
207
202
223
185
216
208
192
187
210
198
187
201
205
180
220
191
190
197
208
173
208
200
195
213
165
169
173
186
193
195
192
163
198
191
189
204
201
193
195
192
188
173
177
187
182
185
178
200
190
179
166
202
201
172
191
198
168
184
195
186
164
207
193
181
177
203
165
187
193
170
215
187
161
176
192
170
204
174
184
171
159
177
192
189
180
161
154
195
164
178
172
176
167
163
154
164
182
171
197
171
201
177
174
187
171
156
164
164
188
186
173
184
163
197
186
177
192
187
181
163
184
146
173
167
170
156
193
132
162
189
177
172
176
197
175
182
179
185
158
167
170
171
163
179
174
194
157
169
183
187
202
188
181
158
182
204
169
207
167
200
189
187
163
210
196
168
150
204
204
144
193
174
189
189
195
173
174
210
212
186
199
185
172
205
173
203
201
186
174
183
201
199
203
190
210
205
190
176
166
224
175
182
180
201
188
194
212
179
229
217
213
216
212
195
206
193
204
182
204
195
182
186
220
177
205
214
194
196
197
189
225
211
185
204
200
220
219
205
215
197
196
225
211
220
183
234
224
216
225
212
198
215
207
227
211
223
208
244
246
221
199
230
210
214
247
230
239
255
253
227
234
215
217
229
243
252
215
227
233
262
220
209
230
248
229
222
228
255
246
272
234
214
225
213
235
218
248
236
261
243
282
238
222
237
208
237
238
240
251
239
258
244
256
255
265
247
250
264
245
264
236
234
264
256
259
206
243
271
254
270
270
253
219
264
233
256
251
259
249
236
249
281
244
272
261
256
250
292
243
259
268
262
265
263
262
251
268
253
244
288
254
259
238
269
236
242
276
259
257
295
251
238
265
281
255
278
288
263
260
267
218
250
255
255
276
279
258
271
271
221
245
245
254
244
274
252
292
276
262
262
240
258
256
261
238
266
271
275
243
257
250
275
243
276
259
262
299
253
241
259
270
270
266
258
275
270
232
248
274
255
254
239
260
232
246
275
258
254
287
270
243
233
216
248
272
260
240
255
248
262
228
271
231
265
218
264
240
237
267
236
240
254
234
262
244
235
260
237
239
255
227
225
256
241
245
256
235
217
242
228
249
268
240
224
225
238
249
258
237
237
238
243
217
239
233
196
241
229
221
242
224
224
214
233
229
220
230
231
220
234
208
215
229
224
182
226
188
211
213
228
192
225
204
204
187
202
198
202
198
186
206
190
184
211
201
162
153
179
186
192
172
197
189
190
185
189
196
181
184
178
174
165
178
164
179
167
157
166
177
171
175
165
140
173
136
168
165
194
165
161
165
168
138
164
151
158
171
147
142
157
157
143
141
145
138
153
142
139
168
151
142
145
163
144
154
146
136
146
141
132
148
138
154
131
131
150
127
136
140
137
125
132
144
141
141
137
130
121
131
111
134
131
125
114
138
118
127
135
149
139
120
125
136
138
115
141
137
123
139
129
116
116
121
120
124
118
144
129
124
105
127
115
107
117
108
106
115
96
127
108
123
119
136
129
107
130
125
125
116
111
132
138
118
109
107
101
123
121
92
105
121
114
127
123
114
113
111
95
115
135
135
108
120
106
101
128
130
110
107
122
121
113
122
115
116
107
120
123
120
114
111
99
118
105
102
117
134
120
104
128
123
108
108
130
101
125
108
123
100
83
119
124
117
112
110
118
107
112
93
107
105
102
109
105
95
108
106
105
126
93
89
84
96
116
112
115
97
109
111
104
90
117
118
112
93
118
86
116
106
125
98
115
103
97
110
103
129
114
111
115
114
99
92
96
123
104
98
126
101
96
119
106
101
91
90
100
96
111
98
104
95
102
109
106
98
100
105
105
94
120
101
101
84
116
94
115
116
111
111
92
106
102
92
114
93
88
95
110
107
84
88
109
109
99
92
101
100
81
95
104
103
100
107
77
110
86
103
93
97
100
107
94
94
85
119
108
93
96
101
106
102
80
83
101
96
72
100
87
97
86
110
84
97
90
115
106
92
98
90
99
89
99
102
92
103
98
106
107
96
95
100
96
111
102
90
82
93
100
85
91
96
97
106
100
90
96
75
106
104
87
90
86
84
108
90
109
93
111
106
119
111
89
106
95
114
80
91
116
101
97
91
95
80
101
105
103
109
91
97
97
90
85
103
109
96
106
112
106
85
83
118
101
89
115
99
104
88
94
87
93
107
91
94
110
75
88
96
85
92
89
99
93
102
107
102
99
100
107
97
97
83
99
95
98
113
96
112
102
89
98
95
95
89
98
112
88
103
91
94
97
103
89
87
110
97
110
87
92
110
101
93
106
93
99
112
94
97
99
102
121
95
107
115
109
116
98
107
93
107
85
80
116
95
105
81
81
110
102
91
93
99
98
106
117
88
109
106
87
93
109
104
116
100
95
109
91
124
98
99
110
95
92
105
99
86
122
100
111
122
120
112
97
80
102
99
103
105
107
105
100
113
101
93
100
103
121
92
103
107
105
110
104
97
99
108
107
120
108
87
97
116
88
109
96
105
84
102
97
97
102
100
94
85
100
106
102
92
95
97
98
112
88
100
97
101
110
85
96
96
99
102
97
84
90
99
87
113
112
106
95
91
97
79
85
111
91
87
104
97
118
86
102
96
103
88
91
102
100
96
89
86
103
84
84
96
110
109
115
77
79
99
99
110
116
87
88
90
93
99
100
86
88
95
100
104
103
97
108
110
105
101
86
82
91
91
97
96
82
107
110
98
94
97
100
97
120
92
98
73
100
98
95
115
85
75
99
91
99
109
92
99
99
88
114
118
93
103
113
114
86
91
94
88
92
95
91
104
106
103
96
86
108
89
109
102
106
108
107
91
98
102
97
99
80
100
98
84
109
97
91
82
95
95
101
112
88
114
95
86
132
92
88
91
100
93
101
104
80
108
113
96
108
100
79
98
88
83
102
82
97
90
95
98
79
100
91
109
85
97
113
83
103
91
80
106
78
98
106
101
77
103
104
88
84
92
89
107
95
100
100
100
87
115
84
79
97
108
103
98
90
107
93
96
92
94
83
93
87
91
92
100
109
91
86
84
85
87
93
112
87
94
75
94
90
98
112
98
65
87
97
83
116
89
92
89
88
105
68
95
105
79
88
97
71
94
92
98
101
99
99
97
85
78
96
93
97
84
78
104
96
91
94
94
86
85
96
100
85
99
92
92
98
71
115
92
95
85
82
82
82
76
101
88
97
85
79
77
87
89
75
105
86
93
82
69
86
83
84
83
79
89
96
78
91
88
96
94
79
86
83
94
103
87
87
79
78
81
81
87
79
102
79
89
91
81
87
79
93
59
107
69
78
72
89
81
80
88
77
101
88
66
85
81
74
87
104
91
81
82
82
77
96
88
94
94
81
86
75
99
83
80
76
84
95
91
89
82
69
85
74
79
76
79
84
87
104
66
64
91
83
66
77
73
77
62
76
77
87
75
79
85
84
83
94
59
93
85
95
72
71
60
70
70
75
76
78
77
73
78
79
69
87
87
70
92
84
82
73
73
84
58
79
82
90
70
83
102
85
83
70
72
85
74
81
63
69
86
76
73
68
70
71
71
83
70
76
64
82
75
68
63
72
78
66
91
76
75
72
88
73
65
87
70
71
83
85
76
84
65
77
70
60
74
92
87
80
76
95
78
86
71
79
80
80
72
70
75
88
77
67
70
71
64
75
69
81
83
74
73
83
62
63
77
80
72
70
75
80
82
72
59
75
73
65
86
78
78
85
84
83
80
92
79
62
90
77
64
77
74
79
73
84
74
72
59
79
80
62
76
82
76
80
79
82
74
90
78
71
72
67
77
73
90
72
73
68
72
93
68
67
73
71
74
99
77
78
63
70
74
77
58
79
75
78
74
79
85
64
60
57
74
74
75
79
67
95
81
98
79
83
79
70
77
79
82
73
56
80
60
76
63
91
73
64
78
69
82
66
82
87
61
84
77
71
80
75
81
67
74
71
69
70
77
57
62
66
77
63
72
65
75
80
69
81
75
84
63
51
82
70
59
65
73
84
74
65
94
77
68
80
94
71
77
63
71
80
79
61
84
73
75
60
76
62
66
74
72
76
88
72
68
75
89
62
78
72
69
69
75
72
76
83
86
66
73
77
77
77
84
73
68
67
68
84
81
101
67
85
84
72
71
77
91
92
66
69
68
70
81
72
83
95
72
81
72
61
62
71
85
87
79
73
75
78
77
80
84
97
90
77
67
82
77
76
85
67
68
84
91
101
70
85
86
80
74
68
82
62
83
83
87
75
62
79
87
96
81
73
92
106
79
88
84
69
84
78
100
94
100
99
91
77
101
88
88
77
79
93
78
85
97
84
97
91
73
90
81
88
90
93
90
102
85
92
108
79
92
87
101
100
95
89
82
93
82
87
77
104
107
99
89
110
100
92
95
104
77
89
103
80
81
97
89
98
88
92
97
76
67
84
87
95
95
114
82
81
98
89
84
101
90
87
86
93
90
75
97
100
88
94
112
96
82
117
102
93
113
98
94
91
93
90
93
103
84
102
96
88
86
106
88
107
97
94
83
92
90
92
88
98
105
98
101
97
93
106
120
103
103
102
98
88
91
97
98
105
84
82
82
112
108
87
80
99
105
116
96
101
105
107
104
108
91
100
91
69
90
99
99
106
98
100
88
77
88
95
106
92
97
90
100
116
88
94
90
103
92
86
105
96
91
96
95
83
88
86
106
97
90
99
90
74
97
85
110
92
80
92
83
99
82
89
82
95
91
98
75
97
82
93
89
85
100
95
93
90
82
76
86
96
98
86
87
85
88
79
80
99
88
97
89
88
94
91
94
83
94
79
76
72
73
93
98
78
88
87
83
96
75
93
74
98
77
81
97
76
87
90
84
104
87
80
102
90
80
101
84
82
72
74
92
75
87
84
69
83
81
62
86
93
75
88
62
63
91
97
99
96
90
84
64
88
76
78
85
75
92
106
66
74
75
64
78
92
85
81
97
83
89
85
73
99
75
89
79
70
98
93
82
85
85
85
77
89
81
69
92
78
73
92
74
91
78
111
79
71
94
89
88
93
95
77
78
67
76
76
92
74
89
73
79
81
66
84
70
86
87
80
90
74
91
85
66
87
82
63
83
77
81
82
75
75
79
86
79
75
67
85
91
91
95
85
84
84
91
69
76
74
83
78
72
91
73
72
87
78
85
72
72
79
84
75
79
70
78
58
83
74
76
89
90
71
96
91
67
75
72
87
84
82
84
71
74
67
92
86
67
82
83
83
62
83
62
66
72
80
83
66
68
72
73
78
80
58
68
81
80
78
72
81
77
82
77
89
82
69
80
86
77
89
79
84
89
81
71
80
86
82
69
67
76
64
73
68
68
71
66
74
70
68
76
72
69
70
71
76
70
69
67
82
64
71
68
65
68
80
59
87
65
83
63
66
65
67
68
66
73
73
67
68
61
63
80
59
63
51
52
72
63
51
75
69
54
53
70
77
64
61
58
62
68
64
56
64
67
67
67
53
68
66
65
51
55
62
74
65
67
58
46
53
56
63
50
53
52
65
60
52
53
49
38
52
62
36
55
56
56
56
47
60
55
59
51
56
53
58
65
45
49
55
55
59
57
54
73
54
43
48
49
59
50
51
41
44
56
41
56
42
63
44
32
50
52
42
67
48
55
56
44
51
62
49
44
57
52
45
56
60
46
58
56
53
47
51
50
50
56
52
43
50
49
48
50
61
48
53
57
38
61
58
51
46
38
49
31
39
54
49
40
60
48
40
47
42
36
46
33
42
56
44
59
39
49
50
41
49
45
46
37
47
43
43
47
53
48
52
45
54
32
48
53
53
38
41
45
39
46
50
55
39
37
40
36
54
40
44
40
48
37
45
42
38
49
37
32
38
39
48
34
43
45
36
37
40
47
36
37
46
37
36
45
38
34
42
39
38
46
52
35
56
32
41
35
51
46
43
48
55
33
45
35
52
53
51
40
38
47
48
42
52
45
36
46
32
52
43
44
33
41
39
39
48
42
48
28
47
41
41
42
39
47
33
47
35
39
43
45
54
49
50
37
58
43
47
47
40
40
38
38
41
42
46
40
44
54
27
47
46
38
49
35
55
46
44
42
39
46
43
44
46
40
35
48
57
53
49
47
42
44
38
43
36
39
41
39
40
50
43
35
48
44
42
54
38
49
36
43
39
35
43
31
48
41
48
32
53
44
50
39
51
57
46
41
29
44
39
42
55
43
45
36
40
43
37
48
42
44
37
38
42
34
49
40
47
39
49
49
46
47
42
46
39
49
47
44
54
39
34
41
55
59
31
46
55
37
57
39
48
54
46
55
36
49
38
35
43
43
43
43
48
52
46
40
53
53
47
47
44
39
35
54
42
42
36
42
41
48
53
59
41
55
48
37
37
41
37
39
45
49
37
37
47
45
52
42
51
52
48
34
33
50
45
48
47
36
36
44
50
45
34
49
50
43
47
55
40
47
50
46
43
36
53
56
56
40
37
37
40
37
58
51
51
51
52
54
52
44
47
57
43
49
44
32
51
64
41
62
40
54
57
46
53
44
41
46
60
56
49
61
37
46
53
45
54
60
51
51
43
45
61
47
60
44
59
56
49
64
51
51
59
55
49
51
60
50
49
45
40
51
62
47
52
47
57
53
59
50
42
53
50
39
52
53
55
50
48
52
58
54
46
54
59
54
50
53
53
51
45
43
52
60
53
55
47
55
66
46
60
62
53
45
58
61
69
59
58
68
42
57
50
63
54
56
60
47
56
69
57
51
56
58
62
67
59
56
62
69
46
60
62
54
61
75
46
60
61
65
68
60
55
60
56
63
40
59
58
61
63
52
40
54
56
60
51
69
53
63
64
47
49
58
49
60
60
70
75
49
57
54
59
52
54
66
61
54
70
56
55
69
54
51
68
67
63
50
67
60
76
63
54
63
62
64
70
54
69
70
66
65
72
57
58
59
71
62
54
64
57
51
58
63
62
62
63
70
58
54
60
59
59
49
48
70
57
55
61
53
64
64
56
59
55
67
44
58
62
64
59
74
66
51
40
60
59
62
66
55
61
56
62
62
64
63
53
60
54
60
62
58
45
74
62
70
64
48
62
60
47
58
42
65
60
64
45
67
66
66
56
61
67
67
45
68
55
53
69
54
63
48
59
76
50
60
58
52
58
49
47
36
58
45
52
62
68
72
48
63
57
74
63
53
54
55
58
51
41
61
55
55
63
58
61
58
43
57
50
62
59
49
62
46
48
52
63
52
51
40
50
51
43
36
45
36
53
59
50
55
45
52
45
54
67
59
45
47
55
60
51
53
48
52
53
60
45
47
50
51
34
56
49
47
51
34
50
46
41
44
43
34
47
46
49
44
57
53
49
46
48
35
52
33
30
51
56
48
43
55
57
47
43
42
50
55
49
51
55
55
45
50
46
41
55
46
38
52
37
38
51
31
47
45
55
42
38
47
60
44
38
50
47
37
44
32
42
48
40
44
51
48
39
35
47
45
51
32
45
47
58
41
44
38
45
37
38
45
34
49
50
29
44
50
50
37
49
24
34
44
36
38
36
43
36
41
42
44
34
43
39
34
40
36
33
38
30
46
45
36
39
28
40
37
47
41
43
43
32
41
39
36
44
42
27
44
45
33
36
44
39
38
32
37
35
43
34
34
33
41
39
31
38
38
39
31
50
37
46
38
33
39
41
26
20
57
30
43
34
28
32
34
25
33
34
33
38
29
55
46
40
20
42
44
36
46
39
31
40
35
37
35
35
27
39
39
31
32
37
49
33
25
32
34
27
44
37
45
36
29
32
41
25
50
39
31
41
36
25
45
31
35
37
44
38
23
31
41
36
41
35
30
30
42
36
50
40
39
39
48
30
31
43
30
37
28
35
38
54
33
30
27
35
37
41
56
27
36
38
30
48
30
29
26
35
28
45
26
37
44
25
35
30
35
32
30
33
29
29
43
34
38
41
43
33
31
29
40
33
30
34
25
40
32
36
36
36
33
27
40
35
48
43
38
41
39
42
35
40
41
43
30
38
37
32
39
38
34
44
22
39
38
32
37
32
52
44
34
37
36
37
30
44
33
40
43
44
27
29
35
37
29
36
36
29
41
30
36
33
41
37
27
43
26
38
44
31
41
40
30
39
42
45
36
35
38
31
37
34
28
40
31
35
34
40
32
41
31
28
27
37
38
48
47
27
27
32
41
39
34
38
24
38
38
37
36
26
35
47
36
39
36
39
43
37
36
31
36
47
35
34
32
35
25
29
33
30
27
39
43
40
28
34
24
30
29
43
39
31
47
36
34
38
36
23
30
32
39
32
31
33
37
41
31
49
22
37
33
30
47
43
31
42
31
42
38
51
29
41
40
35
40
38
29
30
51
35
24
49
42
38
32
44
36
33
37
31
38
43
40
32
38
32
36
42
41
40
40
41
33
37
31
42
47
36
38
38
36
34
36
35
30
46
31
36
44
40
42
27
42
25
32
39
34
39
36
33
41
36
30
33
40
48
33
38
32
31
28
46
39
32
26
38
25
43
53
42
38
29
35
33
37
41
44
46
26
38
40
29
31
39
46
26
32
27
27
26
32
35
34
35
28
36
31
27
37
40
28
26
33
29
41
35
38
24
43
19
25
39
49
46
38
39
35
49
19
37
33
31
35
35
37
25
30
35
32
27
28
31
38
34
42
31
32
29
35
31
31
30
34
36
42
20
26
24
32
25
35
35
32
36
29
37
31
39
31
25
31
31
27
29
27
17
21
33
32
35
30
27
32
29
25
30
33
30
28
28
33
33
36
32
37
22
31
24
21
36
30
33
27
38
23
43
32
29
30
30
26
29
38
24
32
30
31
34
31
30
28
29
30
28
27
29
25
30
23
20
38
18
25
28
35
26
30
24
27
32
26
26
33
31
29
26
32
38
30
27
26
29
35
22
29
24
20
30
26
33
29
31
37
35
20
31
21
33
20
30
33
28
27
29
22
29
26
26
35
28
27
30
22
30
25
23
28
32
30
30
32
27
29
28
33
33
26
28
32
24
31
37
19
26
16
25
24
32
27
21
27
20
20
30
34
27
25
23
21
30
36
32
30
21
25
21
23
18
33
18
35
24
27
37
20
22
31
18
24
26
24
24
23
21
25
22
15
29
44
29
26
25
21
31
32
23
28
20
26
18
29
36
26
28
26
18
29
32
28
29
19
24
27
24
28
29
24
25
27
30
22
23
17
34
29
21
28
27
23
16
16
33
25
19
26
29
24
21
20
18
25
22
21
23
31
19
29
31
22
26
31
18
24
27
26
29
18
20
28
34
24
30
23
23
18
29
22
28
29
28
17
21
11
29
27
23
25
25
21
22
27
38
25
35
30
22
25
17
25
26
29
29
32
28
18
30
26
27
30
21
21
17
35
22
27
29
27
21
30
31
28
24
35
27
23
29
28
22
21
24
31
20
34
22
28
24
38
27
22
24
23
26
25
30
28
20
33
15
32
24
18
27
38
35
33
19
23
23
26
32
31
35
20
24
22
27
36
25
24
29
30
24
23
25
19
35
27
33
22
26
30
28
17
32
23
25
27
26
25
21
35
28
30
25
28
35
34
22
32
31
22
20
31
17
21
29
30
24
36
24
25
25
36
25
26
34
25
25
22
18
22
27
24
27
32
23
31
30
25
36
23
23
31
29
28
34
25
27
22
31
33
30
28
25
29
26
28
27
19
27
26
30
32
18
32
21
27
29
34
27
23
29
32
32
36
24
30
23
26
29
26
34
35
24
31
32
26
31
24
32
32
30
27
27
25
30
32
36
26
46
35
28
33
32
29
28
35
22
23
26
28
34
35
37
30
23
35
35
33
27
38
30
27
23
29
26
23
30
27
42
34
25
36
28
32
27
26
28
29
40
32
16
33
29
27
20
32
24
24
44
19
34
20
32
36
30
26
28
28
27
28
29
38
39
29
29
29
22
29
27
30
26
29
36
33
26
33
29
24
37
31
25
36
37
27
35
29
33
34
32
30
29
41
36
22
38
28
28
35
34
30
25
32
28
40
35
29
32
28
37
33
30
35
28
32
32
27
38
39
28
31
31
22
35
33
31
34
40
30
33
37
32
36
31
25
29
36
30
30
32
31
32
20
36
32
39
30
34
31
29
35
45
29
44
23
33
36
35
34
30
31
37
31
34
36
34
31
41
34
40
25
26
37
29
29
39
29
35
30
36
37
28
27
29
33
43
35
29
29
37
37
35
37
32
38
34
28
44
38
40
35
35
31
24
36
34
48
55
37
26
41
45
37
45
32
42
54
34
31
42
47
41
35
34
33
28
39
35
40
38
45
37
42
32
49
52
34
43
35
32
42
38
41
45
30
36
40
37
40
39
39
45
35
37
41
41
43
37
39
30
39
44
38
45
45
39
39
43
36
47
38
45
54
48
34
52
41
50
36
34
41
45
39
54
35
48
47
43
43
38
42
43
32
55
42
54
44
50
52
50
51
44
44
42
46
41
40
31
51
54
51
58
52
50
49
45
37
41
37
58
42
40
48
41
41
43
48
55
42
40
51
49
48
36
43
47
40
36
45
72
49
55
47
67
54
50
38
43
50
51
54
44
50
46
35
48
49
51
53
49
42
63
49
36
51
46
60
49
48
57
53
45
49
53
61
46
58
51
57
52
53
56
69
54
54
54
58
44
71
53
51
61
52
45
52
33
45
59
52
62
56
55
58
51
50
59
57
61
65
59
53
53
65
53
49
42
47
51
48
67
51
44
58
58
65
42
72
64
55
53
79
65
64
57
65
56
47
56
56
62
65
53
72
70
54
63
52
57
63
54
63
78
58
54
51
56
54
60
44
62
46
42
64
56
51
58
67
63
55
70
68
58
51
58
61
57
55
66
58
54
51
68
69
60
64
62
59
50
56
57
55
69
58
47
53
36
48
59
59
67
63
67
53
64
48
67
59
53
54
55
68
58
50
52
53
61
58
62
48
43
51
50
59
56
65
62
50
56
59
54
49
66
69
55
55
74
67
63
61
72
57
49
52
60
59
53
74
52
53
46
61
57
50
58
46
50
63
43
61
60
54
67
57
48
48
71
61
56
40
53
52
60
48
41
47
49
54
50
51
56
44
48
53
45
41
46
42
49
32
42
36
55
35
42
59
38
43
33
47
43
42
53
55
45
54
53
43
38
41
43
55
44
42
45
52
31
46
42
32
43
42
51
39
55
44
38
45
42
53
51
45
41
42
47
39
42
40
38
41
47
41
37
33
35
45
33
40
44
54
42
29
44
30
50
44
33
40
36
32
55
33
41
39
33
36
29
41
43
31
40
37
41
39
32
25
32
34
36
43
39
37
31
45
26
45
34
31
29
28
35
24
29
25
33
35
34
18
38
26
35
21
26
28
25
34
27
24
33
39
42
36
24
36
38
33
26
26
23
29
21
24
21
25
29
28
23
25
26
29
39
26
32
35
29
32
34
26
28
20
35
30
21
22
16
20
33
27
33
27
31
30
26
14
31
36
22
21
31
34
26
17
20
28
23
21
19
25
26
24
15
22
29
26
24
25
19
25
28
23
21
19
30
22
22
26
19
20
20
22
21
27
21
20
20
18
19
23
31
25
25
13
15
27
14
26
16
20
27
28
11
26
25
18
25
19
24
17
20
27
20
18
27
27
14
22
27
17
27
22
21
27
28
19
18
19
28
23
20
24
23
12
20
20
23
10
14
13
24
19
24
20
24
13
17
18
16
16
18
18
20
14
28
22
22
21
12
27
13
17
23
20
23
19
15
20
22
18
17
19
14
18
12
25
17
24
44
66
76
75
70
85
88
73
68
84
64
57
75
84
85
79
65
74
82
87
71
69
78
94
79
74
73
54
71
78
86
72
71
90
57
57
75
72
70
69
73
72
79
73
57
71
61
60
73
69
76
61
59
81
55
76
68
67
73
62
58
59
70
69
80
63
60
80
52
53
51
64
79
63
54
77
59
74
69
74
49
59
74
55
54
63
42
54
43
64
60
69
56
57
54
54
50
59
66
66
43
56
51
79
60
61
60
49
58
57
55
43
58
51
51
62
60
50
57
63
59
42
51
36
53
50
46
56
47
55
60
61
43
44
45
51
55
49
57
42
35
64
50
59
46
56
52
53
58
45
47
46
50
35
53
54
43
61
67
45
54
49
52
39
49
48
41
31
46
48
51
48
47
42
48
38
47
37
52
35
40
44
38
34
18
