# Filename : TXT_Files/Acq14400sec_022.Chn
# MCA detector ID: 1
# Start time : b'16':b'16':b'48'
# Start date : b'02Oct221'
# No channels : 8192
# Live time : 716360
# Real time : 720000
# En cal factors A + B*x + C*x*x
# A : 0.0
# B : 1.0
# C : 0.00
0
0
0
0
0
0
0
0
0
0
0
0
0
0
0
0
0
0
0
0
0
0
0
0
0
0
0
0
0
0
0
0
0
1
1
1
9
74
223
359
420
442
445
437
420
431
433
403
430
456
467
446
424
463
429
447
469
428
440
470
472
441
464
443
453
454
452
472
470
525
450
468
523
503
508
453
451
496
511
481
511
498
531
529
516
530
513
524
500
540
522
503
553
576
542
582
543
572
550
615
567
598
566
550
620
626
647
622
647
661
633
636
641
678
681
694
710
686
737
719
675
749
751
746
777
742
728
749
789
742
794
786
799
783
803
807
813
839
862
854
851
809
801
843
794
825
839
813
861
840
805
782
827
787
794
786
771
768
795
818
732
780
818
729
792
797
771
778
771
779
813
745
818
769
765
761
782
788
800
754
821
812
814
821
840
830
860
847
801
862
816
837
845
914
904
936
841
884
886
908
881
945
949
913
906
1004
972
972
955
966
981
997
952
1055
1004
1001
1040
1018
1137
1049
1087
1046
1057
1053
1060
1142
1142
1204
1098
1086
1222
1198
1199
1256
1273
1200
1204
1156
1238
1214
1189
1261
1269
1246
1323
1333
1343
1352
1238
1351
1337
1348
1340
1392
1351
1433
1512
1352
1435
1416
1452
1455
1508
1532
1546
1489
1509
1545
1525
1620
1632
1576
1596
1682
1637
1625
1712
1695
1711
1646
1747
1751
1843
1731
1750
1829
1808
1953
1928
1833
1829
1899
1955
1927
1895
1853
1956
1934
1998
1990
2088
2006
2064
2143
2061
2148
2093
2060
2103
2153
2091
2196
2160
2107
2266
2233
2220
2194
2240
2234
2276
2238
2360
2372
2164
2460
2327
2273
2409
2445
2347
2488
2450
2450
2466
2501
2435
2479
2567
2545
2621
2561
2538
2570
2561
2634
2744
2665
2604
2611
2649
2676
2624
2762
2770
2692
2721
2828
2814
2839
2873
2760
2798
2893
2805
2938
2962
2920
2944
2971
3041
3018
3035
2982
3044
2962
3036
3144
3167
3153
3244
3157
3149
3218
3255
3214
3220
3261
3241
3208
3334
3290
3338
3348
3297
3399
3158
3308
3258
3339
3276
3279
3363
3347
3284
3389
3300
3244
3220
3128
3386
3349
3284
3202
3215
3262
3235
3273
3236
3296
3193
3126
3172
3121
3233
3154
3137
3181
3220
3180
3123
3134
3195
3084
3202
3220
3120
3215
3234
3158
3203
3212
3126
3204
3255
3285
3163
3278
3274
3226
3248
3068
3175
3134
3308
3229
3101
3179
3257
3158
3262
3324
3151
3162
3234
3189
3058
3116
3203
3210
3212
3208
3161
3228
3246
3192
3196
3323
3200
3190
3182
3182
3036
3192
3169
3159
3152
3205
3239
3127
3090
3148
3121
3143
3167
3160
3174
3054
3118
3223
3084
3152
3076
3108
3236
3134
3134
3055
3016
3112
3060
3060
3034
3018
2994
3053
2993
3023
3078
3127
2934
3039
3011
2969
3067
2986
3049
3032
3053
2930
2892
2933
3096
2940
2966
2947
3094
2919
2921
2903
2940
2992
2970
2819
2962
2919
2997
3046
2987
3010
2933
2970
2854
2949
2908
2847
2859
2913
2939
2890
2911
2845
2914
2863
2916
2890
2890
2945
2908
2875
2809
2952
2845
2838
2833
2900
2970
2855
2900
2894
2828
2776
2805
2869
2966
2869
2891
2787
2895
2874
2829
2854
2780
2849
2747
2834
2783
2834
2783
2816
2756
2762
2852
2745
2879
2752
2733
2729
2757
2715
2736
2883
2824
2731
2802
2687
2804
2680
2620
2759
2810
2793
2695
2688
2715
2716
2732
2650
2801
2622
2642
2740
2667
2720
2774
2620
2686
2765
2647
2657
2699
2637
2672
2713
2653
2732
2695
2687
2646
2684
2549
2741
2679
2799
2560
2590
2557
2624
2630
2699
2529
2686
2624
2681
2721
2575
2591
2733
2661
2686
2660
2692
2661
2605
2601
2593
2609
2539
2486
2532
2606
2580
2477
2411
2614
2636
2517
2525
2587
2515
2483
2497
2574
2589
2481
2466
2504
2530
2441
2483
2462
2483
2559
2474
2495
2463
2505
2412
2395
2436
2394
2484
2457
2397
2402
2334
2346
2400
2421
2392
2447
2233
2420
2349
2347
2421
2303
2303
2307
2484
2445
2339
2318
2260
2349
2386
2346
2249
2370
2283
2349
2278
2351
2383
2304
2333
2264
2340
2260
2255
2227
2264
2247
2274
2313
2228
2360
2248
2135
2228
2164
2282
2157
2223
2230
2211
2229
2275
2209
2160
2278
2217
2141
2231
2203
2274
2224
2207
2250
2154
2175
2275
2219
2105
2174
2226
2180
2228
2151
2178
2048
2180
2166
2071
2177
2112
2148
2183
2111
2076
2183
2125
2121
2203
2077
2138
2143
2058
2116
2125
2098
2072
2032
2020
2106
2128
2017
2079
2060
2082
2143
2055
2121
1989
2087
2034
2053
2106
2077
2048
2058
1983
2017
1987
1943
2050
2019
1974
1960
1930
1995
1922
1986
1927
1987
1900
1947
1951
1965
1952
2003
1939
1890
1982
1880
1908
1901
1932
1942
1900
1886
1831
1900
1921
1884
1908
1835
1908
1909
1882
1896
1890
1823
1875
1791
1847
1903
1833
1863
1831
1824
1893
1805
1842
1815
1790
1873
1817
1881
1854
1771
1759
1815
1843
1832
1848
1847
1846
1769
1728
1772
1774
1802
1827
1755
1787
1851
1824
1866
1745
1747
1805
1760
1801
1747
1768
1707
1765
1767
1684
1724
1794
1719
1706
1773
1783
1724
1729
1823
1703
1776
1739
1818
1714
1744
1712
1656
1671
1681
1697
1723
1678
1689
1712
1671
1626
1682
1648
1744
1743
1604
1715
1725
1717
1681
1656
1614
1704
1709
1618
1717
1635
1662
1651
1726
1648
1643
1711
1633
1701
1618
1625
1775
1612
1616
1660
1645
1551
1712
1597
1582
1624
1632
1628
1633
1645
1696
1633
1650
1643
1623
1629
1681
1593
1556
1602
1577
1561
1588
1636
1632
1650
1572
1545
1502
1650
1540
1497
1539
1595
1581
1585
1505
1635
1539
1524
1619
1618
1610
1497
1590
1578
1426
1573
1571
1495
1551
1523
1612
1430
1499
1506
1543
1534
1542
1511
1486
1497
1525
1493
1440
1461
1569
1481
1467
1421
1452
1491
1422
1478
1431
1449
1419
1413
1459
1500
1386
1464
1444
1412
1475
1451
1478
1423
1390
1377
1462
1366
1366
1442
1482
1398
1389
1421
1485
1378
1440
1361
1382
1345
1393
1368
1343
1336
1383
1398
1382
1398
1413
1397
1307
1387
1354
1315
1319
1402
1394
1364
1300
1339
1346
1289
1388
1311
1329
1389
1311
1337
1275
1394
1284
1353
1383
1280
1284
1358
1358
1310
1288
1339
1341
1271
1313
1261
1231
1287
1249
1291
1268
1283
1228
1324
1297
1255
1212
1270
1284
1316
1278
1331
1320
1267
1329
1227
1281
1281
1182
1227
1340
1289
1288
1243
1285
1218
1257
1287
1251
1270
1271
1216
1225
1249
1218
1291
1275
1236
1256
1270
1233
1280
1178
1248
1237
1262
1208
1239
1194
1256
1209
1216
1243
1275
1243
1227
1208
1195
1244
1236
1222
1230
1261
1229
1220
1282
1247
1320
1248
1186
1267
1206
1253
1217
1273
1259
1227
1214
1237
1302
1220
1237
1165
1198
1246
1276
1239
1225
1274
1257
1276
1311
1261
1250
1295
1242
1240
1348
1328
1297
1285
1284
1283
1253
1259
1269
1266
1330
1305
1255
1255
1327
1299
1295
1268
1248
1294
1305
1294
1362
1285
1250
1305
1361
1231
1291
1270
1290
1275
1304
1246
1271
1252
1261
1281
1306
1256
1238
1287
1258
1224
1287
1280
1230
1285
1255
1287
1324
1298
1242
1319
1283
1259
1243
1220
1200
1232
1222
1167
1217
1174
1172
1225
1194
1205
1235
1166
1196
1143
1217
1124
1127
1125
1202
1117
1168
1095
1108
1229
1183
1098
1131
1083
1109
1072
1074
1120
1083
1068
1106
1111
1063
1090
1016
1011
1078
1066
1049
1024
988
1059
1083
1029
1043
1015
976
1008
1004
985
969
954
950
941
996
971
968
916
997
914
961
924
926
973
924
937
901
948
853
914
905
938
884
928
901
884
915
907
841
872
900
907
843
847
838
865
875
888
870
864
889
890
842
823
813
810
832
800
795
880
870
821
805
854
846
845
837
837
810
841
786
832
775
821
809
829
787
808
808
761
812
809
818
828
783
771
766
817
794
799
834
748
794
775
811
784
816
768
743
799
813
768
765
724
744
768
753
797
734
795
784
768
775
753
787
768
749
766
765
772
766
697
749
719
779
778
778
751
805
719
746
769
734
768
711
714
785
774
731
742
784
739
733
757
767
685
787
777
706
718
735
739
730
762
719
725
746
721
761
755
712
754
756
742
733
759
680
714
746
703
742
760
757
741
725
754
728
748
784
779
716
734
687
738
752
713
735
764
697
723
733
683
685
797
754
774
728
679
716
739
699
693
753
696
759
745
708
715
720
722
704
750
776
754
757
721
752
661
718
733
679
710
718
706
757
762
665
752
741
721
670
706
705
724
756
683
710
751
715
695
717
713
720
706
707
693
706
651
680
763
678
693
675
662
673
688
679
711
704
702
659
708
665
654
690
711
636
660
686
648
664
680
695
689
680
613
690
637
663
611
640
652
681
593
659
632
658
653
630
692
611
621
638
621
651
630
595
635
614
659
626
626
673
594
615
603
604
583
592
622
577
606
537
622
627
612
607
582
581
568
592
543
587
588
595
578
589
558
549
572
602
576
573
555
558
573
546
551
546
550
568
499
587
604
556
529
534
557
535
558
561
551
551
568
549
556
546
544
550
543
523
548
539
528
544
566
540
533
531
550
528
554
543
555
539
537
520
510
532
558
534
550
534
505
512
538
515
542
537
524
530
517
529
560
546
559
558
494
534
513
539
542
544
560
544
543
562
525
537
533
521
563
534
493
547
563
547
575
533
523
530
522
534
527
532
549
532
556
565
527
529
546
566
580
525
561
555
548
552
573
569
535
563
597
548
549
531
579
537
557
576
549
577
560
509
566
624
590
558
621
536
544
537
559
561
552
565
576
581
569
586
559
559
561
556
565
594
565
615
574
557
571
584
580
580
574
607
554
578
558
596
595
564
552
569
556
628
614
617
626
606
592
573
580
573
592
581
602
591
603
631
588
577
578
561
587
648
590
613
580
575
600
575
575
603
583
600
577
567
547
607
580
555
571
582
619
607
612
514
578
595
569
567
527
556
575
555
545
572
569
552
518
549
581
522
537
580
541
533
541
495
529
545
546
530
534
563
526
526
523
521
503
523
533
532
484
521
531
475
535
522
513
564
533
516
539
527
490
499
524
495
494
489
500
485
520
452
498
506
480
531
451
468
482
434
485
465
455
437
436
440
451
470
445
426
473
444
450
387
416
427
449
470
448
428
381
408
440
411
404
402
397
423
421
398
447
405
405
445
387
414
384
414
395
385
394
382
362
359
384
354
422
377
368
378
369
390
383
368
336
370
357
353
391
369
329
391
372
353
358
349
350
364
349
341
326
337
329
333
362
341
383
349
318
333
336
336
348
330
350
362
347
368
357
327
332
312
339
338
288
345
375
331
323
322
311
342
346
329
286
358
336
340
325
333
315
324
343
351
338
324
317
357
325
301
362
335
340
321
342
331
324
313
330
343
330
336
358
342
357
326
325
336
341
351
327
354
343
336
337
329
343
313
297
330
304
279
334
348
366
355
334
334
330
355
336
388
313
351
362
331
341
375
346
329
384
345
351
346
347
367
360
353
352
332
353
378
380
324
342
338
328
380
379
345
376
339
383
372
355
353
356
338
372
377
352
361
333
378
386
362
371
410
346
327
407
353
367
360
373
342
377
397
357
390
390
382
402
388
377
345
361
357
384
379
345
389
375
385
351
401
351
382
390
395
418
373
382
378
366
415
383
385
357
392
398
358
388
385
400
410
383
403
368
395
393
421
386
371
381
387
388
376
413
372
391
385
362
396
404
366
391
382
408
359
349
398
399
356
396
398
361
357
364
405
365
361
342
397
408
380
343
360
380
363
335
400
372
343
392
392
369
364
344
354
371
345
348
364
358
363
393
346
352
361
390
356
364
335
329
349
347
349
340
336
320
345
341
343
341
350
317
347
297
308
335
326
341
317
302
302
316
336
307
288
305
332
313
294
298
328
294
316
303
326
295
281
286
306
298
285
305
285
284
293
297
269
286
286
297
310
296
285
271
285
275
279
264
281
287
243
282
276
283
282
301
266
280
242
284
254
261
264
272
261
261
254
257
271
292
275
244
260
267
248
262
249
255
272
257
244
235
253
259
263
250
223
231
210
246
231
258
285
287
238
239
250
234
213
243
260
255
245
237
236
241
266
225
241
245
222
240
223
225
262
248
216
217
218
224
231
242
248
259
256
269
237
247
227
219
240
208
235
260
223
237
226
257
242
232
243
230
231
229
230
213
214
231
247
247
241
244
226
232
218
233
250
239
248
246
218
235
220
208
233
220
225
232
216
238
238
206
216
259
252
256
221
258
204
249
235
248
230
237
241
244
223
226
223
218
260
238
219
238
220
251
242
223
239
232
223
217
220
234
200
215
243
229
240
215
228
264
233
203
245
233
247
215
230
201
209
221
255
209
209
256
219
226
215
211
228
242
236
222
207
228
228
236
224
216
208
249
247
212
216
205
200
221
211
209
209
209
211
217
199
238
216
235
222
220
227
214
233
224
223
198
234
236
230
197
233
225
228
234
215
211
219
238
240
197
189
226
254
218
221
217
210
213
229
211
205
239
220
212
228
202
199
218
226
217
198
207
204
226
229
194
209
226
212
239
212
167
217
192
201
201
218
221
239
207
197
218
207
208
229
241
232
173
218
216
210
214
225
202
211
224
232
220
215
214
207
213
200
223
220
219
218
206
206
216
210
221
192
225
223
212
208
197
195
221
188
221
200
186
207
229
211
201
197
206
191
210
217
201
221
216
201
195
202
228
209
217
222
218
194
204
225
240
215
206
220
211
241
220
208
220
217
229
213
208
220
226
220
215
234
203
223
230
205
199
228
216
224
220
223
228
200
204
209
188
223
205
235
212
219
226
232
208
209
230
209
209
218
218
222
212
225
200
232
211
227
203
215
210
206
197
229
210
225
241
210
234
231
231
187
225
198
233
204
231
233
207
210
236
208
235
251
220
226
212
206
227
240
196
219
195
198
228
197
221
196
236
220
206
206
210
221
196
221
192
201
212
227
181
193
198
196
218
222
211
197
203
196
202
189
203
158
192
195
201
186
206
219
178
232
212
210
194
218
175
182
191
196
187
177
197
209
178
169
179
201
213
213
208
217
184
218
197
217
195
204
184
202
159
199
150
182
190
181
184
188
186
179
170
176
175
183
190
159
191
179
199
171
185
190
164
196
209
193
161
190
175
178
207
198
162
183
179
181
173
167
195
195
169
183
172
169
183
161
196
194
190
178
177
177
161
170
178
174
175
180
164
158
171
182
167
200
198
175
177
174
153
193
179
164
208
189
186
191
180
196
168
154
174
172
168
172
174
192
154
171
177
174
162
157
162
211
154
168
177
181
190
156
190
164
177
159
170
190
180
175
166
177
157
193
181
194
168
190
193
195
199
173
166
189
201
176
206
168
180
158
160
184
202
185
179
179
173
178
186
208
181
172
185
194
197
204
169
180
190
208
179
170
169
202
183
159
184
174
181
170
205
197
188
183
184
226
178
174
193
172
215
190
201
220
194
181
183
193
191
194
210
215
201
195
170
174
221
185
193
210
191
218
206
195
189
199
176
204
210
223
201
211
226
208
186
215
203
206
219
229
186
223
224
198
192
194
212
195
180
215
199
240
215
216
200
237
211
221
208
228
235
213
220
241
247
215
219
213
211
212
218
219
257
218
205
193
211
209
234
255
213
231
215
240
210
225
243
240
234
243
222
245
216
230
246
231
240
217
223
240
232
251
220
278
248
230
236
240
236
222
238
241
259
255
245
243
243
235
248
207
221
252
226
250
254
270
256
240
273
248
241
232
215
250
237
251
243
280
253
288
233
309
217
235
255
242
254
248
259
271
267
262
274
213
244
260
259
269
248
250
283
251
244
257
237
278
242
244
265
285
251
284
277
281
267
257
260
281
241
230
278
239
289
275
251
254
283
256
251
274
287
281
252
271
255
250
307
274
299
278
272
260
279
293
275
265
247
255
255
276
270
288
268
254
260
280
264
261
242
258
269
255
283
261
257
265
271
239
280
314
263
280
281
259
257
263
282
276
259
249
242
255
244
252
255
299
252
225
253
253
258
227
253
242
283
267
273
275
269
286
260
262
275
253
257
244
247
267
256
236
255
247
262
275
228
235
236
267
258
241
240
241
245
237
233
247
235
234
246
228
249
220
214
200
198
232
236
207
224
242
214
226
212
205
239
258
213
226
240
204
207
214
223
221
208
220
212
215
221
195
205
202
221
227
174
215
211
200
207
210
199
217
206
209
209
201
184
181
188
208
174
192
201
194
195
203
213
193
187
212
177
197
197
179
164
178
198
183
185
174
181
183
174
189
171
178
171
180
142
159
171
169
174
157
181
170
177
126
169
165
152
171
149
127
162
140
154
143
125
141
136
165
145
132
151
146
163
150
131
150
139
140
137
109
154
155
147
131
138
128
121
143
131
149
122
142
143
126
133
149
134
132
129
132
125
134
138
124
120
143
141
117
142
123
140
139
120
112
124
138
108
137
126
109
108
124
105
119
134
114
129
104
136
122
112
143
147
121
113
114
111
109
107
139
99
140
122
124
96
123
115
120
91
108
137
132
119
121
121
115
126
117
106
111
121
115
127
118
115
119
121
114
110
111
113
109
109
102
95
115
119
108
114
104
114
127
127
107
127
111
119
109
114
97
115
116
110
110
100
103
106
129
135
109
108
117
108
116
113
82
93
103
106
108
104
116
98
97
105
100
113
112
123
104
97
131
113
112
107
115
114
125
107
111
109
102
108
109
120
98
106
107
117
115
116
112
102
98
98
93
104
134
103
103
104
117
112
108
127
108
82
110
122
121
105
128
101
95
115
109
117
124
115
112
99
87
91
101
117
95
119
118
100
114
98
105
97
109
104
100
108
93
101
104
110
108
105
92
124
100
102
118
107
106
93
120
108
123
104
95
111
85
111
106
106
94
116
114
117
98
114
98
108
95
100
128
99
106
109
110
123
101
118
110
101
100
98
100
113
102
91
116
99
81
87
96
97
109
100
109
111
118
104
110
114
121
106
97
90
110
91
113
112
98
88
85
97
81
83
97
97
84
102
84
100
84
115
78
96
89
106
86
116
81
90
87
100
92
102
116
99
82
96
82
90
107
93
109
107
104
101
120
89
105
101
105
102
112
105
102
99
102
76
91
88
92
87
112
99
119
103
85
109
91
110
80
82
110
112
114
98
106
108
98
106
73
108
101
100
105
95
92
105
102
90
92
95
105
102
102
90
118
93
120
83
101
79
97
104
96
102
110
102
91
107
98
91
100
116
94
95
100
110
101
93
96
81
79
90
88
96
98
105
101
98
113
98
94
93
95
103
95
98
92
97
111
91
110
96
102
102
99
103
102
95
103
104
108
107
88
92
121
82
101
98
98
96
99
90
105
96
107
105
98
76
106
86
98
92
97
96
96
101
108
110
90
93
111
100
96
118
101
92
85
92
98
104
97
91
76
107
95
111
115
103
106
89
104
83
89
118
101
94
109
91
103
87
101
104
97
97
89
93
103
110
96
112
95
95
90
97
101
99
118
103
110
79
105
110
106
94
98
96
100
94
111
97
112
117
106
99
84
89
101
89
81
92
98
90
110
87
87
91
113
90
98
101
97
108
101
94
89
104
97
94
95
108
100
101
79
110
109
93
78
104
99
106
107
107
89
88
100
86
85
85
89
118
87
100
101
96
95
108
101
97
88
89
94
99
86
121
88
98
99
92
89
91
88
108
95
92
99
121
85
102
98
123
93
99
82
88
104
92
99
92
88
102
83
90
114
84
82
90
111
101
84
95
105
97
109
101
88
106
98
94
93
101
94
97
78
118
87
93
99
79
99
98
104
101
98
95
99
88
86
88
87
86
81
99
80
98
91
88
88
105
98
119
93
102
96
99
99
81
102
97
98
107
85
92
92
108
96
94
112
84
96
101
100
78
104
101
101
81
116
113
81
101
113
103
95
91
93
109
96
108
91
95
106
80
106
75
84
86
94
74
93
99
87
103
112
96
106
105
85
84
109
88
104
86
94
88
77
93
91
105
83
101
68
89
108
100
102
92
91
83
103
93
106
79
104
109
79
105
99
83
84
84
108
103
96
96
87
84
91
91
92
100
106
95
90
106
99
93
86
98
97
90
91
91
77
91
88
74
83
89
82
65
77
108
96
100
89
109
91
96
105
78
84
77
99
84
91
99
87
75
116
98
86
92
94
83
89
92
79
94
71
86
80
81
90
89
85
97
96
84
82
98
94
84
76
102
104
71
73
101
88
93
98
93
79
83
91
81
86
85
86
72
77
88
97
92
78
80
89
92
79
78
101
81
68
89
91
91
87
79
76
96
73
82
83
82
69
69
91
95
90
99
81
89
96
82
82
78
79
68
76
87
73
73
74
76
94
77
75
90
96
72
72
94
77
87
66
75
87
73
80
80
90
74
82
74
74
78
81
87
88
86
78
90
87
78
73
72
67
72
86
72
80
72
91
72
73
92
88
92
62
90
88
86
80
99
80
73
72
86
82
84
66
83
65
68
76
71
58
74
74
75
74
79
77
89
71
75
77
92
69
80
81
77
86
77
70
69
71
81
73
81
68
81
82
65
71
91
84
72
67
75
65
61
83
78
62
84
82
70
63
76
80
78
88
56
65
92
80
80
70
62
63
76
77
83
77
75
94
81
78
53
72
79
74
72
66
73
70
70
67
64
81
79
78
87
75
70
72
68
65
66
69
69
65
80
76
66
79
76
87
78
77
75
60
72
77
73
70
66
91
66
82
64
82
87
84
66
83
76
68
66
83
62
68
63
88
53
85
64
57
88
89
81
73
83
85
69
75
67
84
70
71
80
73
72
86
66
73
73
65
69
61
73
57
75
76
62
79
67
77
70
60
76
68
71
74
85
74
71
69
64
61
64
78
65
84
74
83
70
73
70
60
79
76
71
74
76
90
75
59
70
78
61
72
73
72
80
87
78
70
74
60
71
62
67
75
69
75
72
59
76
75
71
69
68
69
70
79
75
84
64
81
71
79
77
72
70
74
69
68
60
77
72
73
63
71
72
88
66
72
78
62
88
88
77
86
70
84
84
72
77
76
74
63
63
75
78
78
65
71
69
86
81
80
65
74
77
86
74
60
93
76
72
71
94
78
78
79
76
75
71
66
68
87
73
96
71
88
82
96
65
78
80
81
75
71
85
83
70
96
78
78
63
83
76
95
68
70
69
90
75
78
53
71
75
61
79
80
95
77
97
71
80
87
84
68
86
71
71
77
84
69
87
73
68
83
73
74
72
94
74
55
83
96
93
69
93
81
85
90
91
90
79
71
71
83
90
73
82
94
91
99
78
88
75
79
80
71
86
88
84
80
100
103
72
94
79
82
87
94
81
72
99
86
73
93
91
64
91
78
84
105
85
92
81
81
81
100
97
92
78
72
86
91
104
98
82
98
98
89
104
83
80
79
88
69
99
95
98
102
90
102
76
88
95
85
93
92
89
70
98
84
109
92
75
98
86
95
99
92
106
103
86
91
84
93
104
90
85
85
108
83
102
83
107
84
115
111
93
101
86
82
111
80
82
100
131
95
78
91
97
79
82
98
87
88
92
85
98
95
83
89
103
99
96
70
102
94
98
79
101
102
94
101
97
79
86
98
99
101
117
91
102
97
97
75
87
98
103
102
75
98
81
82
90
103
93
90
104
93
108
91
88
86
88
100
94
105
96
85
113
101
100
87
86
100
72
85
116
92
91
86
93
89
86
98
85
83
89
84
87
71
103
111
99
92
97
86
101
90
89
86
100
86
89
92
73
100
78
77
86
92
96
94
85
107
84
91
95
100
90
105
83
86
87
77
76
85
86
84
94
86
76
96
88
85
83
97
82
90
91
92
87
75
81
87
91
74
86
87
91
92
81
70
86
75
82
70
90
103
83
75
79
80
82
87
84
85
69
86
79
91
90
79
94
95
82
90
83
78
82
73
81
82
75
83
84
82
67
81
81
91
95
88
74
74
81
87
64
94
80
89
83
84
73
75
77
74
85
72
80
97
78
81
71
80
89
85
80
89
81
76
75
75
81
70
77
75
84
69
73
80
93
73
82
82
67
84
91
75
66
60
70
80
80
69
79
64
79
90
86
76
83
99
78
75
61
72
68
75
91
99
84
83
78
78
85
70
85
77
71
74
74
99
98
69
78
80
78
80
78
76
86
85
95
82
91
70
71
71
76
89
70
79
79
89
82
70
79
73
71
71
87
74
70
72
67
63
89
71
75
96
87
80
69
75
74
75
76
89
71
87
68
83
73
73
62
83
81
70
62
73
79
84
88
67
84
95
88
87
78
78
79
82
71
80
77
67
70
83
69
72
68
66
58
72
72
75
79
62
77
58
72
54
63
57
70
83
72
81
76
73
74
63
80
65
78
85
77
60
64
60
67
53
60
67
74
68
68
77
59
79
70
69
69
72
65
78
66
66
50
62
53
57
59
66
63
64
70
62
54
62
69
74
49
73
72
68
79
68
67
67
54
58
61
52
54
54
67
67
61
64
59
45
65
60
69
59
58
62
66
60
47
67
62
54
54
56
72
69
53
58
53
67
65
61
69
49
49
62
59
48
71
43
61
54
43
62
64
53
51
64
58
69
46
58
56
54
65
68
49
68
51
43
58
57
55
50
55
62
45
42
41
74
52
48
58
61
45
55
52
48
52
49
52
53
51
46
57
59
45
47
55
48
50
46
48
45
42
54
54
56
42
47
43
50
42
53
37
52
41
43
40
40
52
43
45
46
40
50
46
53
38
51
45
50
50
44
50
52
54
50
60
35
41
38
46
43
43
40
36
53
48
39
45
46
54
37
45
59
50
51
33
38
44
45
41
39
43
48
48
47
43
35
45
40
42
43
46
38
41
39
50
43
38
36
43
39
46
39
41
48
39
57
51
49
54
53
45
43
53
35
46
35
52
35
47
43
47
41
32
43
43
42
45
54
38
36
46
44
38
40
44
42
41
38
35
44
39
47
44
42
52
42
33
34
41
39
39
33
37
36
51
60
40
48
40
35
40
32
40
50
39
40
35
41
46
52
54
44
45
44
23
36
38
39
42
47
26
37
39
38
41
27
49
37
35
39
32
49
43
39
44
43
39
38
54
40
36
33
50
54
30
42
44
52
55
41
37
37
51
47
49
41
32
33
36
35
47
44
40
39
51
32
42
43
48
43
42
39
32
55
33
30
46
35
36
47
38
36
34
31
43
33
47
46
32
42
42
54
43
33
43
37
40
37
49
36
36
46
45
39
30
31
34
42
40
39
38
46
48
36
42
45
35
27
32
48
41
49
43
44
42
37
43
41
36
47
51
52
40
42
44
49
53
48
56
41
42
50
33
36
45
38
35
50
53
52
39
45
43
51
41
50
48
49
42
51
48
47
39
35
38
53
37
43
57
48
42
44
54
51
35
56
38
40
45
57
55
62
52
50
42
48
41
39
45
37
47
45
54
37
56
57
39
47
34
42
52
45
39
42
44
67
39
41
57
47
48
43
62
36
40
49
55
51
56
44
47
51
36
54
48
59
55
51
46
44
49
38
55
51
42
39
47
48
48
39
49
39
44
44
45
43
64
53
48
57
50
42
46
52
40
44
63
64
62
59
54
39
44
64
52
37
56
57
41
57
52
55
45
47
58
56
47
49
38
51
56
54
56
49
69
47
66
47
48
64
57
55
65
51
51
54
52
58
49
53
48
43
50
67
60
48
56
51
47
46
56
51
53
62
51
73
60
56
49
52
48
59
59
55
51
50
48
64
53
59
70
59
55
57
58
55
67
61
60
54
53
76
54
67
63
62
51
48
60
56
64
52
50
66
55
55
52
65
59
68
53
64
79
52
61
57
58
67
59
51
45
51
49
63
53
58
62
50
46
62
64
65
69
57
66
42
56
50
62
74
70
73
60
62
71
62
59
48
55
55
58
64
50
55
64
63
52
56
59
60
69
61
69
56
68
56
48
54
49
64
68
60
51
53
66
56
53
63
71
66
61
60
63
53
56
54
66
54
53
68
64
66
74
61
51
56
59
47
63
57
65
63
69
60
71
52
53
68
62
65
60
65
72
59
47
62
70
73
65
65
54
62
71
43
57
60
72
58
49
65
64
63
59
68
61
56
55
51
75
57
62
57
57
56
57
53
60
50
64
55
53
52
54
59
62
45
43
71
53
56
50
64
67
69
49
55
56
65
63
51
43
67
65
58
60
54
47
57
59
54
49
55
49
41
63
59
46
45
47
43
52
59
48
58
44
46
47
51
56
58
60
46
61
59
63
50
50
48
46
59
38
47
57
51
52
59
48
55
48
50
52
45
56
42
59
71
59
53
45
38
60
55
46
40
50
60
42
49
44
43
45
41
42
60
55
65
55
58
54
61
43
46
42
57
55
43
62
52
49
41
46
47
41
42
51
43
41
47
39
51
56
47
42
47
32
36
50
40
39
33
53
44
41
52
43
48
46
42
42
39
54
44
49
42
49
40
45
29
36
40
43
42
42
40
49
41
35
39
45
38
35
36
53
47
46
46
36
36
38
42
34
43
41
40
29
44
37
43
34
41
38
48
46
38
32
41
46
48
41
39
40
36
45
39
34
42
39
46
41
34
38
38
31
35
33
40
45
36
41
36
34
49
32
36
55
43
37
44
46
51
36
40
42
42
40
28
35
40
37
41
37
30
34
40
24
35
37
50
47
36
35
33
36
42
50
43
31
36
39
46
43
39
38
37
33
37
43
44
32
36
37
31
38
34
31
39
42
41
38
36
37
41
32
42
35
41
25
38
39
34
27
45
40
43
33
19
35
30
31
43
47
41
40
31
35
30
27
30
29
35
38
38
34
37
22
34
33
37
33
34
32
29
27
35
35
43
36
38
53
41
41
49
41
45
33
37
40
27
30
36
38
38
35
31
32
38
40
28
36
29
33
41
42
43
34
42
32
48
37
39
42
36
48
38
40
44
35
45
36
39
37
39
37
35
52
31
39
39
47
42
42
31
30
35
33
29
35
37
34
40
41
31
34
43
40
36
44
27
40
38
29
38
31
38
31
33
43
43
41
32
34
26
44
34
38
38
27
33
38
32
37
36
39
29
26
41
36
36
34
28
37
45
43
41
38
45
29
19
32
31
33
37
38
44
36
46
38
26
40
39
32
45
37
38
51
42
29
31
33
44
38
47
38
33
39
36
36
32
31
30
36
42
42
32
33
33
27
32
42
33
37
42
41
32
38
45
38
33
25
33
36
39
37
35
26
30
27
32
31
35
39
42
41
39
41
32
28
35
42
37
47
34
27
48
34
29
29
41
46
43
41
34
32
43
44
31
38
40
45
30
42
35
41
40
37
40
36
39
32
32
46
23
33
44
34
32
43
32
34
36
40
37
50
40
40
38
33
35
47
34
36
38
42
36
40
39
36
47
40
34
34
27
39
39
29
32
49
34
36
45
27
32
37
49
36
36
33
37
43
36
37
33
39
35
29
43
36
41
35
23
31
35
44
31
32
44
31
40
37
32
28
39
32
36
36
41
50
32
29
44
39
40
39
34
38
37
43
35
29
33
39
36
31
35
34
31
37
39
41
28
29
31
36
36
34
32
32
39
37
37
38
39
32
26
29
24
35
25
26
43
33
30
29
23
34
28
32
34
40
36
39
44
32
34
30
30
36
41
36
26
33
37
24
27
33
31
30
31
22
51
34
32
39
27
37
47
29
32
28
24
23
32
31
34
25
24
33
29
28
22
37
33
41
36
36
28
41
41
29
30
41
35
23
23
33
32
31
33
37
21
34
32
28
29
31
30
37
29
39
34
25
29
24
33
31
36
32
23
25
29
33
43
34
25
28
42
37
33
34
40
38
37
29
28
46
31
26
26
34
31
21
28
28
27
36
24
34
35
32
20
33
24
27
38
23
24
26
29
27
22
33
26
38
22
28
23
19
32
29
26
26
26
25
20
21
32
33
32
23
34
30
29
30
34
32
27
34
27
29
19
24
30
26
38
29
25
23
25
26
37
25
31
29
27
22
25
26
32
30
23
23
22
25
35
30
28
31
29
27
31
28
18
26
26
29
26
29
29
30
33
32
23
17
33
15
28
29
23
30
27
23
31
34
24
19
21
23
25
25
26
25
23
29
20
22
21
25
29
32
26
27
18
26
36
26
22
31
31
29
29
21
28
22
34
28
30
21
27
30
30
18
28
34
30
24
26
31
26
31
25
21
15
33
25
30
17
24
25
24
27
24
22
29
37
26
29
23
30
27
31
28
27
19
30
29
33
24
30
36
27
21
25
23
29
22
26
18
22
28
26
30
31
21
26
38
21
32
30
33
25
24
30
21
26
28
26
27
25
21
30
25
21
33
22
26
16
31
21
32
36
25
26
20
29
26
23
26
34
25
33
22
25
35
20
24
31
28
24
20
30
25
24
21
27
29
26
31
20
27
25
20
26
27
20
24
20
31
25
26
20
26
21
26
24
18
27
20
27
31
17
19
29
22
20
30
30
22
31
18
23
27
35
31
25
35
31
21
31
29
34
24
37
26
29
26
21
20
27
30
41
35
21
38
21
24
31
19
26
25
26
28
15
22
34
22
30
23
33
21
28
27
21
38
14
30
37
29
23
27
17
33
25
35
27
21
33
20
29
24
31
18
28
25
21
30
36
34
29
22
32
22
26
24
30
42
28
34
27
31
26
37
26
30
30
28
27
21
20
38
25
25
17
26
27
31
31
26
33
20
27
19
19
29
33
22
26
29
23
25
33
30
25
26
22
32
31
36
18
29
23
36
26
22
22
32
38
22
27
25
31
27
34
22
33
25
28
33
27
29
32
24
33
26
24
29
22
24
28
33
33
23
28
27
36
26
23
33
21
23
29
22
25
36
33
38
38
31
27
28
25
23
29
32
23
38
28
23
28
31
26
34
26
26
25
35
32
43
33
30
33
26
27
33
33
31
43
33
28
38
32
24
30
34
25
22
32
34
23
32
29
26
28
30
37
39
30
32
34
34
21
38
20
36
22
36
25
34
32
28
33
28
30
26
31
57
42
33
34
34
27
23
27
36
28
28
30
49
29
28
40
33
30
36
39
31
29
42
25
30
24
26
34
30
36
34
34
40
29
43
35
26
38
27
23
38
31
39
31
32
32
32
37
38
36
33
38
28
35
42
38
27
41
36
41
37
37
23
37
37
31
33
31
39
35
32
36
39
42
33
29
32
39
32
46
44
34
37
40
34
28
42
34
29
29
33
42
36
44
38
37
37
40
34
19
33
32
35
41
38
42
37
36
41
28
27
31
42
32
37
28
30
27
37
32
28
37
43
26
40
47
41
40
41
40
37
44
41
40
30
34
47
46
35
44
36
41
24
40
32
49
40
27
34
48
45
43
53
45
33
43
45
47
34
35
36
33
40
46
34
49
37
41
38
40
39
50
48
42
36
42
39
36
41
43
53
46
33
54
46
38
39
46
35
38
38
40
30
35
25
38
26
46
31
37
44
41
40
54
37
38
42
50
41
42
47
42
55
46
31
53
39
50
52
47
49
44
46
46
51
48
51
59
39
45
45
45
52
39
42
51
56
51
40
58
46
47
41
44
54
42
54
45
49
54
52
55
47
57
61
41
59
61
53
47
44
49
52
57
58
49
63
61
41
54
48
53
51
50
64
69
53
48
62
47
46
54
59
64
56
60
48
49
43
56
55
52
48
52
53
70
48
50
61
65
52
44
55
63
52
61
59
55
54
51
45
48
59
54
48
47
63
60
66
51
59
63
52
53
50
66
44
55
59
57
58
56
72
58
58
59
44
70
77
62
64
54
50
48
65
68
57
58
62
51
53
68
46
65
60
59
53
58
48
54
59
59
69
48
72
50
58
64
61
62
70
58
65
46
56
53
41
62
60
74
60
66
58
66
60
57
53
57
59
58
53
54
71
49
49
56
49
56
63
48
74
56
53
71
49
56
60
66
48
58
48
55
55
60
57
56
65
64
50
56
49
51
66
62
52
61
63
46
56
60
52
69
53
50
51
59
61
53
55
46
55
53
47
53
58
55
64
65
62
61
47
70
41
57
45
43
59
57
54
58
49
51
58
49
61
55
44
60
58
49
55
50
61
46
56
47
57
52
48
44
49
49
54
66
51
42
52
55
58
42
42
48
52
47
57
50
43
40
52
48
49
49
49
46
59
44
44
46
43
51
45
44
48
42
41
49
62
57
42
40
54
30
41
39
45
40
50
43
36
42
52
52
50
42
38
38
49
38
52
33
45
52
46
29
51
35
42
39
29
32
51
47
38
42
44
44
34
33
40
37
54
34
39
38
33
43
33
34
44
32
38
31
59
35
37
40
41
36
24
34
35
23
28
38
26
44
38
32
42
40
30
21
34
30
28
45
19
37
40
19
26
34
34
31
34
20
28
28
17
25
28
29
30
35
31
36
34
24
46
25
36
22
28
38
30
25
22
24
26
30
34
26
28
28
28
25
28
30
25
31
20
36
26
27
27
24
22
31
25
22
28
26
29
23
21
28
19
33
21
26
36
19
30
25
24
19
26
24
18
29
24
37
23
19
22
24
26
21
25
32
18
25
23
25
29
16
24
27
25
23
34
24
28
19
18
30
28
23
22
22
21
15
23
37
19
22
21
27
31
20
23
24
27
24
22
19
14
15
27
16
22
16
12
21
15
23
23
24
28
23
17
7
17
21
32
29
21
15
17
18
18
17
15
17
25
18
14
22
27
25
25
19
27
21
23
16
21
21
20
14
21
17
16
19
22
22
19
29
19
14
19
22
21
22
20
21
21
28
18
18
18
16
15
17
21
22
17
25
23
21
22
26
24
18
23
15
20
26
16
22
51
72
63
76
64
63
72
80
80
81
71
71
66
71
75
73
75
65
76
84
82
70
87
87
75
72
80
78
76
84
72
66
62
56
79
85
66
77
61
85
60
60
72
54
58
64
63
66
54
79
68
75
50
63
77
68
53
59
63
67
75
64
63
72
72
58
70
54
62
61
69
65
70
67
56
65
62
65
59
56
73
54
62
62
47
45
52
59
57
57
68
55
44
51
43
60
48
48
70
44
44
57
48
62
54
50
53
70
60
44
58
53
52
69
51
65
50
58
57
65
50
60
58
50
55
55
49
48
48
65
45
61
43
57
58
52
61
55
49
49
53
54
52
53
63
49
48
44
42
37
42
47
39
52
46
51
59
48
50
54
42
49
52
40
40
41
44
44
38
51
33
48
46
43
43
33
42
43
44
45
41
49
45
51
25
