# Filename : TXT_Files/Background14400sec.Chn
# MCA detector ID: 1
# Start time : b'14':b'14':b'34'
# Start date : b'10Oct221'
# No channels : 8192
# Live time : 716148
# Real time : 720000
# En cal factors A + B*x + C*x*x
# A : -6.625577449798584
# B : 0.1882021725177765
# C : 0.00
0
0
0
0
0
0
0
0
0
0
0
0
0
0
0
0
0
0
0
0
0
0
0
0
0
0
0
0
0
0
0
0
0
1
2
3
20
86
263
377
408
444
418
404
460
432
476
456
417
439
482
458
486
419
502
480
455
505
505
491
497
524
443
495
468
498
527
489
490
454
526
489
505
533
487
511
511
549
507
551
522
514
520
519
533
543
571
551
557
519
534
551
562
624
588
583
558
616
616
588
601
611
608
627
643
688
701
629
645
668
709
709
685
715
665
734
709
728
724
756
743
787
731
830
738
731
739
777
785
830
783
852
826
776
864
848
852
790
862
867
847
831
830
902
914
896
854
850
849
877
795
825
844
835
859
764
839
801
789
791
759
751
820
788
806
795
726
779
791
799
786
809
745
825
816
831
806
802
811
844
800
882
824
831
879
872
849
873
871
858
933
901
857
896
914
923
946
944
950
984
911
928
939
1002
907
1034
1011
1003
998
1000
1033
1043
1033
1071
1144
1104
1045
1116
1113
1148
1158
1221
1123
1137
1153
1214
1150
1194
1263
1204
1179
1211
1174
1267
1192
1317
1228
1233
1296
1282
1344
1306
1344
1265
1370
1359
1351
1432
1338
1429
1419
1496
1454
1395
1423
1439
1523
1507
1488
1478
1468
1520
1509
1553
1565
1573
1620
1659
1644
1580
1605
1650
1766
1672
1746
1758
1775
1791
1788
1825
1879
1833
1913
1792
1805
1784
1970
1935
1958
1885
2040
1884
1880
2006
2074
2144
2111
2002
2060
2135
2060
2138
2130
2176
2174
2172
2114
2330
2210
2171
2231
2247
2293
2223
2363
2360
2308
2312
2378
2356
2414
2476
2402
2449
2411
2454
2466
2446
2547
2519
2551
2537
2529
2524
2586
2541
2654
2639
2601
2697
2573
2694
2628
2621
2674
2667
2690
2668
2748
2736
2793
2856
2729
2865
2832
2910
2798
2879
2855
3026
2991
2962
2953
3075
3067
3011
2953
3055
3098
3128
3129
3124
3267
3186
3270
3194
3178
3144
3195
3172
3210
3362
3370
3379
3436
3216
3333
3367
3380
3452
3440
3513
3428
3500
3360
3508
3477
3509
3478
3478
3555
3437
3456
3485
3508
3472
3504
3445
3502
3446
3424
3443
3432
3403
3412
3315
3492
3443
3365
3414
3321
3482
3451
3358
3369
3288
3477
3341
3319
3370
3318
3299
3344
3350
3350
3431
3335
3273
3306
3380
3430
3218
3343
3319
3252
3274
3165
3301
3296
3450
3433
3310
3505
3256
3419
3431
3354
3410
3372
3360
3370
3485
3412
3204
3410
3414
3433
3400
3315
3397
3409
3394
3451
3458
3436
3326
3375
3344
3325
3427
3458
3311
3324
3323
3398
3406
3391
3333
3359
3310
3283
3335
3343
3326
3270
3326
3337
3342
3292
3324
3313
3342
3301
3273
3271
3236
3271
3273
3286
3304
3298
3191
3304
3217
3348
3257
3190
3259
3209
3244
3320
3145
3128
3277
3261
3258
3176
3202
3194
3153
3163
3142
3161
3236
3176
3098
3220
3067
3213
3112
3141
3148
3162
3119
3122
3082
3213
3144
3096
3163
3144
3157
3037
3061
3099
3078
3070
3057
3091
3137
3104
3127
3131
3041
2914
3175
3092
3101
3169
2998
3086
3065
3074
3055
3121
3087
3081
3044
3014
3110
3079
3045
3001
3003
3064
3024
3052
3052
3047
2988
2982
2950
3106
3058
3007
2987
2902
3066
2906
3042
3031
3082
2992
3001
2957
2962
2964
2998
3063
3003
2939
2963
2909
2915
2988
2862
3029
2886
2853
2844
2915
2836
2893
2870
3033
2853
2903
2926
2920
3006
2918
2868
2991
2844
2900
2811
2885
2916
2830
2839
2840
2883
2860
2858
2838
2845
2814
2806
2898
2868
2890
2777
2803
2822
2693
2758
2936
2852
2800
2866
2832
2728
2876
2792
2873
2771
2826
2762
2674
2734
2809
2772
2851
2743
2749
2738
2789
2661
2752
2833
2675
2724
2688
2762
2730
2659
2748
2735
2659
2681
2646
2761
2658
2651
2744
2677
2711
2731
2724
2717
2624
2619
2571
2611
2700
2646
2643
2526
2507
2589
2579
2518
2585
2546
2537
2573
2486
2606
2565
2518
2503
2507
2463
2537
2489
2443
2415
2436
2517
2478
2521
2498
2502
2403
2449
2542
2442
2448
2457
2387
2459
2420
2476
2375
2456
2498
2446
2447
2444
2484
2440
2425
2446
2450
2412
2395
2463
2456
2515
2339
2362
2441
2370
2343
2378
2444
2347
2390
2272
2334
2447
2337
2372
2419
2467
2411
2387
2318
2306
2319
2359
2385
2285
2292
2320
2381
2314
2313
2301
2256
2339
2353
2309
2304
2268
2252
2372
2225
2301
2238
2233
2286
2377
2316
2287
2192
2166
2236
2202
2255
2220
2225
2292
2172
2178
2141
2161
2266
2229
2144
2192
2171
2172
2158
2185
2189
2212
2126
2224
2209
2128
2083
2228
2168
2192
2119
2166
2199
2060
2035
2138
2074
2220
2161
2049
2075
2103
2112
2075
2111
2060
2024
2083
2061
2007
2050
2061
2042
1992
2056
1989
2071
1992
2055
2050
2077
1977
2014
2036
1992
2048
2045
1978
1977
1966
2030
1980
1952
2018
2003
1949
1914
1998
1914
1956
1990
1983
1848
1922
2002
1903
1950
1885
1886
1936
1970
1922
1888
1954
1921
1917
1879
1918
1860
1789
1866
1874
1896
1775
1845
1891
1824
1880
1914
1910
1865
1866
1890
1927
1836
1806
1712
1876
1802
1901
1837
1808
1821
1844
1805
1854
1859
1866
1762
1831
1817
1742
1735
1848
1922
1858
1800
1861
1889
1844
1809
1787
1795
1864
1809
1788
1833
1841
1798
1753
1826
1775
1774
1819
1843
1765
1737
1785
1726
1821
1824
1717
1795
1734
1788
1709
1783
1731
1686
1691
1775
1796
1740
1762
1771
1827
1681
1742
1716
1671
1703
1735
1717
1655
1700
1711
1697
1664
1714
1751
1667
1666
1681
1666
1672
1690
1696
1638
1680
1661
1598
1658
1629
1754
1703
1679
1641
1659
1661
1606
1638
1616
1675
1645
1623
1607
1570
1614
1605
1602
1537
1494
1589
1614
1580
1605
1543
1535
1600
1581
1554
1681
1522
1614
1617
1575
1640
1555
1624
1485
1595
1592
1535
1550
1533
1465
1564
1576
1522
1442
1550
1534
1528
1514
1552
1560
1520
1420
1510
1413
1527
1515
1508
1457
1449
1467
1467
1537
1524
1426
1454
1464
1535
1447
1527
1445
1532
1457
1449
1508
1485
1510
1505
1401
1381
1476
1533
1449
1409
1463
1476
1487
1393
1422
1454
1466
1451
1424
1384
1393
1425
1432
1405
1385
1389
1402
1401
1483
1464
1452
1373
1414
1358
1373
1444
1419
1384
1488
1456
1371
1386
1326
1407
1413
1373
1399
1339
1406
1392
1312
1395
1392
1434
1432
1386
1365
1283
1305
1351
1380
1348
1325
1322
1348
1411
1365
1392
1320
1316
1293
1397
1368
1361
1372
1310
1294
1358
1370
1293
1336
1339
1320
1281
1285
1326
1310
1361
1283
1344
1311
1328
1313
1341
1304
1284
1385
1281
1319
1298
1299
1316
1335
1300
1301
1344
1358
1287
1312
1325
1320
1354
1305
1336
1255
1335
1368
1271
1258
1273
1301
1267
1295
1317
1274
1340
1380
1325
1293
1347
1338
1320
1324
1283
1362
1356
1329
1325
1363
1358
1420
1401
1390
1262
1392
1354
1363
1333
1389
1364
1325
1356
1364
1329
1334
1348
1356
1344
1416
1330
1346
1314
1307
1416
1394
1420
1327
1365
1327
1371
1333
1260
1398
1330
1399
1381
1356
1339
1336
1426
1339
1372
1345
1393
1345
1322
1366
1360
1370
1315
1346
1297
1342
1331
1298
1279
1270
1285
1270
1278
1283
1335
1273
1283
1302
1279
1285
1203
1292
1266
1294
1246
1279
1280
1206
1208
1224
1271
1256
1238
1249
1214
1220
1184
1186
1159
1219
1172
1218
1199
1158
1101
1197
1160
1197
1084
1106
1117
1109
1144
1126
1090
1111
1074
1155
1074
1091
1107
1094
1077
1132
1045
1113
1071
1025
1051
1036
1015
1060
1047
1013
1077
1002
1032
1040
973
962
978
975
1024
996
1027
986
987
976
1024
980
924
958
976
954
938
946
927
921
951
940
879
899
920
915
844
903
941
899
967
913
911
878
836
889
885
883
885
857
850
902
880
877
872
883
856
879
870
861
930
878
858
900
906
926
885
870
856
867
823
848
853
838
892
841
870
845
837
850
805
841
830
861
827
848
908
851
822
856
839
837
812
820
857
842
827
785
867
813
797
832
874
801
863
833
863
791
849
804
858
829
842
819
837
885
820
847
825
846
828
810
797
814
746
822
809
799
793
769
790
830
763
783
841
765
803
852
806
844
816
803
741
796
850
804
841
735
818
755
782
851
791
826
766
839
780
775
831
804
766
775
792
784
784
795
792
789
788
757
787
804
828
769
787
818
774
787
775
840
860
771
754
816
754
814
820
804
802
775
735
756
834
753
780
734
808
793
819
775
802
789
743
765
751
757
751
792
809
761
779
706
734
783
737
756
784
802
745
821
762
799
766
815
704
773
697
756
728
739
740
773
741
767
748
738
724
761
755
758
705
723
747
756
733
765
722
706
733
732
708
722
724
677
714
698
706
728
726
703
715
692
701
734
696
684
699
679
695
705
700
722
719
682
622
704
724
649
677
646
720
695
645
689
662
715
648
673
721
675
669
668
689
729
649
637
654
663
631
688
679
665
615
670
600
611
640
616
623
621
627
640
654
610
633
589
640
630
643
602
594
626
660
621
572
578
586
612
632
610
631
638
607
547
556
597
590
610
582
617
548
612
609
604
581
596
568
610
609
585
583
567
588
567
562
580
560
604
535
590
596
569
535
564
585
591
613
620
550
591
541
546
558
540
619
572
543
569
604
581
581
534
554
573
572
557
551
564
539
582
572
573
576
562
560
585
577
576
585
577
595
573
578
567
539
600
567
591
574
598
554
591
593
602
554
531
528
562
520
564
607
581
593
590
602
599
555
560
612
553
578
552
579
590
586
588
591
589
560
626
557
588
593
585
599
599
621
648
574
640
609
569
609
572
613
602
607
579
622
568
618
582
587
603
592
565
564
598
658
591
574
614
551
629
578
616
561
598
632
618
575
596
663
647
616
590
600
613
582
599
622
672
607
625
642
638
604
598
599
651
617
575
690
620
558
625
568
574
614
600
603
582
572
598
607
577
541
615
592
612
596
597
582
582
600
607
598
574
581
608
584
593
666
563
564
591
614
572
572
585
604
601
631
625
564
581
588
546
578
597
557
566
561
524
548
542
559
539
544
550
569
530
585
544
576
596
516
525
540
557
545
548
549
521
528
512
532
479
518
514
503
507
518
505
514
510
514
510
491
455
493
532
508
417
495
423
466
487
468
447
440
451
454
429
456
458
485
468
437
483
483
459
459
474
469
447
419
474
426
442
425
415
410
453
450
436
410
419
420
400
441
435
393
407
392
394
401
385
354
369
399
417
389
374
367
414
366
377
358
366
337
409
372
393
372
335
385
345
344
350
382
363
371
362
350
369
371
346
368
355
357
373
380
341
338
352
358
323
423
361
360
373
340
361
352
340
345
318
344
357
342
343
341
346
365
343
326
331
350
328
345
353
347
322
325
333
305
317
355
320
355
316
328
282
301
332
306
341
329
354
339
341
353
337
325
327
322
322
326
303
344
289
315
326
316
316
311
349
341
314
298
305
325
336
357
316
340
336
323
296
290
330
342
340
340
330
279
343
324
329
310
322
318
323
324
353
311
336
322
307
338
293
334
330
310
279
313
311
337
274
293
340
295
320
306
308
326
319
329
322
323
319
299
301
320
309
286
298
325
316
323
316
301
291
297
308
311
313
288
275
326
316
284
322
309
295
297
274
282
305
320
305
309
301
299
342
294
321
294
334
294
334
258
293
283
300
277
294
317
293
324
315
315
298
261
296
265
282
321
282
282
275
275
265
318
261
269
310
294
290
295
258
291
309
268
282
293
279
286
292
286
261
307
275
298
280
300
285
271
299
281
283
295
280
270
286
254
244
259
265
289
255
255
276
273
278
294
300
283
297
284
297
272
269
308
264
295
306
277
286
294
272
284
296
288
298
285
285
258
273
280
317
263
268
270
258
281
276
282
258
262
262
267
268
300
276
284
274
261
261
288
284
252
290
265
288
260
257
262
253
240
258
254
249
238
239
257
241
259
229
268
263
275
280
261
262
241
268
275
253
261
285
260
260
258
260
257
231
279
250
294
276
271
259
270
260
249
259
252
261
252
287
265
260
276
254
268
262
280
251
228
275
226
267
280
275
246
256
250
304
272
245
273
268
267
244
254
245
242
252
276
272
260
245
267
239
247
278
250
250
259
267
266
251
284
271
258
265
247
255
287
285
286
258
237
267
270
239
281
249
272
252
236
271
255
250
243
269
251
247
226
229
256
244
237
244
264
268
254
234
249
246
222
221
243
235
266
249
265
273
252
283
239
249
227
229
272
263
247
252
268
255
264
257
257
254
222
267
247
227
262
254
242
254
250
223
278
265
260
269
255
252
248
248
240
258
254
251
202
243
255
199
227
258
244
250
244
252
239
240
260
250
227
232
230
239
231
250
208
281
244
239
249
273
244
277
265
275
260
282
255
231
258
237
239
226
244
244
249
240
236
216
252
232
220
218
242
236
261
224
236
226
224
248
224
241
244
253
246
241
228
212
237
228
268
226
271
245
233
242
247
242
225
235
254
221
249
220
246
244
215
238
236
250
208
241
243
248
236
222
213
223
237
216
210
220
258
258
203
237
229
223
264
238
244
217
246
218
238
224
241
225
227
248
269
227
240
203
233
214
228
238
230
219
224
248
194
240
241
265
248
239
230
248
244
223
221
239
249
252
230
229
244
241
223
258
220
239
236
234
214
238
233
270
206
233
246
261
240
240
237
245
234
217
236
228
256
241
261
261
255
225
218
259
214
239
242
236
236
224
248
229
245
232
244
231
247
239
248
258
206
242
231
210
241
250
224
248
221
250
232
250
232
247
214
250
281
246
238
241
239
239
234
234
224
203
227
232
247
242
216
240
245
217
234
214
244
227
254
244
226
248
245
256
265
255
256
250
237
227
231
253
220
231
271
220
218
191
248
229
213
234
214
257
219
244
254
247
227
222
227
235
231
236
258
250
236
251
241
248
244
214
235
258
226
224
240
214
226
230
213
230
228
233
232
240
209
223
258
226
223
235
220
232
213
231
224
203
232
229
235
211
221
228
249
197
237
266
217
216
229
218
214
230
241
210
185
211
226
237
197
181
193
223
216
234
205
215
203
230
222
191
233
229
197
223
217
210
195
206
225
217
201
229
202
215
205
212
216
239
208
183
191
221
214
193
205
188
203
214
195
189
197
184
225
247
201
201
204
162
222
223
186
216
195
216
187
189
228
197
213
193
215
193
206
189
228
168
209
199
202
202
189
202
184
190
192
199
191
190
209
197
175
195
195
166
186
197
209
184
183
200
207
200
194
207
183
194
199
158
182
186
208
178
206
209
201
184
169
182
193
203
192
170
180
202
175
175
195
182
169
195
208
185
184
176
190
200
209
200
186
173
171
176
191
195
204
198
175
196
182
196
180
199
187
181
212
185
203
195
165
200
190
167
180
173
197
205
176
171
178
204
178
191
236
173
206
201
222
184
210
227
180
196
190
165
194
200
217
199
197
194
193
175
208
201
214
189
203
207
231
192
199
193
198
214
161
193
171
198
171
217
197
212
202
203
233
191
222
216
219
190
193
201
205
169
219
212
197
190
220
223
210
229
213
204
222
196
190
200
183
187
208
187
204
209
231
216
216
230
227
195
201
215
223
203
233
258
261
252
223
210
212
226
221
210
219
247
229
227
218
235
220
239
229
228
228
236
231
235
216
251
222
214
232
220
219
235
234
237
229
228
254
233
229
251
265
243
240
240
260
248
232
244
253
268
234
252
262
251
261
232
249
259
261
224
231
254
254
274
283
266
251
280
265
248
243
272
287
251
250
266
270
243
261
247
234
267
258
258
277
257
248
251
253
268
272
281
253
249
248
250
243
281
267
248
296
243
255
243
258
274
287
259
254
263
233
246
253
295
305
258
296
291
292
256
282
270
276
288
292
305
254
278
287
254
268
303
280
314
271
297
291
287
264
273
259
257
271
285
283
272
264
269
291
269
274
281
240
267
271
286
255
250
277
294
272
265
284
305
285
249
263
272
254
260
286
265
272
284
292
279
247
269
261
269
257
260
265
262
241
272
289
255
274
258
302
242
246
231
269
271
251
273
256
259
288
254
299
265
289
284
276
256
272
251
230
280
271
266
259
238
279
273
231
257
276
256
217
250
262
238
259
255
226
249
246
274
248
249
257
260
257
250
257
259
227
244
262
252
238
223
234
248
257
203
222
230
241
203
251
218
218
254
216
231
232
251
238
233
219
225
211
202
216
220
192
224
221
237
184
212
197
227
220
211
191
196
209
211
226
208
209
212
209
215
228
193
189
214
177
209
188
188
190
206
202
218
184
207
188
194
172
194
195
183
179
189
182
180
185
202
181
174
163
176
160
179
187
174
171
153
169
184
176
172
159
152
156
153
174
175
168
163
167
165
158
171
159
149
163
159
170
168
150
161
134
169
153
164
155
125
155
153
132
155
154
161
148
148
150
147
124
147
134
140
118
137
129
126
135
155
121
146
145
111
138
139
130
136
143
120
102
130
113
137
109
132
121
147
135
133
127
145
127
136
142
116
139
141
147
121
112
127
135
127
133
127
122
114
131
114
129
145
114
132
102
108
125
113
121
138
123
122
133
113
110
125
121
143
114
128
119
123
120
129
113
107
129
134
106
133
126
121
129
121
126
123
98
121
122
113
104
110
126
140
109
101
124
118
108
123
125
129
130
121
114
119
122
110
122
117
113
134
113
142
116
98
121
134
115
103
118
113
127
125
116
113
109
113
122
93
101
104
95
124
113
101
106
102
110
123
128
113
107
111
125
109
126
105
96
130
113
110
117
117
104
97
101
111
108
123
126
116
108
110
112
131
102
130
94
123
123
95
105
123
113
107
99
106
123
122
110
110
113
130
109
109
108
102
120
114
89
93
115
115
104
113
121
89
113
121
121
111
107
103
97
113
105
93
117
119
103
112
123
133
104
105
100
100
113
134
121
115
113
114
108
119
93
115
113
90
104
123
119
107
107
103
108
113
108
118
97
104
122
116
107
83
112
100
104
93
114
119
102
104
131
115
112
91
118
105
114
124
122
111
124
107
115
116
108
95
113
118
93
116
113
104
84
126
111
113
93
123
92
120
120
118
112
100
96
110
91
112
97
115
105
98
99
106
107
114
89
108
97
117
107
104
99
100
120
119
109
114
101
108
92
108
106
99
102
120
113
114
100
118
106
106
116
93
113
116
96
99
123
107
89
97
109
102
111
106
116
106
102
112
112
92
106
108
120
119
100
121
115
109
103
107
109
106
106
123
95
128
110
110
102
112
106
98
100
115
107
94
108
118
117
115
99
121
106
96
123
119
110
105
106
112
94
109
107
112
118
106
107
111
108
105
84
104
113
106
99
115
98
123
99
112
137
120
110
104
134
124
129
129
112
101
119
113
98
138
106
98
99
130
125
110
97
114
99
119
121
132
122
123
105
112
104
132
102
108
112
134
107
107
125
96
114
110
93
109
97
114
99
95
103
101
121
120
108
111
95
107
101
116
101
115
115
96
114
105
126
118
111
96
104
129
122
122
108
113
100
127
105
109
110
116
108
99
90
96
112
127
83
118
90
118
111
117
119
116
103
102
104
105
109
104
99
99
124
112
98
95
120
106
89
112
102
103
115
90
96
97
104
109
108
98
123
114
95
114
106
103
109
99
112
88
136
102
95
103
111
109
101
128
117
114
118
106
115
105
94
114
93
115
88
103
113
116
115
103
130
94
109
98
110
107
109
113
107
87
117
98
103
85
119
113
109
82
103
103
107
112
103
109
104
112
120
97
95
109
117
101
109
105
127
107
105
103
88
90
104
106
123
125
102
119
89
117
129
125
105
109
107
112
99
110
109
121
107
97
109
93
114
104
108
112
121
116
131
107
106
104
119
118
106
129
108
103
103
115
104
111
100
90
94
110
107
108
105
117
117
109
91
118
107
99
93
118
111
112
100
98
107
95
111
111
104
96
118
102
120
103
99
106
99
114
104
109
89
112
107
100
91
107
89
122
106
111
122
104
89
91
111
115
116
113
96
97
92
109
110
114
112
120
104
114
97
115
118
102
105
98
94
107
97
94
113
108
103
118
110
100
107
96
111
96
112
110
116
110
107
86
85
103
99
102
114
104
108
104
104
90
106
107
94
112
102
104
95
95
89
100
126
102
97
115
110
111
92
120
88
117
92
96
88
110
103
109
95
88
105
113
91
116
94
83
105
108
96
101
111
94
118
108
91
107
91
89
111
109
113
90
119
131
95
103
102
93
99
114
110
110
110
109
88
113
113
104
125
107
94
105
103
101
92
100
86
100
92
100
101
83
81
95
100
104
127
85
102
93
87
102
83
108
86
85
82
97
87
92
91
91
106
73
87
95
90
112
84
89
107
86
88
95
105
99
93
88
93
115
86
79
74
86
101
104
105
109
92
103
83
86
100
87
90
106
96
105
90
98
94
106
110
93
101
89
90
99
77
101
95
88
78
97
95
85
86
90
94
89
88
98
96
95
87
81
91
105
119
80
98
83
94
100
82
72
105
84
98
86
87
112
91
93
80
86
101
98
80
91
84
87
74
84
92
95
97
82
87
90
74
95
90
86
102
71
87
100
76
88
94
83
69
77
92
85
79
78
68
77
82
97
79
91
88
86
101
88
86
84
92
79
83
107
89
85
103
71
93
89
78
75
74
96
87
108
81
95
92
87
82
105
77
105
90
85
70
87
74
81
79
89
80
88
74
87
79
83
82
90
90
95
80
77
84
74
78
79
79
82
78
90
86
99
88
89
108
89
96
86
97
87
95
84
85
84
94
92
72
73
82
88
75
98
102
80
92
86
82
85
103
88
84
79
84
94
88
94
87
80
85
65
84
92
97
79
85
97
86
79
89
88
88
72
70
112
89
75
71
83
90
83
73
93
86
87
92
84
64
97
88
94
78
71
97
96
83
70
94
103
96
73
82
112
91
89
113
84
87
87
102
81
63
83
84
92
73
75
93
88
85
81
87
77
88
84
66
70
76
68
76
78
72
74
72
75
91
86
98
97
79
87
77
75
83
81
68
89
90
93
89
86
97
76
90
81
101
90
70
80
98
86
113
83
86
82
97
103
88
96
80
81
83
80
87
94
76
75
83
96
80
84
80
84
76
85
91
76
87
98
84
75
77
112
95
80
98
96
77
96
87
75
84
81
96
95
85
81
84
108
72
91
104
80
83
88
83
75
100
84
96
94
89
91
91
89
102
102
107
81
96
71
89
90
100
105
78
90
90
89
88
75
106
108
96
102
94
72
73
91
81
102
83
78
91
80
87
101
100
89
95
90
97
97
78
76
89
95
104
98
95
90
89
93
76
75
96
98
90
77
91
73
108
103
79
93
94
104
88
105
99
109
104
106
94
88
97
105
107
93
91
103
97
76
102
102
90
93
86
97
99
94
92
98
95
98
90
89
98
90
81
95
121
107
106
113
90
103
97
105
115
103
105
104
100
104
110
94
97
109
88
81
99
99
116
103
88
94
103
121
116
100
96
106
87
113
94
94
99
105
99
102
105
105
103
97
134
111
105
114
97
103
114
112
89
118
99
102
80
103
109
90
94
93
111
115
108
88
94
115
111
95
105
86
110
106
102
105
117
94
100
106
112
97
113
103
107
111
117
111
111
100
120
97
96
100
116
97
135
107
75
106
101
122
102
114
127
90
101
111
108
112
104
93
100
107
109
98
102
107
89
102
89
94
114
116
110
103
101
102
98
98
104
102
108
116
99
100
114
93
90
103
116
110
87
109
97
104
93
110
117
94
102
98
106
101
100
112
96
118
105
96
108
100
100
115
98
95
104
112
93
121
116
103
112
85
97
104
106
103
101
79
111
102
113
95
71
98
99
108
97
97
83
103
103
75
94
111
85
107
113
95
90
102
88
79
96
76
101
103
98
96
95
98
104
94
99
106
120
107
79
82
111
115
91
91
86
94
88
84
104
107
119
96
96
93
108
87
83
78
83
96
90
94
95
75
89
97
103
100
102
85
97
83
94
96
91
95
84
103
89
88
83
95
94
89
108
97
94
63
101
107
104
96
78
82
90
98
101
100
91
86
102
84
94
97
84
91
96
101
86
69
101
89
74
80
68
81
102
80
101
95
92
118
99
108
84
84
101
105
83
79
95
91
73
104
103
92
84
87
78
100
95
101
90
83
90
102
97
87
72
87
87
94
77
114
74
82
97
90
95
81
91
98
91
85
95
116
73
86
80
78
74
94
79
64
91
85
80
103
98
86
89
90
92
89
104
84
85
95
85
77
92
92
90
87
85
70
78
103
83
81
70
89
93
78
72
85
82
98
81
64
94
96
87
79
77
88
90
80
74
73
84
86
82
81
79
83
88
114
79
77
69
68
74
69
82
79
76
69
78
75
75
66
72
95
80
77
78
69
74
68
88
87
60
72
95
77
62
90
76
91
91
72
71
88
80
82
58
75
74
77
74
82
76
84
87
86
77
68
77
69
71
81
65
81
73
75
80
88
74
67
63
94
55
71
82
81
73
79
48
72
79
82
75
81
58
77
75
61
70
55
87
62
68
73
68
56
58
84
62
78
73
63
47
51
65
62
60
74
65
76
57
65
72
64
74
60
67
66
71
60
69
71
66
69
57
64
56
64
72
55
62
45
69
60
69
57
60
55
67
73
58
62
66
80
45
71
52
65
64
67
70
63
70
53
65
60
67
56
62
48
59
74
59
54
58
45
63
55
52
59
73
68
49
57
64
63
63
48
54
50
57
48
63
59
49
59
52
51
68
49
47
60
47
69
53
57
68
57
64
54
45
62
66
75
39
42
67
53
64
56
58
75
53
47
51
39
54
51
63
63
55
49
57
65
54
57
62
66
52
54
56
50
47
50
48
69
56
54
43
48
50
53
58
62
53
59
61
58
48
52
48
39
57
68
42
54
57
50
46
55
69
42
41
53
50
57
46
47
34
51
43
49
51
57
46
49
45
67
48
51
45
62
48
50
44
53
39
48
54
60
77
58
46
48
62
68
43
46
53
42
46
45
48
54
43
45
45
55
52
37
51
44
60
48
54
56
53
56
55
55
56
49
49
49
60
54
46
50
45
54
53
61
49
40
54
47
61
50
38
58
57
58
54
53
67
38
48
50
43
60
45
49
52
62
43
44
59
52
43
49
45
47
47
48
40
52
45
63
41
55
64
47
57
55
50
60
63
58
54
50
52
72
62
53
60
49
41
55
52
42
46
52
52
63
39
57
52
63
50
50
58
47
53
54
48
61
46
59
52
52
58
46
53
57
46
53
50
43
41
48
49
46
42
58
57
52
53
49
57
47
64
39
55
50
60
68
68
57
52
51
46
46
55
47
49
56
46
64
60
57
53
46
52
44
44
66
42
49
47
58
51
49
41
54
51
48
52
45
52
53
51
51
60
52
51
28
58
55
44
49
43
51
54
53
44
47
56
47
48
55
42
34
55
50
63
74
54
59
46
50
56
51
65
47
64
70
43
51
52
56
63
48
52
65
56
64
51
55
64
54
64
65
59
57
46
52
52
55
51
49
61
41
60
75
68
61
47
48
55
64
54
49
47
56
62
57
49
72
58
45
65
48
53
62
63
56
58
68
63
63
52
55
64
57
69
65
69
70
56
60
61
41
61
66
65
69
65
62
55
63
60
56
60
59
42
66
44
50
51
59
56
53
75
57
59
58
71
59
68
61
55
60
62
53
66
60
64
61
61
65
74
57
67
61
63
46
52
57
65
62
53
69
60
72
71
60
54
68
58
68
64
65
61
61
87
60
79
76
48
72
55
53
56
58
62
59
48
61
73
72
62
73
64
62
57
72
60
59
65
63
63
45
69
60
70
54
49
76
56
71
82
60
61
70
61
79
66
77
70
65
55
72
78
70
60
65
56
69
73
59
67
86
82
50
70
62
69
61
53
79
73
75
74
56
61
59
71
71
64
69
59
55
59
79
70
79
57
67
67
82
73
66
78
56
80
66
55
64
68
67
66
65
67
73
62
61
59
73
66
62
59
56
58
63
65
68
66
62
74
74
54
90
70
61
57
59
84
77
58
68
68
61
71
68
62
68
81
64
75
60
69
73
58
57
75
58
71
75
66
77
69
76
82
76
59
60
69
68
69
61
68
63
67
78
53
72
69
69
65
79
64
78
66
70
58
65
70
64
51
74
64
79
56
62
79
67
79
61
67
75
67
62
67
70
66
66
71
60
77
73
68
58
59
62
70
73
59
70
75
79
71
77
62
80
63
62
60
60
68
64
54
80
71
62
64
58
69
70
71
65
68
63
66
70
55
59
70
67
64
73
61
69
66
65
79
58
66
82
76
80
73
72
59
70
61
53
77
73
73
76
69
60
45
66
62
53
69
62
62
57
66
61
55
75
44
56
74
80
58
62
58
60
62
57
59
57
53
67
67
64
59
61
65
59
58
44
65
51
56
45
63
52
47
55
63
64
48
61
55
59
57
51
66
52
52
65
57
66
73
75
62
74
52
77
62
48
58
61
49
66
64
67
49
59
64
66
70
53
57
52
64
66
70
69
48
57
53
53
50
71
69
58
63
65
65
59
64
54
62
53
56
57
54
71
51
75
62
55
57
55
51
60
50
52
75
47
53
60
56
53
50
61
51
59
67
55
50
49
55
52
50
50
49
42
49
53
55
54
66
55
52
71
70
56
66
49
50
69
50
61
53
45
55
64
59
53
67
49
70
46
44
57
65
47
46
61
63
57
41
59
49
50
36
54
50
41
40
52
48
48
56
54
57
74
63
51
46
48
43
47
50
61
54
54
55
45
48
49
47
54
51
57
44
43
65
39
59
50
54
53
49
44
58
61
39
60
61
61
55
49
41
59
43
63
58
40
44
57
77
48
41
50
49
53
54
62
48
51
58
48
51
48
53
38
59
49
36
51
52
50
53
43
48
48
46
46
76
47
36
45
37
44
37
56
46
42
51
58
40
47
53
34
60
47
44
50
53
49
47
39
46
49
48
47
56
37
54
45
35
48
47
40
48
36
39
59
40
44
44
40
41
30
46
42
45
56
46
55
45
50
42
49
49
37
53
42
56
47
49
58
37
49
56
52
43
50
35
48
49
53
54
50
41
36
47
42
49
48
41
39
46
43
39
43
54
40
37
33
32
44
43
49
50
43
55
38
54
50
50
48
29
45
48
38
44
53
49
44
50
42
30
51
42
52
55
52
48
41
39
45
46
50
51
34
50
41
43
49
49
54
40
42
40
43
30
45
40
33
39
54
40
43
46
47
46
47
35
50
40
37
36
53
46
56
55
49
41
48
32
48
31
47
43
56
44
40
55
40
36
40
44
39
37
46
32
45
49
46
46
55
45
40
46
42
45
41
36
45
46
57
59
42
50
45
42
37
48
53
44
52
45
49
40
40
51
50
52
35
45
48
46
35
44
47
48
45
58
38
51
48
37
48
57
53
37
56
51
44
35
46
35
56
59
41
43
49
45
51
45
39
48
45
44
48
51
39
43
40
53
45
48
41
56
43
44
43
51
45
50
35
30
47
38
45
54
46
50
52
49
42
44
40
46
45
40
42
59
47
36
49
30
43
47
42
46
40
62
46
44
41
48
52
52
35
50
34
41
44
52
46
53
52
48
56
52
45
57
41
48
40
59
37
44
44
40
41
46
50
48
38
49
48
49
40
52
50
39
46
45
49
39
50
54
55
39
45
42
43
49
49
45
49
40
47
51
54
47
36
40
46
40
45
49
46
37
49
30
52
47
52
57
52
47
47
51
44
52
29
42
39
46
39
50
49
46
44
34
35
43
40
43
54
46
47
44
39
47
50
36
49
33
50
39
38
49
39
41
42
39
46
45
35
48
44
40
45
34
40
40
39
53
41
37
43
41
56
42
37
39
41
33
39
51
46
38
33
44
48
39
52
48
48
36
48
42
51
52
49
45
35
39
34
45
45
53
49
39
45
45
36
44
37
51
29
42
35
36
51
45
43
40
28
45
51
50
34
40
38
42
40
41
45
47
46
49
38
45
47
54
47
41
39
50
58
50
41
48
35
32
36
38
37
31
30
39
31
41
39
52
41
32
34
43
40
36
42
42
37
36
45
38
38
39
46
34
37
42
53
39
37
37
51
46
40
35
42
43
44
29
43
31
50
27
36
35
43
49
37
30
30
41
51
39
39
52
55
36
38
38
36
44
39
31
38
43
32
35
35
34
35
43
42
37
29
40
42
44
28
39
42
45
39
41
38
30
39
42
30
34
41
41
39
35
42
42
42
44
46
32
35
39
45
36
44
41
44
28
28
41
34
44
44
45
40
36
33
37
46
43
39
20
38
50
43
38
44
50
49
37
34
56
44
34
38
40
39
53
46
35
32
42
36
39
31
30
31
54
39
41
31
54
35
45
40
43
43
38
39
47
46
39
39
27
34
33
46
44
43
37
32
37
43
44
40
41
28
35
53
47
42
29
35
41
34
38
50
50
42
32
43
39
50
35
40
40
43
34
38
36
34
41
45
36
34
36
37
38
37
29
38
34
38
26
46
40
42
39
35
40
35
43
48
51
29
42
48
43
36
32
34
43
33
45
35
46
41
50
37
33
33
33
41
42
37
31
48
36
39
48
43
44
34
35
31
48
44
44
40
34
42
33
36
38
37
36
36
27
46
34
44
44
31
31
43
34
40
37
39
39
32
43
39
33
26
44
37
43
28
36
39
33
34
47
50
35
30
24
37
32
40
36
30
24
35
35
35
26
26
35
35
37
39
29
38
39
44
37
41
30
44
39
31
34
39
30
34
33
39
33
27
26
32
33
34
33
29
29
39
40
34
25
24
37
28
36
37
35
36
34
31
31
41
29
31
33
31
28
38
37
34
32
48
39
37
43
36
30
33
34
34
24
32
29
34
23
36
38
34
29
42
36
31
35
39
27
29
30
39
28
24
29
35
41
40
28
21
32
31
28
30
42
39
27
38
33
31
43
31
29
27
47
45
43
30
35
37
27
24
25
28
34
28
16
33
42
34
28
45
42
30
35
28
37
37
35
39
27
33
32
32
28
36
14
30
42
24
33
33
29
43
32
35
40
39
26
29
34
43
25
26
34
50
26
28
29
31
28
37
41
39
41
43
35
25
34
33
41
39
34
45
30
26
33
39
31
38
39
34
36
29
35
23
31
32
21
25
33
28
30
36
33
38
42
38
26
37
41
44
28
43
35
22
31
39
25
37
49
35
32
38
26
44
39
32
32
32
34
35
32
42
30
37
33
38
40
30
30
32
40
37
34
39
34
42
34
46
38
40
35
34
45
25
47
38
34
35
39
41
48
27
36
40
33
31
22
38
37
34
36
33
39
34
45
22
36
39
32
30
31
37
39
47
38
37
42
36
35
40
35
36
56
49
35
46
38
24
37
28
34
28
41
39
34
47
42
42
44
46
33
46
45
43
35
47
27
42
51
39
38
38
37
29
53
39
43
46
42
40
39
44
42
42
43
38
41
38
37
44
45
40
37
40
58
37
44
39
46
38
41
44
45
49
44
40
26
46
44
55
46
32
47
37
50
36
49
34
46
51
42
50
49
51
51
46
39
48
36
39
42
63
50
44
38
52
47
44
53
42
45
38
49
48
51
44
50
70
61
50
50
43
50
50
48
45
40
57
50
39
65
47
54
42
56
51
60
62
37
47
46
49
44
56
55
58
59
49
61
43
57
58
46
48
59
52
59
52
56
58
52
67
52
60
52
46
50
53
54
68
55
45
52
55
59
57
55
52
78
50
56
53
63
51
58
59
56
59
62
59
61
63
51
49
65
60
63
56
56
54
64
49
56
58
62
63
54
60
48
55
58
67
48
66
54
61
48
60
59
53
68
49
52
61
38
57
55
55
58
56
47
64
47
63
56
49
50
67
59
51
71
66
59
60
66
50
69
60
61
57
49
49
57
70
59
60
71
65
54
64
60
51
47
60
57
52
48
71
65
65
62
56
52
67
76
67
70
78
59
62
60
60
43
48
55
62
59
54
58
61
55
53
61
57
50
53
47
62
49
54
58
48
53
57
48
48
46
47
44
42
56
63
41
53
70
54
52
56
50
43
40
46
43
69
54
48
49
60
57
58
55
61
58
55
60
59
61
58
54
65
46
43
46
45
48
43
50
59
38
51
75
50
39
45
48
49
34
61
66
52
46
59
44
57
46
45
62
42
44
42
65
48
51
59
51
51
51
45
61
56
53
53
44
40
48
39
38
43
48
48
50
48
42
41
31
59
35
28
45
44
46
46
42
46
47
47
47
34
37
44
58
50
39
49
39
41
31
35
49
27
40
40
45
34
43
38
47
31
36
35
38
35
47
37
48
28
42
33
32
45
26
30
37
32
41
42
43
34
30
35
30
39
34
26
34
37
38
39
32
36
31
43
39
40
46
34
40
31
33
37
33
39
23
28
29
35
26
34
47
32
29
31
33
17
25
22
20
25
20
39
36
34
35
25
32
26
31
24
22
19
32
27
20
22
19
30
22
23
25
27
29
30
37
32
26
18
26
29
25
26
28
19
27
27
31
27
33
27
15
24
21
28
29
22
26
30
15
20
23
33
26
24
15
22
28
23
19
19
22
25
30
29
24
16
20
29
26
15
24
22
23
20
21
19
18
20
24
16
22
23
21
25
21
22
18
24
23
34
22
18
26
16
18
19
23
17
22
23
15
32
21
21
14
14
33
21
25
18
23
22
25
24
15
27
26
25
23
29
14
22
19
23
23
20
23
17
26
13
13
12
15
22
24
18
23
21
20
14
22
25
15
31
22
21
22
12
20
25
19
14
12
19
17
25
15
24
19
20
18
18
19
23
25
17
21
13
20
17
24
24
24
18
17
15
20
27
12
15
26
19
22
16
20
18
21
50
75
72
74
68
80
79
58
61
75
72
69
74
73
79
63
68
65
77
68
78
77
82
69
57
56
70
69
63
64
69
51
72
77
63
65
77
66
66
60
80
78
72
59
74
76
74
53
62
59
69
69
68
75
76
54
48
67
71
61
79
67
58
64
66
56
64
48
55
80
68
55
62
58
59
64
56
59
52
63
54
67
60
57
71
65
58
58
49
55
51
54
69
70
53
70
59
55
37
64
55
58
53
54
54
57
54
51
57
52
59
71
44
53
40
76
71
49
54
60
43
61
60
53
50
52
42
59
53
51
58
44
60
60
56
46
54
57
45
45
41
60
57
62
44
41
51
45
40
40
44
64
41
39
44
49
55
36
46
37
44
58
46
33
55
61
43
44
42
43
41
39
41
46
51
39
47
43
41
34
49
47
37
52
25
